5760,7000,9780,18830,20000,20960,21850,22840,24870,0,0,0,0,0,0,0,0,0,0,0
1750,15760,0,0,0,0,0,0,0,0,0,0,0,0,0,0,0,0,0,0
2480,6840,7950,8810,18450,19520,20930,22430,29210,0,0,0,0,0,0,0,0,0,0,0
1420,5640,15780,0,0,0,0,0,0,0,0,0,0,0,0,0,0,0,0,0
3700,5190,6610,20110,21180,23520,28940,0,0,0,0,0,0,0,0,0,0,0,0,0
2110,3310,4830,14040,16690,24520,0,0,0,0,0,0,0,0,0,0,0,0,0,0
1270,3580,5410,6500,9270,22440,0,0,0,0,0,0,0,0,0,0,0,0,0,0
7460,8400,12190,13940,17300,18050,19380,21760,0,0,0,0,0,0,0,0,0,0,0,0
8030,25200,0,0,0,0,0,0,0,0,0,0,0,0,0,0,0,0,0,0
1560,8010,0,0,0,0,0,0,0,0,0,0,0,0,0,0,0,0,0,0
2500,8090,9010,20960,21830,24270,26050,0,0,0,0,0,0,0,0,0,0,0,0,0
2070,18430,20360,22720,25190,0,0,0,0,0,0,0,0,0,0,0,0,0,0,0
1880,12540,27710,0,0,0,0,0,0,0,0,0,0,0,0,0,0,0,0,0
1320,4230,7620,0,0,0,0,0,0,0,0,0,0,0,0,0,0,0,0,0
2870,6350,13530,0,0,0,0,0,0,0,0,0,0,0,0,0,0,0,0,0
6000,16530,24210,27850,29160,0,0,0,0,0,0,0,0,0,0,0,0,0,0,0
6420,9340,18760,0,0,0,0,0,0,0,0,0,0,0,0,0,0,0,0,0
7530,18600,21530,27990,29450,0,0,0,0,0,0,0,0,0,0,0,0,0,0,0
940,7990,11120,12490,17530,25000,28890,0,0,0,0,0,0,0,0,0,0,0,0,0
2910,3940,5840,7030,11750,14910,17660,0,0,0,0,0,0,0,0,0,0,0,0,0
2090,4360,0,0,0,0,0,0,0,0,0,0,0,0,0,0,0,0,0,0
2010,7730,8410,20820,0,0,0,0,0,0,0,0,0,0,0,0,0,0,0,0
1990,12840,15820,19930,24830,0,0,0,0,0,0,0,0,0,0,0,0,0,0,0
7960,18690,21550,22310,24390,24740,26380,28330,0,0,0,0,0,0,0,0,0,0,0,0
4200,8120,16630,19840,28390,0,0,0,0,0,0,0,0,0,0,0,0,0,0,0
1110,3390,9230,10200,11950,18340,22080,26940,0,0,0,0,0,0,0,0,0,0,0,0
1980,6330,7710,11090,13270,14190,15520,22950,0,0,0,0,0,0,0,0,0,0,0,0
2890,4910,6000,16130,19120,20980,25590,0,0,0,0,0,0,0,0,0,0,0,0,0
2130,6340,17590,0,0,0,0,0,0,0,0,0,0,0,0,0,0,0,0,0
950,7520,8030,9070,10720,20870,25820,0,0,0,0,0,0,0,0,0,0,0,0,0
900,5180,12200,22280,0,0,0,0,0,0,0,0,0,0,0,0,0,0,0,0
2150,11300,17180,18440,20500,22410,24240,0,0,0,0,0,0,0,0,0,0,0,0,0
1420,2380,6710,7580,10360,12850,0,0,0,0,0,0,0,0,0,0,0,0,0,0
5110,13540,16490,20510,21540,22770,26390,0,0,0,0,0,0,0,0,0,0,0,0,0
8150,9390,23780,0,0,0,0,0,0,0,0,0,0,0,0,0,0,0,0,0
4370,6950,18520,0,0,0,0,0,0,0,0,0,0,0,0,0,0,0,0,0
2700,8760,10980,15280,0,0,0,0,0,0,0,0,0,0,0,0,0,0,0,0
2200,17560,18980,27680,0,0,0,0,0,0,0,0,0,0,0,0,0,0,0,0
1270,6830,8530,11980,24370,25810,0,0,0,0,0,0,0,0,0,0,0,0,0,0
1750,7600,15440,18000,19670,24860,27930,0,0,0,0,0,0,0,0,0,0,0,0,0
4270,7230,9800,11420,0,0,0,0,0,0,0,0,0,0,0,0,0,0,0,0
1540,3100,3580,11680,13860,21150,23670,25700,26880,0,0,0,0,0,0,0,0,0,0,0
6910,0,0,0,0,0,0,0,0,0,0,0,0,0,0,0,0,0,0,0
2240,4100,27070,0,0,0,0,0,0,0,0,0,0,0,0,0,0,0,0,0
4870,6880,16530,17530,19230,21840,0,0,0,0,0,0,0,0,0,0,0,0,0,0
4190,6040,8800,10390,13940,14950,16080,17310,18760,0,0,0,0,0,0,0,0,0,0,0
2450,6560,10970,12790,14100,15260,16110,19090,0,0,0,0,0,0,0,0,0,0,0,0
3820,5620,0,0,0,0,0,0,0,0,0,0,0,0,0,0,0,0,0,0
4640,10890,13420,16560,21480,26290,27990,0,0,0,0,0,0,0,0,0,0,0,0,0
1450,11710,14100,18930,21140,27390,29680,0,0,0,0,0,0,0,0,0,0,0,0,0
1070,6020,13160,21610,23010,25400,27790,0,0,0,0,0,0,0,0,0,0,0,0,0
7150,8580,9450,14100,15200,23450,24890,26080,27470,0,0,0,0,0,0,0,0,0,0,0
1440,10810,18740,21430,0,0,0,0,0,0,0,0,0,0,0,0,0,0,0,0
1850,3790,5850,0,0,0,0,0,0,0,0,0,0,0,0,0,0,0,0,0
7130,10090,11940,18260,21730,26130,28140,0,0,0,0,0,0,0,0,0,0,0,0,0
1030,1850,4850,9700,22180,25440,0,0,0,0,0,0,0,0,0,0,0,0,0,0
2230,8290,0,0,0,0,0,0,0,0,0,0,0,0,0,0,0,0,0,0
1110,2920,5890,7060,8700,9310,15650,0,0,0,0,0,0,0,0,0,0,0,0,0
3870,6200,11170,12920,13810,17520,0,0,0,0,0,0,0,0,0,0,0,0,0,0
9100,10830,16620,0,0,0,0,0,0,0,0,0,0,0,0,0,0,0,0,0
5100,5850,7540,16700,20280,22810,24350,28220,0,0,0,0,0,0,0,0,0,0,0,0
2660,9040,11190,19870,22800,24620,26870,28460,0,0,0,0,0,0,0,0,0,0,0,0
1050,3580,29770,0,0,0,0,0,0,0,0,0,0,0,0,0,0,0,0,0
1560,11180,14480,17500,21910,23950,27130,28860,0,0,0,0,0,0,0,0,0,0,0,0
1510,10870,14890,18710,24670,26230,0,0,0,0,0,0,0,0,0,0,0,0,0,0
3560,5300,6900,11260,18330,0,0,0,0,0,0,0,0,0,0,0,0,0,0,0
3220,7530,9930,10640,13430,18370,20530,21520,22610,0,0,0,0,0,0,0,0,0,0,0
2890,4090,4890,20200,0,0,0,0,0,0,0,0,0,0,0,0,0,0,0,0
1180,2370,3610,0,0,0,0,0,0,0,0,0,0,0,0,0,0,0,0,0
1190,4180,7900,9150,10500,12810,16570,21860,0,0,0,0,0,0,0,0,0,0,0,0
2110,2980,6610,8550,0,0,0,0,0,0,0,0,0,0,0,0,0,0,0,0
970,5050,6000,0,0,0,0,0,0,0,0,0,0,0,0,0,0,0,0,0
2530,19190,0,0,0,0,0,0,0,0,0,0,0,0,0,0,0,0,0,0
3320,4450,11110,13240,18350,22030,23280,24520,27330,0,0,0,0,0,0,0,0,0,0,0
820,4280,6000,22730,24940,29650,0,0,0,0,0,0,0,0,0,0,0,0,0,0
2420,5580,10710,12110,0,0,0,0,0,0,0,0,0,0,0,0,0,0,0,0
7010,10620,14550,16810,28280,0,0,0,0,0,0,0,0,0,0,0,0,0,0,0
2740,5100,8620,9490,0,0,0,0,0,0,0,0,0,0,0,0,0,0,0,0
3080,7900,10070,10890,0,0,0,0,0,0,0,0,0,0,0,0,0,0,0,0
4790,10370,18870,20600,22120,23920,25070,0,0,0,0,0,0,0,0,0,0,0,0,0
4430,10630,18870,20060,26710,0,0,0,0,0,0,0,0,0,0,0,0,0,0,0
2780,6140,8040,19640,22900,26070,27570,0,0,0,0,0,0,0,0,0,0,0,0,0
4480,6400,9190,12130,0,0,0,0,0,0,0,0,0,0,0,0,0,0,0,0
3330,5510,8460,19790,0,0,0,0,0,0,0,0,0,0,0,0,0,0,0,0
4180,5700,8800,11970,19640,24630,25890,28150,0,0,0,0,0,0,0,0,0,0,0,0
1970,13860,15900,17330,18950,28040,0,0,0,0,0,0,0,0,0,0,0,0,0,0
3960,6040,7750,12770,13640,15800,22560,28010,0,0,0,0,0,0,0,0,0,0,0,0
2210,4220,7710,11330,18240,20840,24350,0,0,0,0,0,0,0,0,0,0,0,0,0
2930,3760,6020,12240,13170,14350,18240,21880,0,0,0,0,0,0,0,0,0,0,0,0
1760,4900,5840,12150,23330,27680,29390,0,0,0,0,0,0,0,0,0,0,0,0,0
1660,5400,15130,21350,25500,27460,28680,0,0,0,0,0,0,0,0,0,0,0,0,0
1600,3940,6580,19480,22060,0,0,0,0,0,0,0,0,0,0,0,0,0,0,0
2180,6570,9580,11600,0,0,0,0,0,0,0,0,0,0,0,0,0,0,0,0
1920,4090,11640,15860,20450,26090,0,0,0,0,0,0,0,0,0,0,0,0,0,0
840,15400,18200,19460,24430,28060,29890,0,0,0,0,0,0,0,0,0,0,0,0,0
2910,9190,12040,0,0,0,0,0,0,0,0,0,0,0,0,0,0,0,0,0
1780,15850,20750,22300,0,0,0,0,0,0,0,0,0,0,0,0,0,0,0,0
770,4170,7170,11120,14410,17470,19220,20990,23060,0,0,0,0,0,0,0,0,0,0,0
4790,18620,20330,22750,0,0,0,0,0,0,0,0,0,0,0,0,0,0,0,0
1500,8310,27610,28410,0,0,0,0,0,0,0,0,0,0,0,0,0,0,0,0
1880,13910,15540,16510,17380,18550,23210,26870,27650,0,0,0,0,0,0,0,0,0,0,0
4650,15670,0,0,0,0,0,0,0,0,0,0,0,0,0,0,0,0,0,0
1830,5390,8320,10230,11930,13330,14450,18410,20120,0,0,0,0,0,0,0,0,0,0,0
4820,7900,13010,15840,0,0,0,0,0,0,0,0,0,0,0,0,0,0,0,0
3420,13420,14080,18400,23260,24510,0,0,0,0,0,0,0,0,0,0,0,0,0,0
2310,5240,12630,16300,0,0,0,0,0,0,0,0,0,0,0,0,0,0,0,0
1670,2680,4150,6830,10260,14790,16200,20160,25470,0,0,0,0,0,0,0,0,0,0,0
6220,8670,9400,14110,18330,19390,20990,26840,0,0,0,0,0,0,0,0,0,0,0,0
920,5570,16660,21010,22240,26800,0,0,0,0,0,0,0,0,0,0,0,0,0,0
710,4010,7370,0,0,0,0,0,0,0,0,0,0,0,0,0,0,0,0,0
2470,15820,29790,0,0,0,0,0,0,0,0,0,0,0,0,0,0,0,0,0
2940,12410,13730,22380,23860,28390,0,0,0,0,0,0,0,0,0,0,0,0,0,0
1540,10480,13030,14430,16390,20930,0,0,0,0,0,0,0,0,0,0,0,0,0,0
1280,2150,4910,6050,7410,9280,12930,15350,0,0,0,0,0,0,0,0,0,0,0,0
1800,4730,6920,8390,15680,28540,0,0,0,0,0,0,0,0,0,0,0,0,0,0
2420,12690,20030,0,0,0,0,0,0,0,0,0,0,0,0,0,0,0,0,0
4960,6450,13760,15040,16590,17940,19820,20500,25690,0,0,0,0,0,0,0,0,0,0,0
760,4040,5750,9570,25690,26630,28690,0,0,0,0,0,0,0,0,0,0,0,0,0
5570,10720,12510,17660,18800,19850,23820,26260,0,0,0,0,0,0,0,0,0,0,0,0
3080,5040,14700,17730,24870,25960,0,0,0,0,0,0,0,0,0,0,0,0,0,0
1450,3820,15530,17130,18330,21630,0,0,0,0,0,0,0,0,0,0,0,0,0,0
720,1370,6360,23890,26240,28210,0,0,0,0,0,0,0,0,0,0,0,0,0,0
1050,7160,10950,0,0,0,0,0,0,0,0,0,0,0,0,0,0,0,0,0
810,2520,5330,6990,12020,0,0,0,0,0,0,0,0,0,0,0,0,0,0,0
590,2000,2620,7240,8060,11040,18920,26740,28510,29920,0,0,0,0,0,0,0,0,0,0
4430,6150,7800,13780,27880,29910,0,0,0,0,0,0,0,0,0,0,0,0,0,0
3170,7640,13030,13360,14930,16330,21800,23030,28430,0,0,0,0,0,0,0,0,0,0,0
1460,4030,6320,8100,11360,14490,15850,0,0,0,0,0,0,0,0,0,0,0,0,0
1610,2870,4350,9930,11250,18660,20580,22050,25020,0,0,0,0,0,0,0,0,0,0,0
2460,18160,0,0,0,0,0,0,0,0,0,0,0,0,0,0,0,0,0,0
2370,3860,5300,7720,29580,0,0,0,0,0,0,0,0,0,0,0,0,0,0,0
2710,4130,6010,8090,17050,19690,22750,24610,25780,0,0,0,0,0,0,0,0,0,0,0
940,8530,14760,18490,21410,0,0,0,0,0,0,0,0,0,0,0,0,0,0,0
2230,5150,6410,7470,9310,27890,0,0,0,0,0,0,0,0,0,0,0,0,0,0
1260,2990,5400,6630,16380,19420,28720,0,0,0,0,0,0,0,0,0,0,0,0,0
760,12420,27760,0,0,0,0,0,0,0,0,0,0,0,0,0,0,0,0,0
2420,10360,12060,13990,17370,20140,21170,21930,23370,0,0,0,0,0,0,0,0,0,0,0
1930,3230,4810,15430,17290,17950,0,0,0,0,0,0,0,0,0,0,0,0,0,0
530,2620,20610,28110,0,0,0,0,0,0,0,0,0,0,0,0,0,0,0,0
1740,10460,14040,0,0,0,0,0,0,0,0,0,0,0,0,0,0,0,0,0
780,8990,11130,14320,16070,18100,19760,22660,29290,0,0,0,0,0,0,0,0,0,0,0
3830,7150,12650,20800,0,0,0,0,0,0,0,0,0,0,0,0,0,0,0,0
3970,17630,22170,28150,0,0,0,0,0,0,0,0,0,0,0,0,0,0,0,0
3030,6330,10400,16540,0,0,0,0,0,0,0,0,0,0,0,0,0,0,0,0
1860,4950,13790,17440,20160,23100,27630,0,0,0,0,0,0,0,0,0,0,0,0,0
1890,8410,13020,15160,16880,20990,23640,0,0,0,0,0,0,0,0,0,0,0,0,0
670,3900,5330,8620,17990,19350,21070,22440,25550,0,0,0,0,0,0,0,0,0,0,0
1460,4090,6980,22620,26920,0,0,0,0,0,0,0,0,0,0,0,0,0,0,0
1910,6880,15940,21900,22810,24940,28150,0,0,0,0,0,0,0,0,0,0,0,0,0
5160,6780,19470,0,0,0,0,0,0,0,0,0,0,0,0,0,0,0,0,0
790,4500,6460,10160,13000,16180,19560,22930,0,0,0,0,0,0,0,0,0,0,0,0
1560,4650,17680,22830,28490,0,0,0,0,0,0,0,0,0,0,0,0,0,0,0
3200,15770,19080,20330,0,0,0,0,0,0,0,0,0,0,0,0,0,0,0,0
1260,16080,19980,25220,26010,27140,0,0,0,0,0,0,0,0,0,0,0,0,0,0
1680,13960,14580,15240,19710,21360,25180,28300,0,0,0,0,0,0,0,0,0,0,0,0
990,6570,7290,10580,16910,0,0,0,0,0,0,0,0,0,0,0,0,0,0,0
2440,4090,7490,10160,14800,0,0,0,0,0,0,0,0,0,0,0,0,0,0,0
1180,6880,12580,13640,14510,19920,27010,0,0,0,0,0,0,0,0,0,0,0,0,0
4490,15190,28810,0,0,0,0,0,0,0,0,0,0,0,0,0,0,0,0,0
880,1750,3200,9210,10790,12920,16090,17510,20210,23880,0,0,0,0,0,0,0,0,0,0
2330,5080,18690,20860,0,0,0,0,0,0,0,0,0,0,0,0,0,0,0,0
1800,9870,27880,0,0,0,0,0,0,0,0,0,0,0,0,0,0,0,0,0
4260,6350,12690,27140,28910,0,0,0,0,0,0,0,0,0,0,0,0,0,0,0
2630,3540,12620,16580,21100,0,0,0,0,0,0,0,0,0,0,0,0,0,0,0
7280,13750,15730,20590,22470,25500,26930,0,0,0,0,0,0,0,0,0,0,0,0,0
2190,20180,24160,26600,28740,0,0,0,0,0,0,0,0,0,0,0,0,0,0,0
1960,0,0,0,0,0,0,0,0,0,0,0,0,0,0,0,0,0,0,0
1790,12670,15150,17330,29390,0,0,0,0,0,0,0,0,0,0,0,0,0,0,0
2800,11650,0,0,0,0,0,0,0,0,0,0,0,0,0,0,0,0,0,0
3170,6250,19520,22900,23940,25420,29080,0,0,0,0,0,0,0,0,0,0,0,0,0
1220,4170,11180,27650,28870,0,0,0,0,0,0,0,0,0,0,0,0,0,0,0
4500,7110,10310,11890,14920,19520,21150,22510,23810,0,0,0,0,0,0,0,0,0,0,0
3270,6330,7810,10230,0,0,0,0,0,0,0,0,0,0,0,0,0,0,0,0
2690,7380,0,0,0,0,0,0,0,0,0,0,0,0,0,0,0,0,0,0
2450,6350,8210,17560,0,0,0,0,0,0,0,0,0,0,0,0,0,0,0,0
2070,3200,5360,9570,10510,12990,13660,16150,21530,0,0,0,0,0,0,0,0,0,0,0
4710,18330,18690,24560,0,0,0,0,0,0,0,0,0,0,0,0,0,0,0,0
2240,6210,15120,27890,0,0,0,0,0,0,0,0,0,0,0,0,0,0,0,0
1070,3850,8300,10460,26100,26740,0,0,0,0,0,0,0,0,0,0,0,0,0,0
2280,4830,5540,14660,0,0,0,0,0,0,0,0,0,0,0,0,0,0,0,0
750,1600,13670,23780,26700,0,0,0,0,0,0,0,0,0,0,0,0,0,0,0
5600,10450,13100,14740,21760,22610,0,0,0,0,0,0,0,0,0,0,0,0,0,0
4860,9160,11390,14160,25220,0,0,0,0,0,0,0,0,0,0,0,0,0,0,0
3850,6630,8710,16030,0,0,0,0,0,0,0,0,0,0,0,0,0,0,0,0
4460,5480,7760,11760,24580,26520,0,0,0,0,0,0,0,0,0,0,0,0,0,0
1850,18330,20850,0,0,0,0,0,0,0,0,0,0,0,0,0,0,0,0,0
1590,7680,10860,15620,17510,22620,29660,0,0,0,0,0,0,0,0,0,0,0,0,0
1830,5950,0,0,0,0,0,0,0,0,0,0,0,0,0,0,0,0,0,0
1920,4610,7280,9500,20200,21620,29840,0,0,0,0,0,0,0,0,0,0,0,0,0
4250,5950,7550,10010,11530,18420,0,0,0,0,0,0,0,0,0,0,0,0,0,0
3150,5260,9570,11930,20960,28530,0,0,0,0,0,0,0,0,0,0,0,0,0,0
1170,2850,4670,6590,15120,16740,22130,0,0,0,0,0,0,0,0,0,0,0,0,0
1290,7810,9460,14180,15520,17390,19250,19730,0,0,0,0,0,0,0,0,0,0,0,0
1770,4270,6630,9450,17260,18230,20750,22510,0,0,0,0,0,0,0,0,0,0,0,0
3050,8170,9040,11170,15370,0,0,0,0,0,0,0,0,0,0,0,0,0,0,0
1990,4860,6590,23350,29990,0,0,0,0,0,0,0,0,0,0,0,0,0,0,0
2900,9580,11750,15860,16690,20890,26820,29930,0,0,0,0,0,0,0,0,0,0,0,0
3560,4440,8250,13980,19360,20940,25600,28760,0,0,0,0,0,0,0,0,0,0,0,0
1080,3820,4740,5980,11030,12240,13360,0,0,0,0,0,0,0,0,0,0,0,0,0
8020,11010,0,0,0,0,0,0,0,0,0,0,0,0,0,0,0,0,0,0
3720,5280,17670,21670,24000,28990,0,0,0,0,0,0,0,0,0,0,0,0,0,0
5970,8930,14890,22650,27360,0,0,0,0,0,0,0,0,0,0,0,0,0,0,0
4590,28100,0,0,0,0,0,0,0,0,0,0,0,0,0,0,0,0,0,0
1830,4500,9810,20810,26020,29290,0,0,0,0,0,0,0,0,0,0,0,0,0,0
2320,9340,11080,18740,24490,29810,0,0,0,0,0,0,0,0,0,0,0,0,0,0
1040,3860,5660,6720,11610,13430,17270,29360,0,0,0,0,0,0,0,0,0,0,0,0
1060,12640,18140,22760,0,0,0,0,0,0,0,0,0,0,0,0,0,0,0,0
1800,2860,8450,12710,18480,20210,24270,27240,29560,0,0,0,0,0,0,0,0,0,0,0
400,1090,2870,0,0,0,0,0,0,0,0,0,0,0,0,0,0,0,0,0
1360,2920,4440,10500,0,0,0,0,0,0,0,0,0,0,0,0,0,0,0,0
1850,6250,7890,10330,12040,15490,18690,27020,29790,0,0,0,0,0,0,0,0,0,0,0
2130,10770,20380,0,0,0,0,0,0,0,0,0,0,0,0,0,0,0,0,0
6440,12400,0,0,0,0,0,0,0,0,0,0,0,0,0,0,0,0,0,0
1490,2260,10450,0,0,0,0,0,0,0,0,0,0,0,0,0,0,0,0,0
4130,7840,11920,15040,16090,18740,23940,26450,0,0,0,0,0,0,0,0,0,0,0,0
1840,8480,11440,12710,15280,27400,29150,0,0,0,0,0,0,0,0,0,0,0,0,0
3880,4860,8200,19600,22860,27840,0,0,0,0,0,0,0,0,0,0,0,0,0,0
3040,6050,6860,13410,15550,18190,20050,21670,0,0,0,0,0,0,0,0,0,0,0,0
6250,7380,15350,0,0,0,0,0,0,0,0,0,0,0,0,0,0,0,0,0
1860,7900,16890,17670,20960,28280,0,0,0,0,0,0,0,0,0,0,0,0,0,0
5000,9260,11520,18830,0,0,0,0,0,0,0,0,0,0,0,0,0,0,0,0
3330,7030,8330,20840,23260,25020,28270,0,0,0,0,0,0,0,0,0,0,0,0,0
1210,5700,13110,16800,18170,22110,0,0,0,0,0,0,0,0,0,0,0,0,0,0
1600,0,0,0,0,0,0,0,0,0,0,0,0,0,0,0,0,0,0,0
1400,1970,4210,5280,10330,0,0,0,0,0,0,0,0,0,0,0,0,0,0,0
3440,7260,0,0,0,0,0,0,0,0,0,0,0,0,0,0,0,0,0,0
2970,5710,7500,8850,10700,14230,26270,29490,0,0,0,0,0,0,0,0,0,0,0,0
2720,5080,10430,0,0,0,0,0,0,0,0,0,0,0,0,0,0,0,0,0
2700,5430,7660,15330,23480,0,0,0,0,0,0,0,0,0,0,0,0,0,0,0
2170,4390,5850,9230,13710,17950,21990,29820,0,0,0,0,0,0,0,0,0,0,0,0
3460,5420,6540,20010,25210,0,0,0,0,0,0,0,0,0,0,0,0,0,0,0
3220,6840,21740,24730,0,0,0,0,0,0,0,0,0,0,0,0,0,0,0,0
840,3180,3900,8690,11820,15630,17240,0,0,0,0,0,0,0,0,0,0,0,0,0
2700,6500,0,0,0,0,0,0,0,0,0,0,0,0,0,0,0,0,0,0
23500,24940,26390,0,0,0,0,0,0,0,0,0,0,0,0,0,0,0,0,0
3970,5150,5980,10070,25720,0,0,0,0,0,0,0,0,0,0,0,0,0,0,0
2690,12240,18990,21530,25430,27140,28810,0,0,0,0,0,0,0,0,0,0,0,0,0
2000,3260,6840,8780,15900,17620,26390,0,0,0,0,0,0,0,0,0,0,0,0,0
3070,7150,10420,11460,12640,14350,16440,17290,18930,23070,0,0,0,0,0,0,0,0,0,0
3000,6900,0,0,0,0,0,0,0,0,0,0,0,0,0,0,0,0,0,0
2250,8510,11060,22380,23360,24030,0,0,0,0,0,0,0,0,0,0,0,0,0,0
3140,9200,14810,21110,0,0,0,0,0,0,0,0,0,0,0,0,0,0,0,0
2830,4450,12050,13470,20920,0,0,0,0,0,0,0,0,0,0,0,0,0,0,0
930,2940,5650,7370,11090,29670,0,0,0,0,0,0,0,0,0,0,0,0,0,0
4380,5580,11610,29230,0,0,0,0,0,0,0,0,0,0,0,0,0,0,0,0
2350,24250,25890,26990,0,0,0,0,0,0,0,0,0,0,0,0,0,0,0,0
2040,4450,7870,10120,13920,20070,0,0,0,0,0,0,0,0,0,0,0,0,0,0
2810,5070,9140,12570,16640,0,0,0,0,0,0,0,0,0,0,0,0,0,0,0
3420,8280,10110,12250,15260,19160,21070,0,0,0,0,0,0,0,0,0,0,0,0,0
2810,12710,15630,18150,19120,20020,26300,27330,0,0,0,0,0,0,0,0,0,0,0,0
2110,6150,7710,9340,12580,14370,21030,23230,28190,0,0,0,0,0,0,0,0,0,0,0
1770,4360,5940,7940,10590,11810,13470,17940,23780,0,0,0,0,0,0,0,0,0,0,0
1970,3210,4680,6400,11320,12340,15530,17120,23300,0,0,0,0,0,0,0,0,0,0,0
3090,4520,7740,10400,13160,0,0,0,0,0,0,0,0,0,0,0,0,0,0,0
2900,7570,9450,11320,15620,20570,0,0,0,0,0,0,0,0,0,0,0,0,0,0
1810,4150,7130,14860,19560,23070,0,0,0,0,0,0,0,0,0,0,0,0,0,0
1830,4570,0,0,0,0,0,0,0,0,0,0,0,0,0,0,0,0,0,0
2410,3700,9610,27500,29880,0,0,0,0,0,0,0,0,0,0,0,0,0,0,0
1040,7140,9740,12290,26110,27270,29780,0,0,0,0,0,0,0,0,0,0,0,0,0
1260,5620,10460,17630,0,0,0,0,0,0,0,0,0,0,0,0,0,0,0,0
960,3700,7010,0,0,0,0,0,0,0,0,0,0,0,0,0,0,0,0,0
3970,7860,15940,0,0,0,0,0,0,0,0,0,0,0,0,0,0,0,0,0
2460,6660,8490,11810,13200,14550,15370,20670,0,0,0,0,0,0,0,0,0,0,0,0
3830,5680,11000,19850,22200,0,0,0,0,0,0,0,0,0,0,0,0,0,0,0
6270,16980,25980,29290,0,0,0,0,0,0,0,0,0,0,0,0,0,0,0,0
1800,3270,4680,12320,15750,18800,21120,23850,0,0,0,0,0,0,0,0,0,0,0,0
6400,7710,14480,21380,0,0,0,0,0,0,0,0,0,0,0,0,0,0,0,0
860,4120,7780,0,0,0,0,0,0,0,0,0,0,0,0,0,0,0,0,0
980,4080,9970,12520,13440,18590,0,0,0,0,0,0,0,0,0,0,0,0,0,0
4680,11230,15290,19190,20680,22560,27500,0,0,0,0,0,0,0,0,0,0,0,0,0
2850,5190,8500,10910,21690,24950,0,0,0,0,0,0,0,0,0,0,0,0,0,0
4490,5690,7260,9810,11250,14260,16690,21020,0,0,0,0,0,0,0,0,0,0,0,0
1120,4320,15850,0,0,0,0,0,0,0,0,0,0,0,0,0,0,0,0,0
2390,7040,20680,0,0,0,0,0,0,0,0,0,0,0,0,0,0,0,0,0
2190,2960,5040,7920,13260,14500,21550,22620,0,0,0,0,0,0,0,0,0,0,0,0
1660,12010,13620,0,0,0,0,0,0,0,0,0,0,0,0,0,0,0,0,0
1910,14700,16540,19800,0,0,0,0,0,0,0,0,0,0,0,0,0,0,0,0
4260,7200,8680,0,0,0,0,0,0,0,0,0,0,0,0,0,0,0,0,0
5150,11820,20020,21650,24300,25470,0,0,0,0,0,0,0,0,0,0,0,0,0,0
3740,5580,9630,13790,14780,24240,0,0,0,0,0,0,0,0,0,0,0,0,0,0
4960,8160,10380,11250,13230,24970,0,0,0,0,0,0,0,0,0,0,0,0,0,0
6290,10590,13830,18580,26080,27950,0,0,0,0,0,0,0,0,0,0,0,0,0,0
3150,4070,19080,22270,24800,25640,0,0,0,0,0,0,0,0,0,0,0,0,0,0
2320,14800,20460,24540,28300,0,0,0,0,0,0,0,0,0,0,0,0,0,0,0
2330,12560,0,0,0,0,0,0,0,0,0,0,0,0,0,0,0,0,0,0
1040,3820,12060,13390,16940,19690,0,0,0,0,0,0,0,0,0,0,0,0,0,0
2120,25190,0,0,0,0,0,0,0,0,0,0,0,0,0,0,0,0,0,0
2510,5200,11590,22490,24400,29150,0,0,0,0,0,0,0,0,0,0,0,0,0,0
1830,3040,19620,21680,23420,28520,0,0,0,0,0,0,0,0,0,0,0,0,0,0
1510,15960,20250,21300,25170,0,0,0,0,0,0,0,0,0,0,0,0,0,0,0
2450,3990,7250,21530,0,0,0,0,0,0,0,0,0,0,0,0,0,0,0,0
1660,3280,5200,11850,13760,15260,19050,20260,0,0,0,0,0,0,0,0,0,0,0,0
3820,23320,29050,0,0,0,0,0,0,0,0,0,0,0,0,0,0,0,0,0
1120,2460,15640,18490,21990,23610,26730,28620,0,0,0,0,0,0,0,0,0,0,0,0
3010,7620,10160,12220,28980,0,0,0,0,0,0,0,0,0,0,0,0,0,0,0
3210,5100,8340,29520,0,0,0,0,0,0,0,0,0,0,0,0,0,0,0,0
3040,9200,11090,22160,0,0,0,0,0,0,0,0,0,0,0,0,0,0,0,0
1140,7010,10350,12990,22640,24580,27120,0,0,0,0,0,0,0,0,0,0,0,0,0
1370,3070,4710,16250,21510,24020,26170,0,0,0,0,0,0,0,0,0,0,0,0,0
520,1800,5340,8650,19430,21150,25040,28680,0,0,0,0,0,0,0,0,0,0,0,0
1590,6750,17010,20540,21810,24360,27430,0,0,0,0,0,0,0,0,0,0,0,0,0
2690,5250,8160,10820,13550,14560,29170,29790,0,0,0,0,0,0,0,0,0,0,0,0
1630,4180,7120,13000,0,0,0,0,0,0,0,0,0,0,0,0,0,0,0,0
2340,6170,10290,18120,21780,22400,25470,28520,0,0,0,0,0,0,0,0,0,0,0,0
1290,14660,18020,0,0,0,0,0,0,0,0,0,0,0,0,0,0,0,0,0
5640,14290,16940,0,0,0,0,0,0,0,0,0,0,0,0,0,0,0,0,0
830,18390,20850,0,0,0,0,0,0,0,0,0,0,0,0,0,0,0,0,0
3430,6780,8930,11380,13090,17970,0,0,0,0,0,0,0,0,0,0,0,0,0,0
3710,6260,8360,12730,15360,18090,0,0,0,0,0,0,0,0,0,0,0,0,0,0
3240,12590,17380,19220,20590,28340,0,0,0,0,0,0,0,0,0,0,0,0,0,0
1970,4930,16380,20570,0,0,0,0,0,0,0,0,0,0,0,0,0,0,0,0
4890,10940,0,0,0,0,0,0,0,0,0,0,0,0,0,0,0,0,0,0
2950,9920,19240,21050,0,0,0,0,0,0,0,0,0,0,0,0,0,0,0,0
2790,5530,15090,20810,23610,0,0,0,0,0,0,0,0,0,0,0,0,0,0,0
1210,2440,5740,12090,15040,16150,21890,0,0,0,0,0,0,0,0,0,0,0,0,0
1440,4910,6920,9310,17770,19880,27190,0,0,0,0,0,0,0,0,0,0,0,0,0
2760,6940,13490,0,0,0,0,0,0,0,0,0,0,0,0,0,0,0,0,0
1220,4740,7910,10190,11750,17850,24080,25660,26860,0,0,0,0,0,0,0,0,0,0,0
1710,12010,16790,22950,0,0,0,0,0,0,0,0,0,0,0,0,0,0,0,0
4050,23530,25620,0,0,0,0,0,0,0,0,0,0,0,0,0,0,0,0,0
11030,17720,0,0,0,0,0,0,0,0,0,0,0,0,0,0,0,0,0,0
2840,3470,10560,15950,16850,19310,21170,22060,0,0,0,0,0,0,0,0,0,0,0,0
5850,7010,9040,16700,0,0,0,0,0,0,0,0,0,0,0,0,0,0,0,0
9000,11350,14560,16970,20910,22970,23830,24970,0,0,0,0,0,0,0,0,0,0,0,0
1330,2420,12480,0,0,0,0,0,0,0,0,0,0,0,0,0,0,0,0,0
3830,6720,18480,0,0,0,0,0,0,0,0,0,0,0,0,0,0,0,0,0
1890,4910,6060,18640,21820,0,0,0,0,0,0,0,0,0,0,0,0,0,0,0
860,2450,5730,7360,9600,11020,18300,21430,23570,0,0,0,0,0,0,0,0,0,0,0
2940,19800,24410,0,0,0,0,0,0,0,0,0,0,0,0,0,0,0,0,0
2590,4140,15120,18870,23190,0,0,0,0,0,0,0,0,0,0,0,0,0,0,0
1530,5990,9550,0,0,0,0,0,0,0,0,0,0,0,0,0,0,0,0,0
3430,7760,17340,18650,24050,27040,28040,0,0,0,0,0,0,0,0,0,0,0,0,0
1290,4430,4970,7200,12480,0,0,0,0,0,0,0,0,0,0,0,0,0,0,0
2140,3410,7560,0,0,0,0,0,0,0,0,0,0,0,0,0,0,0,0,0
1290,4550,6420,9080,14440,17210,0,0,0,0,0,0,0,0,0,0,0,0,0,0
4880,6510,9250,9940,13090,0,0,0,0,0,0,0,0,0,0,0,0,0,0,0
2360,16220,17520,20970,23740,25450,0,0,0,0,0,0,0,0,0,0,0,0,0,0
1470,7110,8030,11910,0,0,0,0,0,0,0,0,0,0,0,0,0,0,0,0
7170,11090,11930,15030,16890,18510,19870,21460,26880,28960,0,0,0,0,0,0,0,0,0,0
2020,13650,25380,27980,0,0,0,0,0,0,0,0,0,0,0,0,0,0,0,0
2300,8620,12740,14250,23150,25650,28770,0,0,0,0,0,0,0,0,0,0,0,0,0
3220,4180,8850,0,0,0,0,0,0,0,0,0,0,0,0,0,0,0,0,0
2510,3660,8010,24730,0,0,0,0,0,0,0,0,0,0,0,0,0,0,0,0
2130,5800,7750,9000,10620,24520,0,0,0,0,0,0,0,0,0,0,0,0,0,0
2600,5860,10420,11030,13990,16450,20800,0,0,0,0,0,0,0,0,0,0,0,0,0
1280,5240,14600,25140,28840,0,0,0,0,0,0,0,0,0,0,0,0,0,0,0
1760,5470,7600,8890,10810,13190,16080,17800,20680,25700,0,0,0,0,0,0,0,0,0,0
1050,9370,11580,13530,15670,0,0,0,0,0,0,0,0,0,0,0,0,0,0,0
2010,4620,5730,7410,28360,0,0,0,0,0,0,0,0,0,0,0,0,0,0,0
2200,13150,18760,22950,0,0,0,0,0,0,0,0,0,0,0,0,0,0,0,0
880,2880,0,0,0,0,0,0,0,0,0,0,0,0,0,0,0,0,0,0
2410,4250,7210,14690,25660,28450,0,0,0,0,0,0,0,0,0,0,0,0,0,0
880,2960,5430,0,0,0,0,0,0,0,0,0,0,0,0,0,0,0,0,0
1450,25570,29650,0,0,0,0,0,0,0,0,0,0,0,0,0,0,0,0,0
1010,8580,17560,18470,25640,27480,0,0,0,0,0,0,0,0,0,0,0,0,0,0
1110,3730,4720,13730,24150,25960,27010,28270,0,0,0,0,0,0,0,0,0,0,0,0
1880,8810,9970,12000,15720,16720,20620,0,0,0,0,0,0,0,0,0,0,0,0,0
2600,10770,12180,13390,19580,23830,0,0,0,0,0,0,0,0,0,0,0,0,0,0
3290,5930,11300,15500,0,0,0,0,0,0,0,0,0,0,0,0,0,0,0,0
1740,5530,6560,8360,0,0,0,0,0,0,0,0,0,0,0,0,0,0,0,0
1530,3500,5980,9190,11930,13760,14920,21850,0,0,0,0,0,0,0,0,0,0,0,0
1260,6800,7730,15300,21330,22450,0,0,0,0,0,0,0,0,0,0,0,0,0,0
850,3830,8700,9900,13570,15560,16430,20780,24800,0,0,0,0,0,0,0,0,0,0,0
1760,2710,5430,7740,10320,17490,18350,22230,27070,0,0,0,0,0,0,0,0,0,0,0
3940,6100,0,0,0,0,0,0,0,0,0,0,0,0,0,0,0,0,0,0
3930,8230,16930,20690,24190,24690,27380,0,0,0,0,0,0,0,0,0,0,0,0,0
2890,3890,6110,8230,9110,14000,17030,0,0,0,0,0,0,0,0,0,0,0,0,0
3450,10330,15360,17120,17870,19460,21390,22480,29740,0,0,0,0,0,0,0,0,0,0,0
1450,3790,9580,11380,15690,0,0,0,0,0,0,0,0,0,0,0,0,0,0,0
960,3390,7070,7890,9520,11170,14770,19080,23380,0,0,0,0,0,0,0,0,0,0,0
2930,4280,7000,10120,10940,12020,13680,16600,18670,22010,0,0,0,0,0,0,0,0,0,0
4330,8400,16500,19240,24910,27380,0,0,0,0,0,0,0,0,0,0,0,0,0,0
1730,3700,11360,15320,20570,0,0,0,0,0,0,0,0,0,0,0,0,0,0,0
2720,5380,6810,8080,14050,18700,22790,0,0,0,0,0,0,0,0,0,0,0,0,0
4370,5300,9900,0,0,0,0,0,0,0,0,0,0,0,0,0,0,0,0,0
3090,6720,8270,14770,29730,0,0,0,0,0,0,0,0,0,0,0,0,0,0,0
5060,7560,9390,10990,12120,15470,17960,19260,23490,0,0,0,0,0,0,0,0,0,0,0
760,2430,13310,20210,21280,22060,27610,0,0,0,0,0,0,0,0,0,0,0,0,0
5770,13090,16830,17920,0,0,0,0,0,0,0,0,0,0,0,0,0,0,0,0
870,2580,28710,0,0,0,0,0,0,0,0,0,0,0,0,0,0,0,0,0
2950,4380,7890,10840,17650,18990,20950,24460,27030,0,0,0,0,0,0,0,0,0,0,0
2480,6950,12520,28850,29660,0,0,0,0,0,0,0,0,0,0,0,0,0,0,0
2330,17070,19010,21880,0,0,0,0,0,0,0,0,0,0,0,0,0,0,0,0
1450,8670,11130,12930,14900,25210,0,0,0,0,0,0,0,0,0,0,0,0,0,0
2000,3200,5430,7890,8920,13580,14180,0,0,0,0,0,0,0,0,0,0,0,0,0
5830,7630,14110,15730,17960,19520,21190,0,0,0,0,0,0,0,0,0,0,0,0,0
4040,9080,16760,21690,24260,25100,27610,29550,0,0,0,0,0,0,0,0,0,0,0,0
2720,11480,16950,18500,0,0,0,0,0,0,0,0,0,0,0,0,0,0,0,0
4660,8030,10030,11870,0,0,0,0,0,0,0,0,0,0,0,0,0,0,0,0
1440,3340,7900,14690,23680,25370,26080,27280,28750,0,0,0,0,0,0,0,0,0,0,0
2040,6600,9280,10660,11150,19790,22850,0,0,0,0,0,0,0,0,0,0,0,0,0
5580,8550,16200,17100,26240,0,0,0,0,0,0,0,0,0,0,0,0,0,0,0
3080,5320,11870,15040,17700,25000,26210,29150,0,0,0,0,0,0,0,0,0,0,0,0
4060,16510,19950,23140,24070,26890,0,0,0,0,0,0,0,0,0,0,0,0,0,0
1480,2810,29630,0,0,0,0,0,0,0,0,0,0,0,0,0,0,0,0,0
1990,4170,5480,7270,8590,19910,0,0,0,0,0,0,0,0,0,0,0,0,0,0
3500,13870,15920,17300,0,0,0,0,0,0,0,0,0,0,0,0,0,0,0,0
2950,5250,6530,10250,27100,0,0,0,0,0,0,0,0,0,0,0,0,0,0,0
4880,5770,10670,24680,26620,27620,0,0,0,0,0,0,0,0,0,0,0,0,0,0
2690,9990,14090,28170,0,0,0,0,0,0,0,0,0,0,0,0,0,0,0,0
1810,3430,5560,6920,10160,13520,19470,24450,28160,29720,0,0,0,0,0,0,0,0,0,0
2800,7910,11980,0,0,0,0,0,0,0,0,0,0,0,0,0,0,0,0,0
2930,15390,24290,0,0,0,0,0,0,0,0,0,0,0,0,0,0,0,0,0
880,3420,10060,11330,16420,0,0,0,0,0,0,0,0,0,0,0,0,0,0,0
4200,5220,8690,19740,21680,24010,27420,0,0,0,0,0,0,0,0,0,0,0,0,0
2590,9260,11050,15540,0,0,0,0,0,0,0,0,0,0,0,0,0,0,0,0
2180,19630,24400,25070,0,0,0,0,0,0,0,0,0,0,0,0,0,0,0,0
5590,8070,11050,12320,15230,21050,21690,0,0,0,0,0,0,0,0,0,0,0,0,0
2900,4850,8930,18730,23470,26120,29870,0,0,0,0,0,0,0,0,0,0,0,0,0
1850,14260,16140,18120,25560,0,0,0,0,0,0,0,0,0,0,0,0,0,0,0
3850,5740,6970,13960,24640,27940,28990,0,0,0,0,0,0,0,0,0,0,0,0,0
3110,5080,13110,16340,17420,19860,21190,0,0,0,0,0,0,0,0,0,0,0,0,0
3410,12710,18900,20350,21730,0,0,0,0,0,0,0,0,0,0,0,0,0,0,0
4780,7390,8740,10020,11580,22600,24780,26940,28140,0,0,0,0,0,0,0,0,0,0,0
4350,7540,20170,21410,0,0,0,0,0,0,0,0,0,0,0,0,0,0,0,0
1960,4900,8790,19970,21110,24810,29210,0,0,0,0,0,0,0,0,0,0,0,0,0
2750,5090,6940,27830,29410,0,0,0,0,0,0,0,0,0,0,0,0,0,0,0
2440,9070,19010,21210,23070,0,0,0,0,0,0,0,0,0,0,0,0,0,0,0
750,6590,23580,0,0,0,0,0,0,0,0,0,0,0,0,0,0,0,0,0
2790,7220,11930,18460,20750,24810,27510,0,0,0,0,0,0,0,0,0,0,0,0,0
2020,3990,6320,10780,12660,13900,22860,24430,0,0,0,0,0,0,0,0,0,0,0,0
4060,5080,15780,0,0,0,0,0,0,0,0,0,0,0,0,0,0,0,0,0
2420,18590,21550,23740,0,0,0,0,0,0,0,0,0,0,0,0,0,0,0,0
1990,4640,7330,8930,11130,16620,18350,0,0,0,0,0,0,0,0,0,0,0,0,0
2010,9580,15990,0,0,0,0,0,0,0,0,0,0,0,0,0,0,0,0,0
540,2350,12850,25570,28770,0,0,0,0,0,0,0,0,0,0,0,0,0,0,0
4230,5880,7290,14900,17220,20630,22950,28390,0,0,0,0,0,0,0,0,0,0,0,0
1100,3940,5220,8150,13720,23540,0,0,0,0,0,0,0,0,0,0,0,0,0,0
2200,6890,7810,18570,20960,23830,25080,0,0,0,0,0,0,0,0,0,0,0,0,0
2790,14710,17790,22230,23640,0,0,0,0,0,0,0,0,0,0,0,0,0,0,0
5360,8540,16960,0,0,0,0,0,0,0,0,0,0,0,0,0,0,0,0,0
1060,8340,13240,16510,19880,22010,25010,27720,0,0,0,0,0,0,0,0,0,0,0,0
1400,2530,8710,0,0,0,0,0,0,0,0,0,0,0,0,0,0,0,0,0
830,3860,5600,7970,10090,0,0,0,0,0,0,0,0,0,0,0,0,0,0,0
2590,6690,8640,10550,15240,16010,17550,21970,0,0,0,0,0,0,0,0,0,0,0,0
1930,12940,14830,18450,24520,25360,26450,29210,0,0,0,0,0,0,0,0,0,0,0,0
1540,5350,18270,24050,26800,27970,0,0,0,0,0,0,0,0,0,0,0,0,0,0
2470,4710,5640,6560,0,0,0,0,0,0,0,0,0,0,0,0,0,0,0,0
1450,7080,9310,12280,17110,17710,22990,27640,0,0,0,0,0,0,0,0,0,0,0,0
6150,7990,15980,27120,0,0,0,0,0,0,0,0,0,0,0,0,0,0,0,0
950,25030,0,0,0,0,0,0,0,0,0,0,0,0,0,0,0,0,0,0
4000,5220,17190,20830,25660,26200,0,0,0,0,0,0,0,0,0,0,0,0,0,0
2650,12490,19300,19870,0,0,0,0,0,0,0,0,0,0,0,0,0,0,0,0
930,4370,6870,29910,0,0,0,0,0,0,0,0,0,0,0,0,0,0,0,0
2630,3270,9860,20030,23210,24530,0,0,0,0,0,0,0,0,0,0,0,0,0,0
2890,4190,14110,21590,28460,0,0,0,0,0,0,0,0,0,0,0,0,0,0,0
2490,8350,15300,0,0,0,0,0,0,0,0,0,0,0,0,0,0,0,0,0
5250,8620,13890,0,0,0,0,0,0,0,0,0,0,0,0,0,0,0,0,0
9130,16470,18270,20820,24140,28990,0,0,0,0,0,0,0,0,0,0,0,0,0,0
3040,5560,8760,17130,19230,22170,0,0,0,0,0,0,0,0,0,0,0,0,0,0
930,5390,9250,10760,13510,19930,23750,25390,27910,0,0,0,0,0,0,0,0,0,0,0
3130,4070,8780,20140,27590,0,0,0,0,0,0,0,0,0,0,0,0,0,0,0
4660,11100,14470,0,0,0,0,0,0,0,0,0,0,0,0,0,0,0,0,0
3170,4480,5870,0,0,0,0,0,0,0,0,0,0,0,0,0,0,0,0,0
5500,7780,9510,11090,14270,14880,16150,26330,28750,0,0,0,0,0,0,0,0,0,0,0
800,7130,12070,15470,18460,25220,0,0,0,0,0,0,0,0,0,0,0,0,0,0
8120,9840,12090,16820,20170,21120,23680,0,0,0,0,0,0,0,0,0,0,0,0,0
4680,11810,15910,22020,0,0,0,0,0,0,0,0,0,0,0,0,0,0,0,0
3350,4310,10410,13620,15470,21100,24660,0,0,0,0,0,0,0,0,0,0,0,0,0
2410,4950,7520,8660,12010,0,0,0,0,0,0,0,0,0,0,0,0,0,0,0
4500,14200,21440,25500,26960,0,0,0,0,0,0,0,0,0,0,0,0,0,0,0
750,18890,26630,27870,0,0,0,0,0,0,0,0,0,0,0,0,0,0,0,0
4920,8520,25270,26860,28300,0,0,0,0,0,0,0,0,0,0,0,0,0,0,0
2730,4980,9550,11640,25190,28620,29490,0,0,0,0,0,0,0,0,0,0,0,0,0
3690,6480,7750,16230,18990,23590,26120,28420,0,0,0,0,0,0,0,0,0,0,0,0
2770,4530,6820,8350,12190,13090,15680,19880,21470,0,0,0,0,0,0,0,0,0,0,0
1740,4440,9630,0,0,0,0,0,0,0,0,0,0,0,0,0,0,0,0,0
9080,12550,14910,0,0,0,0,0,0,0,0,0,0,0,0,0,0,0,0,0
3190,5380,11000,12130,0,0,0,0,0,0,0,0,0,0,0,0,0,0,0,0
1580,9500,11270,12380,14080,18570,25060,26250,0,0,0,0,0,0,0,0,0,0,0,0
11180,16810,0,0,0,0,0,0,0,0,0,0,0,0,0,0,0,0,0,0
2600,6360,24850,0,0,0,0,0,0,0,0,0,0,0,0,0,0,0,0,0
2250,3990,11230,16220,0,0,0,0,0,0,0,0,0,0,0,0,0,0,0,0
3580,6670,7970,10400,17960,0,0,0,0,0,0,0,0,0,0,0,0,0,0,0
1430,3050,19630,24760,26440,0,0,0,0,0,0,0,0,0,0,0,0,0,0,0
1110,5510,7980,11780,15380,0,0,0,0,0,0,0,0,0,0,0,0,0,0,0
5700,9730,12500,17630,21830,27380,0,0,0,0,0,0,0,0,0,0,0,0,0,0
1660,2940,13870,0,0,0,0,0,0,0,0,0,0,0,0,0,0,0,0,0
3980,6260,7520,9170,13600,15930,26230,0,0,0,0,0,0,0,0,0,0,0,0,0
1790,2880,6760,15080,18020,29270,0,0,0,0,0,0,0,0,0,0,0,0,0,0
1870,6400,11440,14320,15820,24450,0,0,0,0,0,0,0,0,0,0,0,0,0,0
2380,4820,5910,7950,16030,23640,25600,29500,0,0,0,0,0,0,0,0,0,0,0,0
2810,5410,7550,9470,11510,16930,18710,20390,25000,0,0,0,0,0,0,0,0,0,0,0
2580,3670,5900,13490,15570,29940,0,0,0,0,0,0,0,0,0,0,0,0,0,0
4870,8840,10450,11800,13300,14670,16290,0,0,0,0,0,0,0,0,0,0,0,0,0
4870,13310,14530,28950,0,0,0,0,0,0,0,0,0,0,0,0,0,0,0,0
1220,3160,16860,18340,21210,24860,26230,29520,0,0,0,0,0,0,0,0,0,0,0,0
4010,5150,7420,21600,23260,28250,0,0,0,0,0,0,0,0,0,0,0,0,0,0
1730,19220,21120,24120,25430,28630,0,0,0,0,0,0,0,0,0,0,0,0,0,0
1590,13120,17480,26660,27720,0,0,0,0,0,0,0,0,0,0,0,0,0,0,0
930,2470,12890,14200,17600,0,0,0,0,0,0,0,0,0,0,0,0,0,0,0
790,3540,6130,10650,12500,21210,21940,25500,0,0,0,0,0,0,0,0,0,0,0,0
620,4520,7140,7870,25100,27150,29850,0,0,0,0,0,0,0,0,0,0,0,0,0
5040,6810,8590,0,0,0,0,0,0,0,0,0,0,0,0,0,0,0,0,0
1890,4440,6500,8510,0,0,0,0,0,0,0,0,0,0,0,0,0,0,0,0
2800,6520,14010,21280,23230,25310,28810,29540,0,0,0,0,0,0,0,0,0,0,0,0
2120,12470,28240,29950,0,0,0,0,0,0,0,0,0,0,0,0,0,0,0,0
1470,3450,5960,16990,0,0,0,0,0,0,0,0,0,0,0,0,0,0,0,0
3170,20140,23270,27070,29010,0,0,0,0,0,0,0,0,0,0,0,0,0,0,0
1680,3640,6870,9960,14170,16730,0,0,0,0,0,0,0,0,0,0,0,0,0,0
670,1650,5120,7200,0,0,0,0,0,0,0,0,0,0,0,0,0,0,0,0
3210,13500,15730,17810,19630,21500,0,0,0,0,0,0,0,0,0,0,0,0,0,0
2210,8530,11740,22270,23360,25690,28090,0,0,0,0,0,0,0,0,0,0,0,0,0
2030,21410,23720,29580,0,0,0,0,0,0,0,0,0,0,0,0,0,0,0,0
3330,15050,23000,28480,0,0,0,0,0,0,0,0,0,0,0,0,0,0,0,0
3530,5370,7690,9970,10690,16370,18510,0,0,0,0,0,0,0,0,0,0,0,0,0
4880,22760,25950,27700,0,0,0,0,0,0,0,0,0,0,0,0,0,0,0,0
1890,11640,18460,25740,27200,0,0,0,0,0,0,0,0,0,0,0,0,0,0,0
1520,2780,4030,5240,7890,11390,13110,19580,21030,25420,0,0,0,0,0,0,0,0,0,0
3890,10850,13940,27840,0,0,0,0,0,0,0,0,0,0,0,0,0,0,0,0
6820,21470,22920,24250,0,0,0,0,0,0,0,0,0,0,0,0,0,0,0,0
2260,4430,9500,11480,0,0,0,0,0,0,0,0,0,0,0,0,0,0,0,0
1070,2400,4360,5300,9370,19980,26570,0,0,0,0,0,0,0,0,0,0,0,0,0
1190,4360,8540,11030,13870,21710,0,0,0,0,0,0,0,0,0,0,0,0,0,0
2440,5790,8190,9340,10550,23480,24980,26910,0,0,0,0,0,0,0,0,0,0,0,0
950,12900,19270,0,0,0,0,0,0,0,0,0,0,0,0,0,0,0,0,0
1180,0,0,0,0,0,0,0,0,0,0,0,0,0,0,0,0,0,0,0
540,3010,18250,21970,0,0,0,0,0,0,0,0,0,0,0,0,0,0,0,0
1850,3480,6920,9010,11040,12520,13480,17330,25130,0,0,0,0,0,0,0,0,0,0,0
4520,6710,9000,10880,12580,15180,20540,21540,0,0,0,0,0,0,0,0,0,0,0,0
4810,7480,9340,12260,14480,18320,25120,27870,0,0,0,0,0,0,0,0,0,0,0,0
1200,20190,22780,0,0,0,0,0,0,0,0,0,0,0,0,0,0,0,0,0
3640,4980,9170,10470,15820,18120,22090,27020,0,0,0,0,0,0,0,0,0,0,0,0
2560,3750,27180,29580,0,0,0,0,0,0,0,0,0,0,0,0,0,0,0,0
1930,11110,20590,0,0,0,0,0,0,0,0,0,0,0,0,0,0,0,0,0
2000,8450,9300,11160,16290,17890,0,0,0,0,0,0,0,0,0,0,0,0,0,0
1940,5670,8420,10570,12710,13780,18890,20390,22050,28170,0,0,0,0,0,0,0,0,0,0
1560,4600,12430,0,0,0,0,0,0,0,0,0,0,0,0,0,0,0,0,0
1230,5990,10100,13150,16820,19290,21980,0,0,0,0,0,0,0,0,0,0,0,0,0
1510,11840,24100,25310,0,0,0,0,0,0,0,0,0,0,0,0,0,0,0,0
3170,5920,23330,0,0,0,0,0,0,0,0,0,0,0,0,0,0,0,0,0
5070,6940,23590,0,0,0,0,0,0,0,0,0,0,0,0,0,0,0,0,0
5820,7320,9680,13290,14730,18080,26940,0,0,0,0,0,0,0,0,0,0,0,0,0
1510,5320,11970,16270,18160,28510,29810,0,0,0,0,0,0,0,0,0,0,0,0,0
2040,10900,14850,22190,0,0,0,0,0,0,0,0,0,0,0,0,0,0,0,0
5010,6780,8420,21340,25340,27500,29470,0,0,0,0,0,0,0,0,0,0,0,0,0
2950,6470,10660,17860,18810,29310,0,0,0,0,0,0,0,0,0,0,0,0,0,0
7900,10290,0,0,0,0,0,0,0,0,0,0,0,0,0,0,0,0,0,0
2200,4320,5900,8900,12040,14790,0,0,0,0,0,0,0,0,0,0,0,0,0,0
13730,17060,19410,0,0,0,0,0,0,0,0,0,0,0,0,0,0,0,0,0
1000,4650,6800,8530,12920,14440,15680,17130,0,0,0,0,0,0,0,0,0,0,0,0
3320,6750,26760,0,0,0,0,0,0,0,0,0,0,0,0,0,0,0,0,0
1240,3810,5150,6960,9760,21210,21930,23680,25310,27370,29710,0,0,0,0,0,0,0,0,0
4060,6450,12680,20580,23460,0,0,0,0,0,0,0,0,0,0,0,0,0,0,0
1480,2560,0,0,0,0,0,0,0,0,0,0,0,0,0,0,0,0,0,0
2470,3930,8200,20720,27730,0,0,0,0,0,0,0,0,0,0,0,0,0,0,0
810,2110,7250,8590,15740,0,0,0,0,0,0,0,0,0,0,0,0,0,0,0
1570,3290,4710,5950,7490,10030,12360,21760,23970,0,0,0,0,0,0,0,0,0,0,0
4160,9090,11180,14310,16240,17850,20410,21420,22800,27460,0,0,0,0,0,0,0,0,0,0
970,1960,6220,9240,0,0,0,0,0,0,0,0,0,0,0,0,0,0,0,0
3350,4990,8160,9230,10550,14170,21730,0,0,0,0,0,0,0,0,0,0,0,0,0
1770,10470,13830,15310,18460,19280,0,0,0,0,0,0,0,0,0,0,0,0,0,0
7610,12590,14530,21400,24710,0,0,0,0,0,0,0,0,0,0,0,0,0,0,0
2610,8500,9630,11000,23640,25970,28770,0,0,0,0,0,0,0,0,0,0,0,0,0
2810,15030,17630,21280,0,0,0,0,0,0,0,0,0,0,0,0,0,0,0,0
2960,16110,17210,18520,24660,0,0,0,0,0,0,0,0,0,0,0,0,0,0,0
2570,7330,11850,0,0,0,0,0,0,0,0,0,0,0,0,0,0,0,0,0
1390,8570,27280,29890,0,0,0,0,0,0,0,0,0,0,0,0,0,0,0,0
4150,7260,9040,18930,19560,22380,0,0,0,0,0,0,0,0,0,0,0,0,0,0
2570,12010,15040,0,0,0,0,0,0,0,0,0,0,0,0,0,0,0,0,0
5680,7870,13030,15380,16750,25720,27750,0,0,0,0,0,0,0,0,0,0,0,0,0
1680,5320,7020,11890,20200,22460,26810,0,0,0,0,0,0,0,0,0,0,0,0,0
2350,9150,23900,0,0,0,0,0,0,0,0,0,0,0,0,0,0,0,0,0
860,6740,10460,11710,16980,22500,23720,29550,0,0,0,0,0,0,0,0,0,0,0,0
1140,9110,25440,27710,28760,0,0,0,0,0,0,0,0,0,0,0,0,0,0,0
3170,17920,25120,28940,0,0,0,0,0,0,0,0,0,0,0,0,0,0,0,0
3800,7080,18540,21210,26130,0,0,0,0,0,0,0,0,0,0,0,0,0,0,0
2520,4260,0,0,0,0,0,0,0,0,0,0,0,0,0,0,0,0,0,0
3490,0,0,0,0,0,0,0,0,0,0,0,0,0,0,0,0,0,0,0
2820,5280,13590,15410,17510,25860,0,0,0,0,0,0,0,0,0,0,0,0,0,0
1670,11110,12940,15020,0,0,0,0,0,0,0,0,0,0,0,0,0,0,0,0
2350,4050,0,0,0,0,0,0,0,0,0,0,0,0,0,0,0,0,0,0
930,23240,28050,28910,0,0,0,0,0,0,0,0,0,0,0,0,0,0,0,0
1200,4560,7470,0,0,0,0,0,0,0,0,0,0,0,0,0,0,0,0,0
1230,5610,6990,16690,19190,20760,25670,0,0,0,0,0,0,0,0,0,0,0,0,0
1360,3150,5510,7010,0,0,0,0,0,0,0,0,0,0,0,0,0,0,0,0
3090,13140,15730,27810,0,0,0,0,0,0,0,0,0,0,0,0,0,0,0,0
3420,25660,28720,0,0,0,0,0,0,0,0,0,0,0,0,0,0,0,0,0
6790,9780,11080,15870,0,0,0,0,0,0,0,0,0,0,0,0,0,0,0,0
1720,5260,10960,19810,0,0,0,0,0,0,0,0,0,0,0,0,0,0,0,0
5150,10410,0,0,0,0,0,0,0,0,0,0,0,0,0,0,0,0,0,0
930,9140,10840,13190,25950,27070,28110,0,0,0,0,0,0,0,0,0,0,0,0,0
2200,4660,0,0,0,0,0,0,0,0,0,0,0,0,0,0,0,0,0,0
4050,6150,16630,0,0,0,0,0,0,0,0,0,0,0,0,0,0,0,0,0
4150,8420,14340,15160,15600,19330,21740,0,0,0,0,0,0,0,0,0,0,0,0,0
1070,3740,5870,13750,16390,17610,19590,21040,23750,29090,0,0,0,0,0,0,0,0,0,0
7400,11380,13970,23440,0,0,0,0,0,0,0,0,0,0,0,0,0,0,0,0
1900,2940,6300,9110,20370,22480,23740,27200,29230,0,0,0,0,0,0,0,0,0,0,0
2720,11250,0,0,0,0,0,0,0,0,0,0,0,0,0,0,0,0,0,0
2210,2960,5160,0,0,0,0,0,0,0,0,0,0,0,0,0,0,0,0,0
2110,7080,29780,0,0,0,0,0,0,0,0,0,0,0,0,0,0,0,0,0
2250,4700,5350,8380,9330,10920,12700,27610,0,0,0,0,0,0,0,0,0,0,0,0
680,9070,0,0,0,0,0,0,0,0,0,0,0,0,0,0,0,0,0,0
2040,5080,6600,10870,12760,13930,17550,21370,0,0,0,0,0,0,0,0,0,0,0,0
1390,7450,9780,12420,14750,15740,20990,26600,28170,0,0,0,0,0,0,0,0,0,0,0
3590,8560,11600,16140,20110,22410,24450,26910,28170,0,0,0,0,0,0,0,0,0,0,0
8220,22360,0,0,0,0,0,0,0,0,0,0,0,0,0,0,0,0,0,0
5650,6450,8210,13130,14350,19480,25580,27320,29140,0,0,0,0,0,0,0,0,0,0,0
3170,5780,6930,8630,10520,12960,14780,0,0,0,0,0,0,0,0,0,0,0,0,0
3900,6510,0,0,0,0,0,0,0,0,0,0,0,0,0,0,0,0,0,0
7690,10270,20000,22570,24950,0,0,0,0,0,0,0,0,0,0,0,0,0,0,0
2250,7240,16450,17650,19220,20850,26870,27980,0,0,0,0,0,0,0,0,0,0,0,0
3920,15560,18040,19050,0,0,0,0,0,0,0,0,0,0,0,0,0,0,0,0
4010,13110,15780,17400,0,0,0,0,0,0,0,0,0,0,0,0,0,0,0,0
920,3040,7030,8340,11390,13020,15190,0,0,0,0,0,0,0,0,0,0,0,0,0
2950,7380,8420,10880,13530,14600,16370,17570,0,0,0,0,0,0,0,0,0,0,0,0
1650,9570,18510,0,0,0,0,0,0,0,0,0,0,0,0,0,0,0,0,0
2480,7460,8430,9990,12240,14510,15940,17110,19430,0,0,0,0,0,0,0,0,0,0,0
2570,8740,11130,12510,18090,24060,24820,0,0,0,0,0,0,0,0,0,0,0,0,0
5810,14610,15420,19890,21710,0,0,0,0,0,0,0,0,0,0,0,0,0,0,0
1190,10920,12800,0,0,0,0,0,0,0,0,0,0,0,0,0,0,0,0,0
3470,5780,8120,8990,11070,17720,18820,0,0,0,0,0,0,0,0,0,0,0,0,0
3530,4360,12880,0,0,0,0,0,0,0,0,0,0,0,0,0,0,0,0,0
2030,5960,9880,14710,16680,21480,27980,0,0,0,0,0,0,0,0,0,0,0,0,0
2890,4820,5700,7480,21390,26140,0,0,0,0,0,0,0,0,0,0,0,0,0,0
1300,8760,10350,14760,16060,16890,18850,21430,26690,0,0,0,0,0,0,0,0,0,0,0
4990,7940,10350,11540,16920,0,0,0,0,0,0,0,0,0,0,0,0,0,0,0
1390,26100,0,0,0,0,0,0,0,0,0,0,0,0,0,0,0,0,0,0
3700,5350,6640,9190,9930,23150,0,0,0,0,0,0,0,0,0,0,0,0,0,0
1630,8120,11140,14370,20950,22490,25360,27450,0,0,0,0,0,0,0,0,0,0,0,0
3510,10400,0,0,0,0,0,0,0,0,0,0,0,0,0,0,0,0,0,0
3630,11700,25610,26630,0,0,0,0,0,0,0,0,0,0,0,0,0,0,0,0
1720,2420,4040,5880,12140,15070,17400,0,0,0,0,0,0,0,0,0,0,0,0,0
970,8790,10250,11530,14800,16790,18840,21430,0,0,0,0,0,0,0,0,0,0,0,0
7700,19120,22000,28480,0,0,0,0,0,0,0,0,0,0,0,0,0,0,0,0
4020,14980,19330,19960,21440,0,0,0,0,0,0,0,0,0,0,0,0,0,0,0
660,9540,12580,13250,17730,19490,0,0,0,0,0,0,0,0,0,0,0,0,0,0
2490,3310,5890,7120,11620,14410,17730,19490,20190,0,0,0,0,0,0,0,0,0,0,0
2390,7450,11150,0,0,0,0,0,0,0,0,0,0,0,0,0,0,0,0,0
3980,25890,28430,0,0,0,0,0,0,0,0,0,0,0,0,0,0,0,0,0
3200,4040,5870,12590,13150,14590,21760,22990,28480,0,0,0,0,0,0,0,0,0,0,0
5750,8500,11160,0,0,0,0,0,0,0,0,0,0,0,0,0,0,0,0,0
2480,4410,10970,0,0,0,0,0,0,0,0,0,0,0,0,0,0,0,0,0
3760,5300,7150,10090,12750,16540,0,0,0,0,0,0,0,0,0,0,0,0,0,0
2180,4240,6530,7040,15840,17840,20220,27850,0,0,0,0,0,0,0,0,0,0,0,0
1890,14330,0,0,0,0,0,0,0,0,0,0,0,0,0,0,0,0,0,0
1180,16290,17740,18280,21460,0,0,0,0,0,0,0,0,0,0,0,0,0,0,0
2740,5570,8190,10190,23950,0,0,0,0,0,0,0,0,0,0,0,0,0,0,0
3790,8320,10060,12770,26990,0,0,0,0,0,0,0,0,0,0,0,0,0,0,0
2420,8190,20500,23570,0,0,0,0,0,0,0,0,0,0,0,0,0,0,0,0
3690,11750,19950,20670,25400,27700,0,0,0,0,0,0,0,0,0,0,0,0,0,0
1220,7440,10010,11290,13880,18210,0,0,0,0,0,0,0,0,0,0,0,0,0,0
2850,7060,9590,26600,28980,0,0,0,0,0,0,0,0,0,0,0,0,0,0,0
1170,2260,5400,10760,16390,27500,29190,0,0,0,0,0,0,0,0,0,0,0,0,0
2360,8850,11170,15510,0,0,0,0,0,0,0,0,0,0,0,0,0,0,0,0
3770,6110,11090,0,0,0,0,0,0,0,0,0,0,0,0,0,0,0,0,0
1130,1930,6200,9900,14940,16090,18030,18950,24260,25770,0,0,0,0,0,0,0,0,0,0
1410,2670,3730,7150,17170,18890,20490,23450,25420,27420,0,0,0,0,0,0,0,0,0,0
1190,3440,5280,6010,0,0,0,0,0,0,0,0,0,0,0,0,0,0,0,0
2110,3390,4730,10130,17990,23510,0,0,0,0,0,0,0,0,0,0,0,0,0,0
5850,11420,14610,16240,23230,0,0,0,0,0,0,0,0,0,0,0,0,0,0,0
4040,6630,9270,11560,22960,25530,27290,0,0,0,0,0,0,0,0,0,0,0,0,0
2380,3830,10010,28760,0,0,0,0,0,0,0,0,0,0,0,0,0,0,0,0
3870,5940,8880,21860,26320,0,0,0,0,0,0,0,0,0,0,0,0,0,0,0
1410,3290,3770,10440,22720,29640,0,0,0,0,0,0,0,0,0,0,0,0,0,0
3680,5310,8190,15660,0,0,0,0,0,0,0,0,0,0,0,0,0,0,0,0
1890,3910,10510,13890,14840,19460,20970,27010,0,0,0,0,0,0,0,0,0,0,0,0
2150,4300,28530,0,0,0,0,0,0,0,0,0,0,0,0,0,0,0,0,0
4030,5500,12200,0,0,0,0,0,0,0,0,0,0,0,0,0,0,0,0,0
1670,2640,4230,15390,17240,19730,22330,26010,27040,0,0,0,0,0,0,0,0,0,0,0
560,3050,5110,7160,25740,0,0,0,0,0,0,0,0,0,0,0,0,0,0,0
3310,6300,21020,22870,25530,26910,28900,0,0,0,0,0,0,0,0,0,0,0,0,0
5390,12560,0,0,0,0,0,0,0,0,0,0,0,0,0,0,0,0,0,0
1330,2740,6750,11340,12010,15360,16030,17170,0,0,0,0,0,0,0,0,0,0,0,0
1250,4980,8150,9480,19200,25030,26320,0,0,0,0,0,0,0,0,0,0,0,0,0
5110,7340,14440,0,0,0,0,0,0,0,0,0,0,0,0,0,0,0,0,0
1250,1960,7690,9100,10510,12860,18620,21130,0,0,0,0,0,0,0,0,0,0,0,0
3870,5260,7460,15690,18020,27010,29910,0,0,0,0,0,0,0,0,0,0,0,0,0
5660,9110,11790,17080,0,0,0,0,0,0,0,0,0,0,0,0,0,0,0,0
11120,17240,23040,24590,0,0,0,0,0,0,0,0,0,0,0,0,0,0,0,0
7510,9090,15490,16350,17820,19560,23700,24650,27040,0,0,0,0,0,0,0,0,0,0,0
5190,13420,19030,20260,21090,24820,0,0,0,0,0,0,0,0,0,0,0,0,0,0
1040,3120,5010,6390,15390,27820,28330,29510,0,0,0,0,0,0,0,0,0,0,0,0
3240,5810,12340,14560,20600,25370,28140,0,0,0,0,0,0,0,0,0,0,0,0,0
690,1390,7190,12910,15060,20280,21870,0,0,0,0,0,0,0,0,0,0,0,0,0
1910,6850,7820,9520,0,0,0,0,0,0,0,0,0,0,0,0,0,0,0,0
3540,6150,12680,29100,0,0,0,0,0,0,0,0,0,0,0,0,0,0,0,0
8850,12020,15500,0,0,0,0,0,0,0,0,0,0,0,0,0,0,0,0,0
1950,5720,6810,7910,10470,0,0,0,0,0,0,0,0,0,0,0,0,0,0,0
2540,6450,8330,10630,11850,12630,17290,20790,24060,0,0,0,0,0,0,0,0,0,0,0
3480,4160,7200,9790,11500,14690,18400,19550,21890,0,0,0,0,0,0,0,0,0,0,0
1670,7210,14660,17920,0,0,0,0,0,0,0,0,0,0,0,0,0,0,0,0
2640,4640,12250,14560,17710,21060,23020,0,0,0,0,0,0,0,0,0,0,0,0,0
2000,8960,11850,0,0,0,0,0,0,0,0,0,0,0,0,0,0,0,0,0
4240,6610,15560,17200,27030,0,0,0,0,0,0,0,0,0,0,0,0,0,0,0
3020,6290,16590,20110,21970,28020,0,0,0,0,0,0,0,0,0,0,0,0,0,0
7940,10310,12490,14320,16710,22340,24180,0,0,0,0,0,0,0,0,0,0,0,0,0
1920,16320,19920,21500,0,0,0,0,0,0,0,0,0,0,0,0,0,0,0,0
2220,6070,11710,0,0,0,0,0,0,0,0,0,0,0,0,0,0,0,0,0
2800,9800,11620,16270,21130,23580,26320,27410,0,0,0,0,0,0,0,0,0,0,0,0
2650,6290,8650,9690,11090,13110,15450,21320,28190,0,0,0,0,0,0,0,0,0,0,0
1350,7160,8690,23850,0,0,0,0,0,0,0,0,0,0,0,0,0,0,0,0
1260,4270,10400,21950,0,0,0,0,0,0,0,0,0,0,0,0,0,0,0,0
930,7770,10090,17070,17950,0,0,0,0,0,0,0,0,0,0,0,0,0,0,0
860,5510,13530,21460,23020,0,0,0,0,0,0,0,0,0,0,0,0,0,0,0
1140,17890,0,0,0,0,0,0,0,0,0,0,0,0,0,0,0,0,0,0
5600,6870,7580,10270,13340,17850,21100,0,0,0,0,0,0,0,0,0,0,0,0,0
3480,5850,8570,22000,24030,26140,28490,0,0,0,0,0,0,0,0,0,0,0,0,0
4410,10670,12390,15200,16440,0,0,0,0,0,0,0,0,0,0,0,0,0,0,0
1300,2580,4420,8010,9700,11570,14220,20280,0,0,0,0,0,0,0,0,0,0,0,0
1060,4720,11370,19840,0,0,0,0,0,0,0,0,0,0,0,0,0,0,0,0
2220,3700,6050,9370,11420,16010,17600,29180,0,0,0,0,0,0,0,0,0,0,0,0
2020,20990,0,0,0,0,0,0,0,0,0,0,0,0,0,0,0,0,0,0
8980,11050,12600,14770,19120,22780,25850,28780,0,0,0,0,0,0,0,0,0,0,0,0
2890,8290,9380,0,0,0,0,0,0,0,0,0,0,0,0,0,0,0,0,0
2650,7090,8230,14960,19460,21500,24560,24970,26240,0,0,0,0,0,0,0,0,0,0,0
4080,5360,9770,13350,18140,21260,24490,25380,29020,0,0,0,0,0,0,0,0,0,0,0
1900,6960,24010,25920,0,0,0,0,0,0,0,0,0,0,0,0,0,0,0,0
4440,12900,14600,0,0,0,0,0,0,0,0,0,0,0,0,0,0,0,0,0
3530,10210,27330,0,0,0,0,0,0,0,0,0,0,0,0,0,0,0,0,0
1400,5540,8050,9670,14180,0,0,0,0,0,0,0,0,0,0,0,0,0,0,0
5230,21300,23240,0,0,0,0,0,0,0,0,0,0,0,0,0,0,0,0,0
7480,19330,22130,25080,0,0,0,0,0,0,0,0,0,0,0,0,0,0,0,0
2390,4360,12120,28500,0,0,0,0,0,0,0,0,0,0,0,0,0,0,0,0
2020,2850,5560,7560,11670,14830,15270,0,0,0,0,0,0,0,0,0,0,0,0,0
4620,7280,8390,0,0,0,0,0,0,0,0,0,0,0,0,0,0,0,0,0
5820,14860,16650,23670,25330,0,0,0,0,0,0,0,0,0,0,0,0,0,0,0
1680,9850,15180,21510,27280,0,0,0,0,0,0,0,0,0,0,0,0,0,0,0
1670,4640,10620,11570,22360,28790,0,0,0,0,0,0,0,0,0,0,0,0,0,0
5200,7630,10410,15630,17410,23910,0,0,0,0,0,0,0,0,0,0,0,0,0,0
1730,7450,10290,0,0,0,0,0,0,0,0,0,0,0,0,0,0,0,0,0
810,12470,29190,0,0,0,0,0,0,0,0,0,0,0,0,0,0,0,0,0
1970,7260,12810,16000,20940,22410,24500,0,0,0,0,0,0,0,0,0,0,0,0,0
6970,9740,0,0,0,0,0,0,0,0,0,0,0,0,0,0,0,0,0,0
1360,9470,15880,19060,23620,29990,0,0,0,0,0,0,0,0,0,0,0,0,0,0
1700,8630,22390,0,0,0,0,0,0,0,0,0,0,0,0,0,0,0,0,0
1230,8600,10160,12150,14080,0,0,0,0,0,0,0,0,0,0,0,0,0,0,0
2270,3400,9070,13610,0,0,0,0,0,0,0,0,0,0,0,0,0,0,0,0
1140,3050,0,0,0,0,0,0,0,0,0,0,0,0,0,0,0,0,0,0
3460,5930,8680,12360,19090,22810,24120,28930,0,0,0,0,0,0,0,0,0,0,0,0
1610,5590,7820,9890,11890,16170,18380,20360,22620,0,0,0,0,0,0,0,0,0,0,0
780,8970,10960,13750,0,0,0,0,0,0,0,0,0,0,0,0,0,0,0,0
1080,3560,0,0,0,0,0,0,0,0,0,0,0,0,0,0,0,0,0,0
1990,4200,5310,6900,9080,10340,11200,20080,21260,0,0,0,0,0,0,0,0,0,0,0
1550,6500,10540,11490,13160,0,0,0,0,0,0,0,0,0,0,0,0,0,0,0
1740,5230,0,0,0,0,0,0,0,0,0,0,0,0,0,0,0,0,0,0
1690,3070,8790,29110,0,0,0,0,0,0,0,0,0,0,0,0,0,0,0,0
10040,25870,27540,29060,0,0,0,0,0,0,0,0,0,0,0,0,0,0,0,0
840,6270,8390,10880,12050,19910,27840,0,0,0,0,0,0,0,0,0,0,0,0,0
4870,12780,16040,20090,22100,23930,29010,0,0,0,0,0,0,0,0,0,0,0,0,0
1400,3140,6290,14520,21690,26590,0,0,0,0,0,0,0,0,0,0,0,0,0,0
4930,22920,24990,0,0,0,0,0,0,0,0,0,0,0,0,0,0,0,0,0
2170,4350,7930,8920,11840,16030,17990,22830,0,0,0,0,0,0,0,0,0,0,0,0
4400,5110,6390,20520,23020,24340,0,0,0,0,0,0,0,0,0,0,0,0,0,0
760,13080,0,0,0,0,0,0,0,0,0,0,0,0,0,0,0,0,0,0
2820,6920,9050,16190,20940,0,0,0,0,0,0,0,0,0,0,0,0,0,0,0
2620,17700,25530,26920,29110,0,0,0,0,0,0,0,0,0,0,0,0,0,0,0
920,10980,19470,0,0,0,0,0,0,0,0,0,0,0,0,0,0,0,0,0
1700,2670,3580,6880,12670,13540,14720,18450,23310,0,0,0,0,0,0,0,0,0,0,0
1190,15380,29340,0,0,0,0,0,0,0,0,0,0,0,0,0,0,0,0,0
4860,11750,19120,21580,25210,0,0,0,0,0,0,0,0,0,0,0,0,0,0,0
2790,6980,8290,13510,15010,22660,24900,28180,0,0,0,0,0,0,0,0,0,0,0,0
1780,5040,6870,7870,16610,0,0,0,0,0,0,0,0,0,0,0,0,0,0,0
2270,3520,8060,10160,12960,25270,26620,28870,0,0,0,0,0,0,0,0,0,0,0,0
1540,15970,20520,26440,0,0,0,0,0,0,0,0,0,0,0,0,0,0,0,0
1920,5780,17860,19070,23580,0,0,0,0,0,0,0,0,0,0,0,0,0,0,0
1150,11940,19070,21370,0,0,0,0,0,0,0,0,0,0,0,0,0,0,0,0
890,2190,3250,5180,6220,7010,8420,10320,0,0,0,0,0,0,0,0,0,0,0,0
910,4710,21260,27870,0,0,0,0,0,0,0,0,0,0,0,0,0,0,0,0
1530,3360,5440,8000,19750,0,0,0,0,0,0,0,0,0,0,0,0,0,0,0
2980,12340,24690,27040,28360,0,0,0,0,0,0,0,0,0,0,0,0,0,0,0
1850,3880,19800,21080,23100,29130,0,0,0,0,0,0,0,0,0,0,0,0,0,0
3730,9500,13160,15980,17210,17850,26860,27890,29740,0,0,0,0,0,0,0,0,0,0,0
1490,3300,0,0,0,0,0,0,0,0,0,0,0,0,0,0,0,0,0,0
3640,19770,20940,22050,0,0,0,0,0,0,0,0,0,0,0,0,0,0,0,0
6510,13210,24350,29870,0,0,0,0,0,0,0,0,0,0,0,0,0,0,0,0
2710,3400,7550,9290,13580,0,0,0,0,0,0,0,0,0,0,0,0,0,0,0
1860,5960,8680,20280,22130,23560,25720,26970,27720,0,0,0,0,0,0,0,0,0,0,0
2370,9820,16530,23760,28510,0,0,0,0,0,0,0,0,0,0,0,0,0,0,0
2600,6640,16690,22510,29990,0,0,0,0,0,0,0,0,0,0,0,0,0,0,0
5030,5990,8920,11700,0,0,0,0,0,0,0,0,0,0,0,0,0,0,0,0
1580,4920,19300,27270,29140,0,0,0,0,0,0,0,0,0,0,0,0,0,0,0
2330,4890,7290,19360,20550,22940,0,0,0,0,0,0,0,0,0,0,0,0,0,0
1620,3220,4220,5810,16770,21710,22470,0,0,0,0,0,0,0,0,0,0,0,0,0
1670,3450,6570,0,0,0,0,0,0,0,0,0,0,0,0,0,0,0,0,0
760,3450,7290,14750,0,0,0,0,0,0,0,0,0,0,0,0,0,0,0,0
3800,13460,13810,0,0,0,0,0,0,0,0,0,0,0,0,0,0,0,0,0
1840,6800,0,0,0,0,0,0,0,0,0,0,0,0,0,0,0,0,0,0
2900,10430,12030,17450,18480,19660,24340,26350,0,0,0,0,0,0,0,0,0,0,0,0
3840,4470,5760,8130,10080,11950,13190,0,0,0,0,0,0,0,0,0,0,0,0,0
1050,4390,5320,6450,7700,27610,29670,0,0,0,0,0,0,0,0,0,0,0,0,0
2030,3940,6390,8880,10970,0,0,0,0,0,0,0,0,0,0,0,0,0,0,0
800,2140,4560,24800,29700,0,0,0,0,0,0,0,0,0,0,0,0,0,0,0
1170,17220,22310,0,0,0,0,0,0,0,0,0,0,0,0,0,0,0,0,0
3890,13960,16010,18480,24280,0,0,0,0,0,0,0,0,0,0,0,0,0,0,0
4790,15970,19330,22690,0,0,0,0,0,0,0,0,0,0,0,0,0,0,0,0
1660,7280,12850,15680,17890,0,0,0,0,0,0,0,0,0,0,0,0,0,0,0
4410,5920,9690,11330,15730,17800,20720,22080,0,0,0,0,0,0,0,0,0,0,0,0
4170,12600,14840,19660,20730,22140,24690,0,0,0,0,0,0,0,0,0,0,0,0,0
2850,5050,5790,9170,14070,20340,23680,0,0,0,0,0,0,0,0,0,0,0,0,0
5180,9340,19560,27710,0,0,0,0,0,0,0,0,0,0,0,0,0,0,0,0
1900,4330,17630,23240,0,0,0,0,0,0,0,0,0,0,0,0,0,0,0,0
2710,6350,11710,17190,21330,0,0,0,0,0,0,0,0,0,0,0,0,0,0,0
3840,10430,14030,15330,20850,23290,24220,0,0,0,0,0,0,0,0,0,0,0,0,0
2940,5420,6610,8770,12250,14420,17460,20610,23990,26790,0,0,0,0,0,0,0,0,0,0
5160,12570,0,0,0,0,0,0,0,0,0,0,0,0,0,0,0,0,0,0
1900,4910,6110,7850,11300,14560,23200,25180,0,0,0,0,0,0,0,0,0,0,0,0
2220,7140,9920,11490,13700,15040,23510,29070,0,0,0,0,0,0,0,0,0,0,0,0
1340,2590,4400,5060,5810,7150,16270,21210,25100,0,0,0,0,0,0,0,0,0,0,0
3340,5160,26480,0,0,0,0,0,0,0,0,0,0,0,0,0,0,0,0,0
3020,10460,0,0,0,0,0,0,0,0,0,0,0,0,0,0,0,0,0,0
2010,9060,10430,13140,20570,22380,28260,0,0,0,0,0,0,0,0,0,0,0,0,0
1210,2040,10170,0,0,0,0,0,0,0,0,0,0,0,0,0,0,0,0,0
2350,14320,0,0,0,0,0,0,0,0,0,0,0,0,0,0,0,0,0,0
2380,6920,10060,0,0,0,0,0,0,0,0,0,0,0,0,0,0,0,0,0
1700,2740,9700,19480,0,0,0,0,0,0,0,0,0,0,0,0,0,0,0,0
3030,4410,7430,0,0,0,0,0,0,0,0,0,0,0,0,0,0,0,0,0
710,1540,3960,4950,6710,9330,12060,13080,16210,17870,0,0,0,0,0,0,0,0,0,0
1570,4260,8490,10930,14720,0,0,0,0,0,0,0,0,0,0,0,0,0,0,0
3200,6630,7500,8760,11270,13610,16660,25500,29360,0,0,0,0,0,0,0,0,0,0,0
6410,9640,12510,14390,17350,20890,23660,25260,27390,0,0,0,0,0,0,0,0,0,0,0
4480,5350,26910,29810,0,0,0,0,0,0,0,0,0,0,0,0,0,0,0,0
8840,11850,13900,0,0,0,0,0,0,0,0,0,0,0,0,0,0,0,0,0
1990,14660,15640,26700,27640,28970,0,0,0,0,0,0,0,0,0,0,0,0,0,0
510,11960,14090,15410,28010,0,0,0,0,0,0,0,0,0,0,0,0,0,0,0
850,3660,5540,11400,15470,20760,26830,0,0,0,0,0,0,0,0,0,0,0,0,0
800,21000,23010,23800,24850,27070,0,0,0,0,0,0,0,0,0,0,0,0,0,0
1600,5150,6360,26580,0,0,0,0,0,0,0,0,0,0,0,0,0,0,0,0
2940,4180,7030,9830,12890,29350,0,0,0,0,0,0,0,0,0,0,0,0,0,0
2170,3130,4930,8170,9330,21130,0,0,0,0,0,0,0,0,0,0,0,0,0,0
700,6380,10380,16530,24160,26090,29790,0,0,0,0,0,0,0,0,0,0,0,0,0
3810,7140,8240,11120,14950,0,0,0,0,0,0,0,0,0,0,0,0,0,0,0
4880,6690,9080,12670,14850,0,0,0,0,0,0,0,0,0,0,0,0,0,0,0
4540,9050,18550,21960,0,0,0,0,0,0,0,0,0,0,0,0,0,0,0,0
1200,4520,8520,10620,12700,23370,25180,28940,0,0,0,0,0,0,0,0,0,0,0,0
1320,11960,15260,18750,23770,26850,27980,28980,0,0,0,0,0,0,0,0,0,0,0,0
2100,17270,23440,24710,25670,27920,0,0,0,0,0,0,0,0,0,0,0,0,0,0
2320,8640,11820,19830,27170,0,0,0,0,0,0,0,0,0,0,0,0,0,0,0
1930,6790,16570,18820,21620,24980,26620,0,0,0,0,0,0,0,0,0,0,0,0,0
2270,3150,5560,6580,12170,16580,19700,20710,0,0,0,0,0,0,0,0,0,0,0,0
3080,8110,0,0,0,0,0,0,0,0,0,0,0,0,0,0,0,0,0,0
1430,7370,8180,12510,0,0,0,0,0,0,0,0,0,0,0,0,0,0,0,0
1830,2930,13470,20810,0,0,0,0,0,0,0,0,0,0,0,0,0,0,0,0
1230,15450,21150,23430,27060,0,0,0,0,0,0,0,0,0,0,0,0,0,0,0
2380,5280,20620,0,0,0,0,0,0,0,0,0,0,0,0,0,0,0,0,0
720,3150,15500,18360,19150,20040,29180,0,0,0,0,0,0,0,0,0,0,0,0,0
2270,25400,28950,0,0,0,0,0,0,0,0,0,0,0,0,0,0,0,0,0
4640,7910,12830,18840,20200,24550,27640,0,0,0,0,0,0,0,0,0,0,0,0,0
910,4500,0,0,0,0,0,0,0,0,0,0,0,0,0,0,0,0,0,0
2170,8730,11740,15950,18050,20130,25520,26590,29440,0,0,0,0,0,0,0,0,0,0,0
11360,13780,14260,18110,21770,24780,27770,0,0,0,0,0,0,0,0,0,0,0,0,0
3440,5080,10140,14080,25200,26380,0,0,0,0,0,0,0,0,0,0,0,0,0,0
7520,16000,17600,21710,27170,0,0,0,0,0,0,0,0,0,0,0,0,0,0,0
920,11830,13020,14070,15910,20630,29090,0,0,0,0,0,0,0,0,0,0,0,0,0
2040,5220,7560,11490,14730,17090,0,0,0,0,0,0,0,0,0,0,0,0,0,0
1940,3640,8370,0,0,0,0,0,0,0,0,0,0,0,0,0,0,0,0,0
10270,15120,20130,22860,27140,28680,0,0,0,0,0,0,0,0,0,0,0,0,0,0
2300,17010,19920,21580,26770,27900,0,0,0,0,0,0,0,0,0,0,0,0,0,0
3150,6160,10240,14010,17080,25470,0,0,0,0,0,0,0,0,0,0,0,0,0,0
2250,4730,8700,12560,13970,16440,25040,26100,0,0,0,0,0,0,0,0,0,0,0,0
4460,7660,18030,23410,25700,29210,0,0,0,0,0,0,0,0,0,0,0,0,0,0
4260,5430,20630,24770,0,0,0,0,0,0,0,0,0,0,0,0,0,0,0,0
4250,5900,9350,13030,13800,16060,18750,20740,24620,0,0,0,0,0,0,0,0,0,0,0
4470,23080,24380,0,0,0,0,0,0,0,0,0,0,0,0,0,0,0,0,0
1360,4410,7200,8010,9590,12190,19860,0,0,0,0,0,0,0,0,0,0,0,0,0
5780,17150,19410,21780,0,0,0,0,0,0,0,0,0,0,0,0,0,0,0,0
2560,10980,12210,13790,16300,17280,18210,25560,0,0,0,0,0,0,0,0,0,0,0,0
1150,9450,10290,11920,12780,23840,0,0,0,0,0,0,0,0,0,0,0,0,0,0
1660,12250,17850,0,0,0,0,0,0,0,0,0,0,0,0,0,0,0,0,0
1080,6840,10460,11600,28930,0,0,0,0,0,0,0,0,0,0,0,0,0,0,0
1070,6800,16030,17450,28620,0,0,0,0,0,0,0,0,0,0,0,0,0,0,0
2800,3710,6150,7530,8840,9650,11910,12840,27110,29430,0,0,0,0,0,0,0,0,0,0
1500,3010,5170,13550,17430,18810,21410,25900,0,0,0,0,0,0,0,0,0,0,0,0
1160,2730,25270,29200,0,0,0,0,0,0,0,0,0,0,0,0,0,0,0,0
5510,6310,11160,12970,14920,15580,18750,22640,26140,0,0,0,0,0,0,0,0,0,0,0
7780,10800,12470,16380,0,0,0,0,0,0,0,0,0,0,0,0,0,0,0,0
1690,2560,7200,12870,16060,20190,22280,25430,26330,0,0,0,0,0,0,0,0,0,0,0
2960,8430,9500,10060,11070,12090,15300,16210,21740,0,0,0,0,0,0,0,0,0,0,0
1120,2940,4400,13530,14600,20600,24110,0,0,0,0,0,0,0,0,0,0,0,0,0
2660,9670,12590,13670,17470,22480,0,0,0,0,0,0,0,0,0,0,0,0,0,0
3550,10170,12900,24080,29770,0,0,0,0,0,0,0,0,0,0,0,0,0,0,0
6290,9090,10630,19900,21150,22800,23910,0,0,0,0,0,0,0,0,0,0,0,0,0
6470,8400,12320,25530,28160,29130,0,0,0,0,0,0,0,0,0,0,0,0,0,0
5360,9240,11190,27470,0,0,0,0,0,0,0,0,0,0,0,0,0,0,0,0
1440,3430,7470,11720,14190,18640,0,0,0,0,0,0,0,0,0,0,0,0,0,0
2310,3610,4820,6540,8540,12280,13990,19040,25270,0,0,0,0,0,0,0,0,0,0,0
8410,17490,0,0,0,0,0,0,0,0,0,0,0,0,0,0,0,0,0,0
1560,17090,18830,21750,22700,25260,26140,0,0,0,0,0,0,0,0,0,0,0,0,0
1500,4080,5520,7880,16690,27840,29430,0,0,0,0,0,0,0,0,0,0,0,0,0
3350,7160,8110,10740,0,0,0,0,0,0,0,0,0,0,0,0,0,0,0,0
2140,4110,19280,20020,0,0,0,0,0,0,0,0,0,0,0,0,0,0,0,0
1520,0,0,0,0,0,0,0,0,0,0,0,0,0,0,0,0,0,0,0
5590,7410,8880,13250,15590,16200,17100,0,0,0,0,0,0,0,0,0,0,0,0,0
920,3360,4570,26180,0,0,0,0,0,0,0,0,0,0,0,0,0,0,0,0
2550,9280,17720,19560,0,0,0,0,0,0,0,0,0,0,0,0,0,0,0,0
6110,7000,0,0,0,0,0,0,0,0,0,0,0,0,0,0,0,0,0,0
2710,5270,7790,11960,26110,0,0,0,0,0,0,0,0,0,0,0,0,0,0,0
5180,6890,7810,21270,23310,25780,27820,29050,0,0,0,0,0,0,0,0,0,0,0,0
2960,4530,17650,0,0,0,0,0,0,0,0,0,0,0,0,0,0,0,0,0
8810,9630,17210,0,0,0,0,0,0,0,0,0,0,0,0,0,0,0,0,0
3180,16580,19360,20980,22660,23710,24700,0,0,0,0,0,0,0,0,0,0,0,0,0
2340,16820,17920,20540,23280,25370,29020,0,0,0,0,0,0,0,0,0,0,0,0,0
1730,4080,5150,8000,13870,19460,22070,26190,29470,0,0,0,0,0,0,0,0,0,0,0
1280,7470,8710,11590,12710,24180,25280,0,0,0,0,0,0,0,0,0,0,0,0,0
1850,10260,11390,13100,25200,0,0,0,0,0,0,0,0,0,0,0,0,0,0,0
2300,4380,7960,14580,16150,0,0,0,0,0,0,0,0,0,0,0,0,0,0,0
4090,6290,14170,0,0,0,0,0,0,0,0,0,0,0,0,0,0,0,0,0
2680,17640,0,0,0,0,0,0,0,0,0,0,0,0,0,0,0,0,0,0
1730,2390,4330,6660,10940,12350,14510,15930,28010,0,0,0,0,0,0,0,0,0,0,0
1490,2490,20350,21450,24970,0,0,0,0,0,0,0,0,0,0,0,0,0,0,0
