8.723219644852227006e-01 4.396374917160039697e-02 8.120382376139819725e-01 7.127815811020357106e-01 3.662127872052012290e-01 5.473662775415699677e-01 4.542023141899200755e-01 1.123115031237903461e-01 2.445628962991606148e-01 9.314152089484605268e-01 6.865761584498139003e-01 8.870133582665040706e-02 4.581671011969780105e-01 7.479392980017308679e-01
6.395605421094994192e-01 2.984811302688860080e-01 6.853617645377334533e-01 4.938821798163106624e-01 7.509076272770860427e-01 9.573837221676969600e-01 7.290203729591314685e-01 5.010026710726449561e-01 9.947970706084605652e-01 5.296865455911864418e-01 5.653236093175386667e-01 6.498761052610068090e-01 8.461359575771502106e-01 7.116398289725157644e-01
1.637739851103803268e-02 8.784756363946337743e-01 1.024972007508113681e-01 5.908110227939153969e-01 6.653418978555988295e-01 8.177690512139264012e-01 7.621768315801642490e-01 2.775296602948662539e-02 8.821818532684633229e-02 2.045899176608180214e-01 7.953837087408518469e-01 6.160765039623674610e-01 5.238107138098424542e-02 7.945451812560041516e-01
3.495356463244458922e-01 8.565340541799915108e-03 5.756793489117245644e-01 7.300898459815073904e-01 2.988622384373017526e-01 8.962749156926577143e-01 1.835059795028840535e-01 6.621223708876955438e-02 8.025700746174552203e-01 9.315896745173479765e-02 3.970333011945603729e-01 3.120786166357751856e-01 2.635110817281083317e-01 6.175631607617630969e-01
2.025907566234180779e-01 1.200339186691656845e-02 1.630072961104461760e-01 4.154716972166141442e-01 4.497068385110798427e-01 4.140804091214254079e-01 1.696305724597679809e-02 4.146479217594657429e-01 3.124960415325277463e-01 8.887536897212466869e-02 5.520873070587082321e-01 3.976122520126735838e-01 4.179152763897971967e-01 5.358960339761340563e-01
2.969520511014280828e-01 1.284369561452275432e-01 8.594041095373448069e-01 4.957015374795866736e-01 7.176199062803768625e-01 9.071054170072955225e-01 3.209184246113543360e-01 9.850990973321629429e-01 3.645072510024346402e-01 6.014058141021627613e-03 9.917107101905952016e-01 2.397420337213214125e-01 6.474576001549340321e-01 3.571296892591732108e-01
9.389738665980070786e-01 5.092745969444537613e-01 1.793369189347346904e-01 8.856290363800700671e-01 9.311218717260070221e-01 6.534724129731028786e-02 9.306357168104343325e-01 1.729530548879377738e-01 3.675404544757043812e-02 1.659719929424540164e-01 3.961217286511634628e-01 1.066032713933813270e-01 5.575767499250813275e-01 6.219597593214409859e-01
8.332765336090437458e-01 4.769915353471320119e-01 7.318692195058484895e-01 3.933518824388280155e-01 6.363921564471184400e-01 5.187753719184051704e-01 4.667385020721867006e-01 3.592139297289147493e-01 9.544376836161199140e-01 2.060505016434344139e-01 4.556748105793113623e-01 8.890713591678842675e-01 3.095937898438969604e-01 6.259760915848421314e-01
4.172347129036432234e-01 8.009745250957540641e-01 6.105772663573905135e-02 5.674926137979530161e-02 4.986785776948602367e-01 5.468208447011410067e-01 2.529401116088019208e-01 8.072012337293066331e-01 2.975645594718216991e-01 6.530070095378799344e-01 5.723494498300218947e-01 2.420138854548319340e-01 4.682771434807314614e-01 4.928108318583273029e-01
6.436096973981348945e-01 7.245739357876687103e-01 1.231547877802527946e-01 4.453617941771619293e-01 7.066194003453475370e-01 2.093291159001164914e-02 8.742950889696785577e-01 4.854371501847706272e-01 2.230155525634002212e-01 1.665834793119468360e-01 6.364386419676371087e-02 1.019937375615594943e-01 7.259916178524294939e-01 2.476612388180702284e-01
8.945850702055164749e-01 2.424705142775084310e-01 3.370185140484696085e-01 2.361228417580363281e-01 3.326474421478994303e-01 7.970357526579567864e-01 2.519767902828751183e-01 3.727262722997425337e-01 1.501492277446714319e-01 1.552023466765871662e-01 7.162731032806118892e-01 2.306868904796421926e-01 4.629564963859433835e-02 3.274065082104314905e-01
3.354016270507924613e-01 2.284903754160000355e-01 8.777410813328093697e-01 2.786337646118368649e-01 3.852975078641540652e-01 8.541453872760869093e-01 9.569384598497679972e-01 4.119085136508607858e-01 9.587018986335766879e-01 1.513979474732214392e-01 9.514524189899039586e-01 6.225012895071931895e-01 5.435551911327902719e-01 6.380047963562848201e-01
8.775892836917342787e-02 5.321143214487051853e-01 6.931221357722254783e-01 2.284295750185699747e-01 7.698556844247295139e-02 7.012761266261138271e-01 5.163846227771928810e-01 3.364992457821148752e-01 6.940175553449567936e-01 6.439215470752582826e-01 4.070201869194288724e-01 2.640964388488513670e-01 4.788922585823914835e-01 2.721256075777104266e-01
4.540901031871705795e-01 4.478289328917027801e-01 1.565870926356410786e-01 4.780626623413919418e-02 7.430459566326560461e-01 1.263091664131094083e-01 5.104852189600729284e-01 5.640217356858246989e-01 5.747440065547237964e-02 2.209381279135835818e-02 8.967684211940493144e-01 4.420953766107226235e-01 4.836876587212612932e-02 8.137935052334430708e-01
5.446628599187461894e-01 4.733513679682234132e-01 9.251383922710462171e-01 3.398231892407864718e-01 8.163242495959864842e-01 1.487543690302987054e-01 8.807790567700003459e-01 5.620946516978109209e-01 3.908929992635629125e-01 8.689338722599166953e-01 7.743449717159117673e-01 7.110503943416957018e-02 9.486374793372701619e-01 9.744509322686012442e-02
2.224242639967810575e-01 5.112936925153604983e-01 9.718307882084766813e-01 6.861210376904449681e-01 6.902865594249899539e-01 2.389701522495824015e-01 1.583705897790546047e-01 6.205712222332882000e-02 6.334186966034131006e-01 2.311959023396714663e-01 7.498215421756282417e-02 6.038967180141454616e-01 9.565791404630291650e-01 1.182468513687677802e-01
4.993745966091003297e-01 6.013111344439044936e-01 3.615369048576618782e-01 5.933110739437574832e-01 6.768280341464776306e-01 3.495190757299548867e-01 1.083583193166929304e-01 8.826165800161265285e-01 1.537728062889027747e-01 2.924964408584627140e-01 7.295735307513417922e-02 6.195360216326045721e-01 6.439756082628933509e-02 6.732192187902220626e-01
2.329000067248121475e-03 8.185152239814851294e-01 1.873755599138059447e-01 1.401362283915231766e-01 3.145501191453033973e-01 7.368896124107771062e-01 8.878625279618190813e-01 9.739903403300539386e-01 7.075561173065002540e-01 5.019693282049256799e-01 4.283209747465345218e-01 2.425758965659723376e-01 3.616520830361413807e-02 7.049648425149728226e-01
8.735209598418725019e-02 6.035609396846525199e-01 5.868814116578884299e-01 5.741793009181920260e-01 4.091172073713507107e-01 3.483019801345605959e-01 2.572086876230317287e-01 3.994350738359087050e-02 4.268299816146717829e-01 4.423076698109205118e-01 3.895685178662581238e-01 1.067304862481434080e-01 1.603160418034133006e-01 1.066944486679983761e-01
6.021003043394389520e-01 9.360598216666102811e-01 8.239331994803993364e-01 2.729973011188865373e-01 5.105444887678938226e-01 2.943628734509573519e-01 7.860020162326061266e-01 8.500969933110051890e-01 3.262167535762222625e-01 2.893358849152183332e-02 1.685494456141358732e-01 2.988873728298949706e-01 4.051914024099452227e-01 4.478920565953032895e-01
5.418183500332849345e-01 9.581337467632455862e-03 7.975744929107012604e-01 9.512986056213084129e-01 3.610275796257934600e-01 6.060288704402105875e-02 6.503489724009677841e-01 7.234863477842237156e-01 9.954086440190256235e-01 2.713803433790720199e-01 2.431156238941095671e-01 4.568945713151988386e-01 8.793114437963902574e-01 5.662058512264223076e-02
8.430590121149901250e-01 2.105196363491728118e-01 3.704694915640118769e-01 5.899652614556089025e-01 4.533463210571652136e-01 7.043067420153887870e-01 4.459938978772273188e-01 7.774285160111054083e-01 3.389659588804392332e-01 9.181742938247480224e-01 4.699589575961286014e-01 1.559935452206995254e-01 3.965837935083375010e-01 8.701430886389116548e-02
9.816402108642673374e-01 2.923408961758425795e-01 4.860215187210966681e-01 4.610066953250228083e-01 3.216507267767987344e-01 4.117874224954255480e-01 4.712746652078162457e-01 6.677824018268718742e-02 5.097721542764437341e-01 6.188079074057255546e-01 7.941640655219353029e-01 2.839831116249501575e-01 2.871971950655866079e-01 8.147857939628722068e-02
4.661174938306275051e-01 2.123372261495767299e-01 8.582632781696628577e-01 5.350303584624055420e-01 2.239142722639131389e-01 4.299108060373488804e-01 9.100883069796616986e-03 8.350364393951406061e-01 3.634522250149819778e-01 9.905425378251548896e-01 6.841206313894769853e-01 2.571511754097682845e-01 9.490539795349350882e-01 2.135392558245780004e-01
2.279045827373660238e-01 9.013989439251500757e-01 4.372677030196771009e-01 2.786605716277114064e-01 7.201668181016498416e-01 7.742101201519396847e-01 9.927133510243686398e-01 3.343846334452931224e-01 7.516802694768066617e-01 1.363077128389872383e-01 2.676041939798416980e-01 7.761595024050126357e-01 3.773745645994615039e-01 9.577163884909236646e-01
8.051333175721741009e-01 6.365727644111240924e-02 7.898905789940861011e-01 5.193350708958610618e-01 8.304629646902071949e-01 4.696695465909702660e-01 4.850886204346984698e-01 7.705736279999033655e-01 8.372977965226076069e-01 1.577632307279914770e-01 2.446910633843891736e-01 9.548803854586160877e-01 6.768217780291604369e-01 4.566748989068469822e-01
5.677004152289364391e-01 8.481737220948969425e-01 9.143785239864515857e-01 5.724673380679284884e-01 5.244406990703165405e-02 7.017315891412603257e-01 5.580019350205007722e-01 6.379858431584388700e-01 1.034807107713631158e-02 4.831704016531988000e-01 6.330161054776761720e-01 1.270499142959972128e-01 9.961143091416038153e-01 7.884801410408488476e-01
3.587049626431584315e-01 2.516659746419174226e-01 8.370599710494730505e-02 1.887767201719087184e-01 2.412352255015887126e-01 8.270015423424549317e-01 9.111323206634986960e-01 9.789442234433731738e-01 8.099436822206683706e-01 1.278218752034548933e-01 7.270700147039468320e-01 4.135284650023561825e-01 6.464838373067826049e-01 3.318126320612470037e-01
5.974258005426236195e-02 2.079544005572553367e-01 9.500586480482103857e-01 7.480506598864339329e-01 1.124697657219364544e-01 3.467898346387574549e-01 5.579150735180437026e-01 9.439844720644030573e-02 5.297255138567629196e-01 5.067230738117666222e-01 8.645136092846020803e-01 4.242455773162854271e-01 2.586694030196645677e-01 4.582350991859461820e-01
7.971966500520486498e-01 7.822833605316649175e-01 4.459543563615604445e-01 7.431434612329134159e-01 6.977246032887631788e-01 1.975218059411809612e-01 9.326383395579077584e-01 3.673911506018715523e-01 4.579255046440555699e-02 4.045658532598773727e-01 3.101251341795112637e-01 5.838997857624788068e-01 8.957590491405532651e-01 1.960345408356771735e-01
4.944180894113192615e-02 2.565305665924634271e-01 9.761298040243682195e-02 3.058739338150578968e-01 1.738311885452104022e-01 4.327462863087170319e-01 6.745974189812542487e-02 9.122867539730058484e-01 4.421676698619703139e-03 4.952920255428688856e-01 3.135027634905672711e-01 2.460656455585171765e-01 4.062449114828292629e-01 4.509104574158573353e-02
2.401603546708487302e-01 8.474126106347369403e-01 7.817291462183737494e-01 4.460371112222202283e-01 3.821701993288058041e-01 3.102215191745888445e-01 7.475593859681500808e-01 7.189354978008086761e-01 9.982598257481742898e-01 8.732160065734284604e-01 6.689348738924798532e-01 4.950796922868662131e-01 9.432183889935310539e-01 4.459905860735816630e-01
1.758159744196740037e-01 7.563888967585790102e-01 9.103764006986219126e-01 9.333608415629479627e-02 4.001060226907713346e-01 9.808586326800839972e-01 2.607268380183843659e-01 1.709326700883327943e-01 2.290812229621361773e-01 6.024789044926507353e-01 2.386088976207260126e-01 2.911878174067181746e-01 5.219153568908987406e-01 4.659563118776846036e-01
9.481403574603312068e-01 4.079041033574908326e-01 8.174935049339870918e-01 7.150962057733949440e-01 2.075684620328954733e-02 8.380722931204480641e-01 9.721474362287805260e-01 2.934196835573260609e-01 4.981285440315407209e-01 6.496468433405480081e-01 7.690083539755872000e-01 3.812106974214588551e-01 2.001112887807455776e-01 8.709958683182493777e-01
6.519567128271789302e-01 2.523379269927132906e-01 3.437777372868119352e-01 8.142791400344455699e-01 3.603829187004972123e-01 8.232227571171960578e-01 6.817066336733778043e-01 1.467110198533569942e-01 1.887137640102289904e-01 5.449180214308650960e-01 7.372229386561393039e-01 3.436088207313147125e-01 3.032241718134189856e-01 2.682799561850424119e-02
5.649801587028248084e-01 2.373337959423352794e-01 8.147390648881107644e-01 5.330534554339533271e-01 7.615690609807034273e-01 6.827126925593350881e-01 2.861224527146468688e-01 7.917561434423149302e-01 2.451137932824838384e-01 3.953486673290573794e-02 2.284855931765399362e-01 3.324170694312840180e-01 1.798613719106959552e-01 9.498622418099742504e-01
8.381338157205786565e-02 9.570046962788395506e-01 2.536394169647556707e-01 2.303067556482103484e-01 4.509387235939392724e-01 6.741841598172577665e-01 6.532371507537810817e-01 8.836412784171532309e-01 4.564507405717208588e-01 7.886768609055538892e-01 9.367112019968315550e-02 3.663600964117063041e-01 9.732487488729922864e-01 6.960669059303885575e-01
9.786350512041439575e-01 8.595299617826094307e-01 6.435573638579820122e-01 2.950516821836050019e-01 8.304678598891876984e-01 9.014089429701344081e-01 6.999656207248006190e-02 1.010184283176434050e-01 5.121342587924744283e-01 9.541059747913536171e-01 9.978204900135252409e-01 4.315533452894101396e-01 9.488742693084921687e-01 3.033843788730374857e-01
5.352684181273871244e-01 2.980738150857307200e-01 9.271936895045334026e-01 3.869725435568458494e-01 3.311278357698592689e-01 8.789174984801393364e-01 8.999093935518973630e-01 1.037429920641037562e-01 6.314618197326447024e-01 4.045927777250016844e-01 5.491612718592007170e-01 6.111242504566187783e-01 1.268364237781526294e-01 3.029448631308173656e-01
6.736756700453162550e-01 7.558514050176963206e-01 9.088380191614920944e-01 6.297685335446054911e-01 4.445668420382391517e-01 5.141391583931345100e-01 5.168950162909743407e-01 3.659837772477807505e-01 6.651074094451282503e-01 6.100268068103196217e-01 6.183772277080679114e-02 4.662992448502866205e-01 8.253410202391210371e-01 2.691591009434234349e-01
9.827616102353803340e-01 2.124966403727066577e-01 5.736199098751938452e-01 3.452364306172513997e-01 2.645750163118990583e-01 1.024888476795560166e-02 5.462490980744205693e-01 1.952005668245303527e-01 1.562608150166594490e-01 2.129925465341523383e-01 8.119128242563966591e-01 8.240812279443261446e-01 2.020380103380126080e-03 4.719491351295199699e-01
2.259042110365195866e-01 6.067804755302377284e-01 4.306894653065083123e-01 8.131672752287155692e-01 5.883197947823095575e-01 6.958744254403241847e-01 4.072333823354684634e-01 9.814877621971959121e-01 2.363916784139108440e-01 8.984973825643548517e-01 1.902568009424707718e-01 2.643194294185041704e-01 1.663443080784383632e-01 7.954076438772680335e-01
2.718687038621570018e-02 3.211451219061691731e-01 4.098302262879950364e-01 9.110742403358070840e-01 5.718105400986194242e-01 8.576594855929010608e-01 7.950197222459570723e-01 9.911525311695665863e-01 8.162773302944337228e-02 7.867842726203831960e-01 8.312147751357372716e-01 3.211256773213431170e-01 9.395931462474310658e-01 4.661606839863015050e-01
6.587527436523608060e-01 5.338847070164512987e-01 7.891129752420672494e-01 4.249938804837319895e-01 1.168574938431310439e-02 3.323155372284024578e-01 9.894620858241096606e-01 1.845758052495871659e-03 8.295746838851623117e-01 4.419791206195166078e-01 4.576558648624019510e-01 7.651015814160422313e-01 2.091427471436958507e-01 9.226428673230390176e-01
5.422604499032497305e-01 7.858148276249488084e-01 1.265656751538567493e-01 2.364783971494619497e-01 5.441078378136289251e-01 1.878119920555687550e-01 5.209059750396213273e-01 5.086547245415465879e-01 9.392603413830341585e-01 1.469125685016448024e-03 4.817482899181296796e-01 6.593517855648411974e-01 8.279429335283388092e-01 8.367913325458881113e-01
8.515189929956732406e-01 7.488425983520177187e-01 1.507972405429239826e-01 4.270077361805590943e-02 5.891249344816246181e-01 2.995306781778889205e-01 9.709138569298644272e-01 7.831910591159285673e-02 9.977082816598537018e-02 9.734778327128086328e-01 5.698805629120312632e-01 8.258589506365576760e-01 1.911123060978031640e-01 4.754275855385480254e-01
4.855614255380058530e-02 9.958697117584836001e-02 4.341848079040855346e-02 6.171876031784827576e-01 3.618500914234324961e-01 3.975403534731054567e-01 1.844222073628810632e-01 4.403668416529448182e-01 3.476536220209588413e-01 1.250584270487969940e-01 1.992169447489128276e-01 2.950361498847942077e-01 2.512928876487212637e-01 8.549233451587496813e-01
2.835251800439549941e-01 9.603543520047544968e-01 8.298253039362820660e-01 5.830965486650161456e-01 9.443592975100255638e-01 3.175160697010113164e-01 9.807291804197878493e-01 6.971065282390438433e-01 4.627871653405652985e-01 9.966387045386162491e-01 6.747126702473473792e-01 7.210592372982660425e-02 9.949044772318693663e-01 8.372614185939439846e-01
6.909515824826598651e-01 9.643490366345590648e-01 5.569463625418534791e-01 1.950246927690729715e-01 5.866619617145018006e-01 6.177470059024674498e-01 8.219238157364531228e-01 4.747748580902433346e-03 5.679130200843502951e-01 7.760688154874907374e-01 8.020899047512815017e-01 5.936311615710576639e-02 8.004846128620366486e-01 1.416973702737718277e-01
4.775162526986780342e-01 9.727559089813974103e-01 9.075375779275849375e-01 8.688424498172541144e-01 2.289672000222181536e-01 4.162326660921166210e-01 5.856971762500861045e-01 8.201588548254586941e-01 5.808329142328485517e-01 8.099763700473978645e-01 2.147647967308196071e-01 5.402249152179339209e-02 2.368240277212889655e-01 6.655886848463883343e-01
