6.481997282929246040e-01 1.849691995601118188e-01 5.846736148732520899e-01 5.753834813194161901e-01 7.366310883765655459e-01 3.854256832299067792e-01 3.459319530981619373e-02 1.724933448069597697e-01 6.259429373808100827e-02 5.267435777301228139e-01 8.946806716550227412e-01 3.895192596485487213e-01 8.500588123008162578e-01 2.963828775991124154e-01
4.784581676102978021e-01 7.210648145421363342e-01 4.429110070457376036e-01 8.055075298914127213e-02 8.816909576555433947e-01 7.612202853396072832e-01 2.353975926776487038e-01 2.596003976914270650e-01 4.835494661641905889e-01 7.580964407056310916e-01 2.989595492760461770e-01 6.768465210644863950e-01 5.052575266949669297e-01 7.900487343358892911e-01
5.830923943637584816e-01 2.958280445710135265e-01 6.862099066914534307e-01 2.864500311897499873e-02 1.523976397044747300e-01 1.380614071553010191e-02 1.312544523948092623e-01 3.249527908935537779e-01 1.220960240915699435e-01 9.567364815390964061e-01 6.116393872689751543e-02 7.378049507324181411e-01 8.537929436599464017e-01 7.027776246167833918e-01
7.305863944608653737e-01 8.070970409452034033e-01 7.656420993332445635e-01 3.871494934921015929e-01 4.009716098588111954e-01 6.428927165414136669e-01 4.312575402912309785e-01 6.420126613910085434e-01 5.580288696446263907e-01 1.099141417416429345e-01 3.384369583969296658e-01 7.645587380335919780e-01 4.188155874619625685e-01 7.103231484197968237e-01
3.116818023908443092e-01 2.540490324489221852e-01 7.160243303434357109e-01 9.140730403159127437e-01 1.519305173753978666e-01 5.403485309356037547e-01 9.695023485916295369e-01 5.133583652619959636e-01 9.090333408998384490e-01 4.232241934414457951e-01 1.543606712668327274e-01 1.638169007794593179e-01 6.449031817084033280e-01 9.857599490982346113e-01
6.167082413031099719e-01 9.300026169545337895e-01 6.516479168856021964e-01 2.225279451673878306e-01 9.483762779075355365e-01 3.921586409655114513e-01 8.242528474837197416e-01 4.556047882032605578e-01 1.898640541368272761e-01 8.901229617129584604e-01 4.597369000364928127e-01 5.287154108415182963e-01 5.471091563249946832e-01 4.543160114221925783e-01
2.501962572416360775e-02 1.975764828809389861e-01 5.785049942655404731e-01 5.285938617874020862e-01 8.555915602176680235e-01 3.040837379654044437e-01 6.386578156732887201e-01 2.213648183369314459e-01 7.332490437047189946e-02 7.681054387060499700e-01 5.094255057175034462e-01 2.988243589650352305e-01 3.164947440130662093e-01 1.922624059605753111e-01
5.946822174464999611e-01 2.775194856206927296e-01 9.949828795816839655e-02 1.694708016182704391e-01 5.584626134496797345e-01 5.513556058187019104e-02 4.038133938211089236e-01 8.640931670191537295e-01 4.567964516881423132e-01 6.861363085874305767e-02 4.811794770286867973e-01 6.707114315375128921e-02 9.573354351017951958e-01 1.641983914629395747e-01
4.726157618671884553e-01 4.179066624408064312e-01 6.400688704042090116e-03 8.571315151765329654e-01 8.993898640706076142e-01 6.117779965761243055e-01 2.459020445631576735e-01 2.434135405726837176e-01 7.342515417411806800e-01 3.930951855484506874e-01 1.582766438022126243e-01 7.251325588179313719e-01 5.600746734593209375e-03 7.000819377258097331e-01
6.863476814964181161e-01 6.511783787344205265e-02 5.762524017860148895e-01 8.261653761002712981e-01 6.377824540423854272e-01 1.539950145054762576e-01 2.146052017483213170e-01 8.790181162736512288e-01 1.421633828544011102e-01 8.824548615323124512e-02 1.007704870149670473e-01 2.205495434262592092e-01 8.853799918606569674e-01 2.612132068648731487e-02
8.476206601060105594e-01 7.999497947926542674e-01 6.868591185004910837e-01 7.113444881412374077e-01 1.567341435010501938e-01 9.113842458312515493e-02 9.156792513175708859e-01 2.453887538242756072e-01 3.310942884969323430e-01 1.248084297372529239e-01 8.578245461708777775e-02 6.595410028070284314e-01 4.668770230070917737e-02 8.618005739838663359e-02
1.884172864312143592e-01 8.864973370246473916e-01 2.722703743336862825e-01 6.099860632376059577e-01 4.063978972413392343e-01 8.945478755563424089e-01 1.876495004274518763e-01 4.472314594910199448e-01 6.398983375353139991e-02 6.223151238592058432e-01 6.073464777272353787e-01 8.354105131458690048e-01 7.160314704675140307e-01 7.264943841906675859e-01
3.991961229524654264e-02 7.172046992993557080e-01 4.462690681259806613e-01 5.166524139053968456e-01 6.159403995399065357e-01 5.336196524412495368e-02 1.467862663825070246e-01 2.824929425472941791e-01 3.213455377302600890e-01 9.839480344053793681e-01 7.925472551606462801e-01 5.107365022698761026e-01 9.868377260054309597e-01 1.262204017467918327e-01
8.238891090642983528e-01 8.140570571019667412e-02 2.071871735465941056e-01 4.184494334043304953e-01 8.013973087929212591e-01 3.185649134718564479e-01 2.737215994664612406e-01 8.920202497686058329e-01 3.518530579215896070e-01 3.026287143787881329e-01 3.593020777751756434e-01 5.642075492672896653e-01 2.177252978039887488e-01 1.792313198485273595e-02
3.069896967441775315e-01 4.302235193947103742e-01 4.403941456551234701e-01 3.682766557911116845e-01 4.623544201960660960e-01 8.720210529453827908e-01 3.739609824203092847e-01 5.780281708559011911e-01 1.469968092387557990e-01 8.943460479618930981e-01 1.385767405129703089e-01 7.092006821534274641e-01 3.148738823093655270e-02 3.417450596862144918e-01
7.883873066712999700e-01 2.488113625070875745e-01 5.830440453819760727e-01 7.755589704677582352e-01 8.838740576427671636e-01 8.915188613751023894e-01 5.197514032824297470e-01 8.408348609586011602e-01 3.865048590586911414e-01 5.180026635167704896e-01 6.280544240617517149e-01 1.777733130835710273e-01 9.083815344165638850e-01 1.687018518325998917e-01
3.757503063852318803e-02 3.682760408560162846e-01 9.770784956733379323e-01 5.544823895574905182e-01 8.538630866639190797e-01 1.448497431867550311e-01 9.248380453007915003e-01 2.853002025959938681e-02 5.465908996575733481e-01 2.358569107532682008e-01 9.464118610471767834e-01 5.696447413692018458e-03 9.090735618014672559e-01 8.241208321102767576e-01
2.098477042177840923e-01 5.274351605353458927e-01 3.311318695157412506e-01 7.166231429941859465e-01 6.648490128170538860e-01 6.170259952313411622e-01 6.568247728138005836e-01 5.634964861555569193e-02 8.218472108177389268e-01 1.257711694574408234e-01 3.572861968789894371e-01 4.401422988822920601e-01 1.565815322161698830e-01 8.720109244452111108e-01
8.223423670815075415e-01 5.066975725793165797e-01 7.719550120327106635e-01 5.830414683940399190e-01 2.273785103522564244e-01 1.717727433653204461e-01 1.769516452438872900e-01 8.946875496153089413e-01 6.285537658243878223e-02 8.591672417249105465e-01 3.968351381369273900e-01 7.872881634736359491e-01 1.210357923397585855e-01 2.455618712850544672e-01
1.991251434401185572e-01 2.525074865450925854e-01 9.387897063809879095e-01 5.938631915021012064e-01 5.176429025050099941e-02 3.567535068271472376e-01 6.409567607690613844e-01 5.934190458589030381e-01 9.079106738860975856e-01 6.951594227606416876e-02 9.570247785912419092e-01 9.242486213126588357e-01 1.446877137237139177e-01 2.677710740029227710e-01
5.561138446595268459e-01 9.439669599174024262e-01 7.740034345595104837e-01 8.302580426446759532e-02 2.713813757748251287e-02 1.963312368815772757e-01 4.818681095046096763e-01 5.689443568297937182e-01 6.227241444466745657e-01 5.190087941875424216e-01 6.776134763868698618e-01 6.405454343689713781e-01 2.896357893184288157e-01 6.263207879019415669e-01
2.580113044579669390e-01 1.947475254302337699e-01 4.624381810076240162e-01 9.161973726053302958e-01 9.706456661816118547e-01 7.960741174571565049e-01 9.482009597988927396e-01 9.493402560496956299e-01 3.383471487715762338e-01 5.640968810594712002e-01 1.023536815562734459e-01 9.624433092030093562e-01 5.103444027377742609e-01 7.905202922372267516e-02
5.502162820440733570e-01 1.424190076070430688e-01 9.976656126062790619e-01 3.227203073019021540e-01 9.726237120497656097e-01 4.751388884964803383e-01 9.908078655962246906e-01 8.229633076089950539e-01 4.378226873272185182e-01 9.951928442362367733e-01 9.809180409112916443e-02 4.791878844047652297e-01 3.090942479120448727e-01 2.436271508068897917e-01
1.311325280055175568e-03 2.645370610638041464e-01 7.168300959070839085e-02 6.251630607081759550e-01 4.504342945502970430e-01 4.209625512422233706e-01 9.108932502960234157e-01 5.005556725418767172e-01 9.302008391325573555e-01 3.175766933813013448e-01 6.339552483886129464e-01 4.216542712997951581e-01 6.626677540684068335e-01 5.125338412927458176e-01
5.190459091735859509e-01 6.401971762160350021e-01 3.492522448061661233e-01 2.875760618153443415e-01 5.337153576062481086e-01 5.124915177382879383e-01 3.802797726796613986e-02 1.344673277349668350e-01 1.654816075668419373e-03 7.414633277082202101e-01 9.673585234185766435e-02 6.739359017742541091e-02 7.759903213464812710e-01 5.547281157397785378e-01
6.879996248068065423e-01 1.664075150736824549e-01 9.302132266842411124e-02 8.729712356943547524e-01 7.621494020780325007e-01 2.320846968801100196e-01 3.218665135272305022e-01 1.810940077850382579e-01 1.576747500112668510e-01 3.865388203973442183e-01 3.013065266978819379e-01 1.639314084568740393e-01 4.479945906932070177e-02 8.889073849099203839e-01
1.584604825353085333e-01 3.121320210025457786e-02 2.044558936339301303e-01 1.492788107129341402e-01 2.429875023084617780e-01 6.395439828641880098e-02 2.406489546194698903e-01 3.062368753670380306e-01 1.928826794556653956e-01 5.945662634213789710e-01 8.335809485770115934e-01 2.368325675195237512e-02 9.829954102466745836e-01 8.966292147475328767e-01
9.672125512425406857e-01 2.363695377937355957e-01 1.271652588577357745e-01 7.196385983794331143e-01 5.238500498298125363e-01 2.688044807652607560e-01 3.511966131273579483e-01 1.818107960095520781e-01 8.244292357840826702e-01 3.349325929258414325e-01 1.574740842201489688e-01 7.887344487335176124e-01 9.459871993927937428e-02 8.240622440180733754e-02
8.571447462386673211e-01 4.873683302023025243e-01 1.092442775260514809e-01 1.842575455214067182e-01 2.027950296244753758e-01 2.375183619452782002e-01 1.733277969609438030e-01 7.183971103271844516e-01 3.785626234524573919e-01 6.686229094182478683e-01 6.906881619538391970e-01 2.147832086277251529e-01 9.959163886730947324e-01 3.664813393597854407e-01
4.518262240645974925e-01 1.005994088785876484e-01 6.439410385188814034e-01 7.020674680002101375e-01 1.204431301240146412e-01 5.294728862465487573e-01 1.949274897502433213e-01 2.055260818237664155e-01 5.935604251407536891e-01 2.865965253208613284e-02 2.237755089475979009e-01 8.757191710478817726e-02 6.877407222407666554e-01 9.732104994003858423e-01
3.529615565864033799e-01 8.053631326663464041e-01 9.116544766851641945e-02 7.342741440285953658e-01 9.194166377748259622e-01 9.112816220021047187e-01 3.700937034409301774e-02 6.941302889550950983e-01 9.796535493809377382e-02 4.424400247482463966e-01 9.466232665116889322e-01 2.714107704752668493e-01 7.738975485567367585e-02 7.443539176399474044e-01
6.961633952439301165e-01 1.833077000633784870e-01 7.769101258040421731e-01 1.916362720519748652e-02 4.139776150695403389e-01 5.948672565631912823e-01 6.046986830054686957e-01 1.420996054497497552e-01 6.788784639453813163e-01 9.644497519800080410e-01 8.733114725373635201e-01 7.869444177455608980e-02 2.750951650943977977e-02 1.533577555323392128e-01
5.585608297229900376e-01 5.294124174141423556e-02 1.982534968519871210e-01 6.769155485699702712e-01 4.081405147679841861e-01 9.922032898299981696e-02 7.254865957431048118e-01 4.368211014516261148e-01 6.092529578922674105e-01 4.540930169437595865e-01 3.590820482781957868e-01 4.183348141160279088e-01 2.410667681824516517e-01 1.841096056484461396e-01
2.486680966604865040e-01 5.215421749293432940e-01 1.569055885413060958e-01 6.726908146499355201e-02 2.948928070586320782e-01 9.188248822473432664e-02 7.435481762595370636e-01 7.515931374379558605e-03 6.199112634978097836e-01 8.844236387855777259e-01 3.788939614954686119e-01 4.804064944446319041e-01 6.713800080482401622e-02 5.509629781058934528e-01
7.139910723500930700e-02 8.643580383229007014e-01 9.781244663235946213e-01 6.026764498707747331e-01 8.851070924703207110e-01 7.925568319292337627e-01 1.135815188240696383e-01 6.227878938339281856e-02 8.154363617345756765e-01 4.567153827652434828e-01 5.029570280767836632e-01 3.980886164458525833e-01 7.483829460075207551e-01 2.314942926014373903e-01
2.862522462366416942e-01 1.762755633918478004e-02 2.249065581241282974e-01 4.230246518984036586e-01 5.284032792637202158e-01 1.736947912060138322e-02 8.339591679448910000e-01 7.787201122286037114e-01 3.552577954110681668e-01 9.986691757107979406e-01 6.452446173732271362e-01 7.283110267461103682e-01 7.386990247119712416e-01 3.675217563287700440e-01
1.234980121123329111e-01 7.456191935466663923e-01 6.607518295187534418e-01 3.462583076375653768e-01 4.624725153310648151e-01 1.164012051657528080e-01 7.070672974162365287e-01 1.470353260760415282e-01 1.769515253996902793e-01 4.530715966681136964e-01 3.096063620547202522e-01 5.942724725169705735e-01 8.058143754232915956e-02 9.824587409224185830e-01
2.881841414878654195e-01 4.208617721734322359e-01 2.903224325365191261e-01 9.210583177836850766e-02 7.464008412040814555e-01 5.440522099613985807e-01 6.993259365759585400e-02 7.547054679288617285e-01 4.476326686523915965e-01 6.768173772534840094e-01 9.233352219217688672e-01 8.740329731912249711e-01 8.072165029367788236e-01 5.836248163705091141e-01
1.410614694260737823e-01 7.999468890305695412e-01 8.339724982384978391e-01 3.308893224877765826e-01 1.947887425216777713e-01 8.872298112237301249e-01 7.687265910566072336e-01 2.070042994354734933e-01 2.486870403094454396e-02 5.285816131656003725e-01 2.758406930919644617e-01 1.533924387379265175e-01 4.617661006949415059e-01 1.279464411158867110e-01
9.280598005679455698e-01 1.801153870406770885e-01 8.674690587368949490e-01 7.204231211666559664e-01 4.814229581835341998e-01 4.441666373385932953e-01 3.135928683813565820e-01 7.252792846874058785e-01 6.358977820064447561e-01 3.683997084076948703e-01 6.649537362756008374e-01 8.359533844625449683e-01 2.639096900332866813e-01 7.457468951390393563e-01
6.927856605418463154e-01 6.699370865346709891e-01 6.268233684176324205e-01 6.203318671105807480e-01 6.028843383571916847e-01 1.019592287230507432e-01 9.598196038488299164e-01 3.880071259868355105e-01 8.153994367900008200e-01 1.043017377480055519e-01 3.911365658005538926e-02 1.088810136463116418e-01 4.160261942900884691e-01 4.072464879190383913e-01
4.349564328563616522e-01 1.209420121531872283e-01 6.432986696651085134e-01 8.986724664881062807e-02 5.480900131107442341e-01 2.221996959217503731e-01 2.592956958749170759e-02 5.397356621264740584e-01 6.134215387304146061e-01 9.883257572820440817e-01 8.571521328053993694e-01 6.579411666168443196e-01 4.596253726425246766e-01 7.066847532318019098e-01
1.983687612316362703e-01 4.150160393199842090e-01 8.620357126027587968e-01 6.462742931165181837e-01 9.096276406591782271e-01 9.724977358789944626e-01 8.198483160648158963e-01 8.889449050106487116e-01 7.930422420739219325e-01 5.367843156167116936e-01 2.951499402017214724e-01 6.053252661492185549e-01 4.904552537926308853e-01 3.131323852730700796e-01
9.285683098781876144e-01 8.072279842916686432e-01 3.566319729418232498e-03 5.098838687397050373e-01 6.229618051150241920e-01 7.042360932555713493e-01 8.840517116306069179e-01 7.617246003452775582e-01 2.077376746935218899e-01 1.196697604122475278e-01 9.684230953213274207e-01 8.453268615246556372e-01 5.120236964834123938e-02 6.811171623890962534e-01
9.540864577281392700e-01 7.439927353917037411e-01 7.555853827330003547e-01 2.658747837331558728e-01 9.300332233825551187e-01 9.521656894427451556e-01 6.090119663822912699e-02 8.595783563307209940e-01 2.256188065459940884e-02 9.217574148514813270e-01 7.672086911902789019e-01 6.923052723201943426e-01 7.991184739538954585e-01 3.353550526187346614e-01
6.145325228025707576e-01 7.224229674666741152e-01 2.989709515436400622e-02 3.850137830193857136e-01 1.519519709478618363e-01 8.807951730762335618e-01 7.717524816628167361e-01 8.160824184612391896e-03 1.685885025609794585e-01 3.233966946423860733e-02 6.573532751054023127e-01 2.449721518011173105e-01 4.397527240066392284e-01 5.791459004646142272e-01
2.789126116302172997e-01 7.980868794520568077e-01 8.181800068519808899e-01 5.412893776843721305e-01 6.973748405321208432e-01 8.787280771142480518e-01 9.876106269853747177e-01 4.256894993771893621e-01 9.428445122335488149e-01 7.641943946286611222e-02 5.488671355142747954e-01 4.040823379598202925e-01 5.674922613359639767e-01 2.799262864264820960e-01
2.038877092044922845e-01 2.570374572944525982e-01 6.775793373462235536e-01 6.831253788603864896e-01 7.971917925829413720e-01 7.647638374203443723e-01 2.378599278464266220e-01 8.633523895832743156e-01 6.089403436789698754e-01 3.363258641525045389e-01 3.718103471721040387e-01 7.184015414053733783e-01 2.926883864150296999e-01 3.398189488564438143e-01
5.242005121964630199e-01 2.278197474137858558e-01 6.426635120509692767e-01 9.940948331678438610e-01 1.578371346338797165e-01 1.084965274363223209e-01 6.584930277418915567e-01 6.795327885399298218e-01 7.374287691085117391e-01 6.724341381617137126e-01 1.069405014069384485e-01 7.142097099719065811e-01 9.398700508734334491e-01 7.612445689435983764e-01
9.597146118248160995e-01 9.727544681280209105e-02 4.222001985737164897e-01 1.279976879857978034e-01 1.235821525213515182e-01 4.532005739713420578e-01 7.588432833861149529e-01 3.770026867952065430e-01 2.917278663649841564e-01 8.382288796607676451e-01 7.043700382382447334e-01 2.566431025020381451e-01 9.510143486033570959e-01 8.900621911594576163e-01
