2.688011610501828130e-01 9.097656690844749816e-01 7.901331734879835089e-02 8.503351387700734954e-01 9.381512299366889795e-01 3.350537561745561277e-01 8.417992253169126471e-02 9.865980142008347054e-01 5.916160063381348255e-02 9.599991622679230341e-01 9.695233843508919147e-01 4.097598362263287219e-01 9.345147879591189088e-01 9.934778660136789341e-02
1.120943085853832732e-01 5.604009709053647814e-01 5.507029450541042204e-01 7.076637241322207839e-01 5.935274225623879962e-01 7.840838070529299042e-01 4.742344468396234580e-01 3.843370854055997432e-01 8.232214178863389575e-01 3.459814342763330997e-01 7.787191122367131957e-01 2.471334170629713167e-01 9.152652933728705476e-01 2.422209304188349677e-03
8.852426629009414460e-01 9.353593313478835158e-01 3.342390599816300600e-01 1.416524261720224498e-01 2.651238013803686178e-01 9.819559111494550185e-01 9.193204009435982371e-01 7.874131591452312451e-01 3.161856147798591810e-01 7.259714929465326261e-01 2.964466790325160916e-01 8.332874556217881867e-01 8.404338768760181155e-01 8.031736336594982317e-01
2.006124761240860588e-01 6.263260958523619859e-01 9.167176068829377966e-01 5.768533824861995507e-01 6.185395920701891592e-01 6.168896822343094000e-01 7.662583524884379882e-01 8.835583486525933061e-02 7.897414472254677964e-01 9.620145465371081617e-01 4.449331664153464150e-01 6.308908954694730786e-01 1.139296651882232281e-01 1.209970533983202312e-01
1.139700069169672370e-01 2.935344923896455738e-01 3.683361877668720474e-01 4.313270625594864960e-01 5.978575010464355355e-01 2.416828150954550836e-01 3.594262443797680007e-02 2.063708156223394985e-01 9.506960544227989196e-01 2.984741407031976657e-03 9.751299444669551120e-01 6.430828281970899507e-01 8.340653851929734630e-01 1.677043097011181594e-01
9.160474616703248030e-01 1.619634029008446552e-01 6.885726647587109284e-01 8.495285591891776900e-01 1.135888718796507213e-02 1.273222595913959809e-01 7.487487080635800707e-01 8.675318536055498519e-01 1.347537222137413782e-01 6.846869817095435629e-02 1.909052985957987447e-01 8.179851082951675734e-01 5.228761802512709167e-01 7.693058606699729740e-01
9.372791560142782474e-01 7.022215155607430814e-01 7.249697267350233565e-01 5.819304425589137963e-01 8.600491364378309855e-01 1.643625093439055052e-01 2.900438745402825758e-01 1.132435640787865516e-01 6.213060537057930599e-01 3.501651320676285595e-01 7.666789752671918645e-01 8.271856868504561255e-01 5.907204590406549549e-01 7.713254642174794951e-01
3.040595385849008681e-01 6.804216209372947466e-01 5.802789370507245303e-01 8.343930490871686034e-01 7.128831284676240276e-01 9.416718813564418644e-01 6.413751316791741486e-01 2.121187413960187174e-01 5.698793705922958752e-01 6.991211439735597333e-01 6.829925949969446464e-01 9.948370704591108504e-01 7.674034982063721033e-01 8.539885317071570503e-01
9.673725589301520600e-01 2.850340890374325475e-01 9.143225838182492682e-01 6.472368414682887483e-01 1.817903235036808507e-01 9.483761272000125198e-01 6.342731180544682879e-01 1.904188344740264105e-01 9.168953255057809004e-01 9.222893070550594041e-01 6.832571577166357546e-02 5.555481028703398438e-01 5.588759947307619935e-02 3.167965598111667225e-01
1.916041549902585128e-01 7.656190427794939968e-01 5.942149545670284416e-01 9.770608128857874997e-01 4.452277071011501164e-02 9.688117934681798049e-01 3.092370216293552909e-01 7.916086325737019536e-01 8.288279411348686843e-01 4.891834996926012202e-01 9.273363265496770147e-03 8.960398504353125348e-01 8.075959651328442623e-01 2.530278746886058805e-01
2.640066442245956324e-01 2.441162141200398095e-01 7.461643368842764135e-01 2.063451542992444931e-01 6.986481824285384334e-01 8.385884343661130780e-01 7.349663996434389057e-01 8.137897241440225082e-01 5.339120178254800342e-01 9.468015180613450488e-01 5.089049416677807747e-01 1.330605032890213035e-01 7.516596083075125501e-01 8.334555520729524103e-01
3.668952603356189224e-01 5.751484179729815516e-01 8.252594558851230611e-01 7.517315642994171210e-02 8.719043339528642633e-02 3.770275252479762251e-01 5.884936460581469131e-02 5.370861916441103112e-01 7.033756234396714158e-01 1.339872275032177873e-01 6.269598466988721697e-01 8.021248523689001875e-01 1.766552794918647695e-01 6.450189137426804997e-01
1.718356199097815784e-01 6.334895173668602109e-01 1.270263614530041663e-01 8.607568128898335225e-02 2.169122058703528699e-01 1.938718595636134134e-01 7.729300615951636422e-01 8.698518055210051614e-01 2.967349481786764054e-01 1.915099370878313723e-01 2.309106802973354133e-01 5.874698442774356488e-01 5.101800911070636380e-01 5.974229156331785084e-01
7.189002451884630718e-01 4.230886308714841837e-01 6.718884679479815158e-01 1.863724003052351641e-01 1.377141647245894163e-01 1.301606372425814229e-01 2.388950450567339789e-02 8.432215451543824125e-01 8.362535560734694062e-01 1.602566981428877879e-01 7.090134327123530644e-01 5.456638933281547921e-01 9.635213021498880703e-01 5.605032056826511067e-01
1.074356726657467176e-01 3.748521970286358140e-01 8.371582740208103335e-01 5.238635533308658720e-01 1.627616745146509558e-02 4.894255741315843844e-01 3.023618171362529861e-02 2.509574804750821508e-01 4.170837657340256133e-01 7.557507883802312421e-01 6.028451998538961742e-01 2.081281064713231821e-01 1.409132820934988484e-01 5.281074592806789259e-01
4.420641571849219797e-01 8.328665575417948386e-02 6.343021095962183553e-01 5.778327894928482200e-01 4.734577895474242348e-01 5.650695299863347509e-01 5.646886227987375495e-01 1.832682289045511892e-01 4.551872572367798853e-01 6.488530380667151265e-01 4.561397847667858496e-02 5.373410006144102580e-01 1.258770316714392656e-01 5.430403768217850757e-01
7.798706419009553414e-01 8.902160620812704650e-01 1.647513018280961639e-01 6.535535500062610303e-01 2.027584256944668928e-01 6.756934270427137346e-01 8.824277377782913101e-01 5.611623335604440932e-01 8.032971540085037665e-01 9.945620532085667209e-01 7.557428831683330461e-01 5.024571680132633444e-01 4.933868260613099022e-01 1.290328207242097402e-02
2.758394921848762449e-01 9.528364899194884385e-01 9.398164850429702177e-02 9.872880274188887695e-01 9.897965323690707251e-01 1.595268041757269550e-02 4.542479400647451149e-01 1.072741983706892999e-01 1.754153380107137394e-01 1.120701900408034302e-01 9.416587485312243322e-01 3.978795633254663677e-01 4.124727520254669599e-01 6.187345888405555439e-01
6.474521945372672116e-01 4.980985826748337564e-01 7.087010332771332966e-01 3.912394017539704283e-01 3.984243331464168980e-01 2.575325505334888909e-01 9.538787688201962878e-01 3.043381170533323576e-01 9.613050936428316762e-01 3.186730148017945519e-01 7.616693206824638462e-01 5.630777740715983137e-01 7.149991761704644899e-01 7.845837612398233185e-01
3.785516126233801071e-02 3.678066201223431086e-01 2.428341618393814461e-01 2.021719147166245456e-01 3.541226353964698204e-01 8.684118059589271965e-01 8.850144800870336503e-01 4.913215071049713556e-01 7.191635398273776847e-02 5.936135380685504392e-01 7.636928152887730858e-01 3.338227889821274719e-01 9.828403588895159304e-01 5.312736743611653489e-01
3.581765131001913849e-01 7.660213204064031389e-01 6.686701108325676657e-01 3.085563279409405668e-01 7.701641509616170556e-01 8.867836417480026157e-01 5.000626511483229342e-01 8.619391601460100194e-01 9.699648766570916347e-01 8.849106721656772034e-01 7.641759866090928055e-01 2.736345714504162530e-01 4.656760826843472367e-01 9.228158656627066803e-01
4.547449795918407922e-01 7.855586021230704930e-01 4.189283608520545377e-01 8.530949878904083850e-01 3.262765425272433628e-01 5.631069160338205704e-01 6.504720213412930052e-01 9.633011785433904794e-01 4.358966738934588747e-01 3.316533943503208182e-01 8.821624138314156927e-01 6.508189520147324991e-01 3.617230265250575005e-01 5.282576225540535075e-01
5.896478885414246918e-01 7.684256417852175503e-01 6.387746807305000329e-01 4.073155566561419416e-01 6.207245973406949613e-01 5.563103894746241895e-01 3.186424903825834098e-01 1.693911347505733245e-01 7.765897087381844477e-01 7.510661628292503167e-01 1.663914835803793624e-01 3.719150476616488454e-01 5.357668591033863947e-01 8.747411887986422663e-02
7.430982977762722319e-01 8.010184013265041481e-01 9.857446533904534736e-02 2.819472071625869214e-01 9.421789602482383286e-01 8.788767356368666350e-01 9.078553586218688354e-01 5.538026697897324713e-02 1.867088461466697158e-01 6.023847497665286710e-01 6.815546677589587876e-01 9.784215651773680023e-01 8.437588775510964645e-01 3.901673033039103622e-01
7.826128404234672375e-01 8.682888923055487318e-01 8.045434126100796668e-01 6.391056699651278539e-01 2.995463567965949148e-01 3.485370716416439363e-01 3.236523211904382968e-01 4.051411623513428983e-01 2.242254586495885382e-01 7.194857262628029382e-03 5.403046483357255569e-01 6.638368111722939835e-01 2.307484311881102812e-03 3.014669962220589694e-01
8.661242986135537780e-01 4.017131976301790974e-02 6.400253721636202098e-01 2.519662399486798376e-01 1.381030152111457632e-01 2.228494601007608988e-01 1.341094759319914065e-01 2.187953172077150565e-01 8.070905214371445480e-01 9.680550948017000445e-01 9.033222338249335959e-01 1.225558535019638517e-01 8.281607382179955179e-01 3.752575590568926200e-01
7.615815574279615197e-01 2.350741608685494866e-01 3.166743138522820633e-01 9.892721303539183664e-01 5.187452262033094286e-01 9.443270490258595107e-01 7.455568470728486385e-01 6.318094635788571445e-01 5.103032640124902652e-01 7.064893980408023522e-01 2.217752487323155774e-01 4.299045580873829264e-01 7.001053072903414831e-01 8.419352007900362533e-01
7.847963737571049814e-01 9.351737813399724208e-01 4.236545919577050512e-02 3.523571831635159413e-01 5.671040527842372558e-01 8.451931531242348195e-01 9.102113551879856823e-01 7.625481257559222348e-01 3.734537754668568743e-01 7.492124530475277044e-01 8.961023999791454253e-01 7.659786516164601711e-01 1.621275777558980336e-01 7.302703564179985340e-01
5.811434112201744329e-01 4.034683178949391991e-01 5.348015317298565607e-01 6.550872056607592864e-01 3.280293644079180782e-01 3.261821617611428969e-01 5.640626426931800719e-01 6.043205377529503597e-02 2.601404896741587036e-01 6.476046248177743658e-01 3.190057864120776632e-02 8.374296643250108696e-01 1.993236745931686871e-01 5.178483243484666154e-01
4.780914856486740971e-01 2.363841851674626238e-01 3.877371747145991199e-01 7.042203710605898781e-01 9.628124244250032548e-01 7.222339539168342037e-01 5.960752407055296409e-01 7.665371182290582341e-01 6.655728462183815308e-01 9.428645950190130964e-01 1.415229777572356573e-01 2.022436273410010976e-01 2.678228001742578579e-01 6.663547953555721826e-01
6.196043992445828819e-01 5.546477660152870914e-02 7.630144630223714142e-01 7.124392285439614669e-01 7.237641443062081681e-01 6.637389287916117819e-02 4.131316142439250827e-01 1.616239926564101426e-01 6.420548359425169993e-01 2.308213818896626135e-01 7.743260639660906053e-01 1.746422753259062599e-01 8.530851503394286661e-01 3.866355651815028827e-01
6.313401358254389084e-01 3.302422268623916857e-02 2.202683564792800031e-01 5.920825459406070523e-01 4.352864182096252144e-01 6.977087258106307033e-02 4.151528386480846100e-01 3.054302953913878849e-01 9.573100612337174242e-01 2.146520308958677070e-02 6.871637844350366731e-01 9.310649054580752981e-01 5.312944520991738084e-01 6.662868245151630786e-01
9.968831721338374807e-01 5.797664343611859117e-01 2.452764592804316246e-01 2.036433879952206372e-01 1.584197553528099434e-02 9.642260076989683792e-02 7.061977615162565725e-01 7.509134845646605605e-01 7.278103369461076388e-01 7.233473053229334537e-01 4.521920026285626282e-01 7.552609797586361529e-01 5.821367830989820913e-01 9.987871965994370438e-01
2.714560608415191867e-01 4.773776716701343403e-01 2.293313404527611565e-01 7.026421638352731147e-02 2.226022286438121833e-01 6.623016183743177798e-01 4.884421537283052395e-01 4.547818370174918634e-01 7.896741876946559158e-01 9.536238782934106650e-01 7.932467229690003396e-01 5.820341680949582264e-01 1.682441254408315601e-01 4.966214966242139539e-01
1.645619790101742197e-01 3.904892555076946437e-01 3.978881918281989005e-01 8.885339051572230806e-01 5.705110016106076376e-01 3.089410352653272351e-01 9.058178012639582777e-01 2.538770567100127051e-01 7.033085241584550173e-01 6.483849626540791888e-01 8.123092720328400906e-01 7.153667989318737153e-01 8.470703299062634084e-01 6.176996464771923323e-01
8.806656122690761368e-01 8.510646622153593688e-01 2.895820587260022894e-02 9.478415277191719612e-01 4.232675714994486027e-01 9.200259500550042047e-01 8.507143180802138049e-01 7.500422648698991113e-01 8.408867242134194786e-01 7.936457896150348468e-01 2.665710183545610956e-02 5.138301285347585123e-01 9.037935886128778407e-03 8.185244741416595193e-01
4.879287482802724396e-01 7.292043221597800384e-01 3.632870663367541164e-01 3.131713929686922304e-01 7.673396374136147724e-01 1.085325363935136789e-01 8.524296641242405936e-01 9.486225386330803255e-01 7.110186685773011162e-01 2.280089436015662052e-01 9.478691458358992072e-01 4.169146657786433341e-01 8.097685298269485799e-05 5.475291868020530917e-01
2.593855428146057962e-01 9.911731502192154819e-01 3.305466329186224073e-01 3.540479512485339431e-02 4.447944429829926438e-01 6.214676640216414416e-01 1.499867974675487270e-01 3.679193640300034707e-01 7.462514644017137488e-01 4.033795639189271531e-01 7.758640224577229016e-02 8.443681853098217172e-01 2.896921382207927609e-01 9.326716418510044848e-01
2.924734458095523681e-02 3.969569890210834506e-01 6.384228330446052313e-01 6.575587864445457953e-01 8.413642411184341086e-02 3.781837566715307020e-02 6.009772898742717917e-01 3.112208795960695884e-01 2.702797941795529457e-01 7.614718039949528450e-01 3.480666434718159286e-01 4.333227417287548455e-01 1.745456447450888238e-01 7.346788312971446189e-01
1.068601634322955407e-01 1.748657119571813690e-01 2.041651785989379020e-01 4.388757600729951136e-01 1.946713972622032829e-01 5.616646697591951565e-01 7.959411977205096411e-01 6.075490894872588310e-01 9.035460874761322980e-01 6.577614938275632150e-01 5.236394898422097599e-01 7.269332340894306688e-01 3.581733745088402365e-01 6.946786869204372161e-01
3.589668541672307311e-01 3.830970999868363869e-01 4.718506236267764331e-01 5.823561083614183786e-01 3.241820289596951676e-01 5.677023996320383903e-01 6.868691697556156273e-01 3.021943110418272571e-01 5.017209860011971889e-01 4.042378983222999489e-01 9.950901693322864450e-01 5.354414296583648314e-01 4.394029779552488524e-01 5.139135103913010649e-01
1.066660708648203837e-02 4.245128421446081601e-01 7.421854192146178919e-01 6.575086147378232937e-01 4.218787015464995349e-01 1.561855213237368645e-01 6.604243647630174685e-01 7.020401931331463619e-01 6.152565959905357262e-01 3.518610981299910012e-01 7.300468581044003979e-01 6.379699519168776645e-01 2.404841227966074690e-01 5.042381908417890024e-01
2.045543447972910656e-01 3.861957656331336253e-01 6.206910166593760936e-01 9.703670171531558752e-01 7.125664124272125255e-01 5.973227596404340201e-01 2.845922275226431264e-02 5.666101758675150535e-01 2.616898985650285558e-01 7.338400287359554408e-01 4.984979738133435978e-01 8.355652285003545288e-01 8.780997325291318711e-01 6.583088498989254633e-01
8.805431100097834696e-01 9.642836703898736150e-01 4.708551516134255044e-01 1.214640617884381601e-01 5.774710509105572820e-01 3.021919236682937271e-01 2.006370812996630670e-01 5.140451899060406449e-01 1.718419800795261132e-01 3.523745769346057211e-01 7.961344564845439509e-01 9.250275994248846612e-01 7.354475574863178489e-01 2.598435221415618113e-01
2.201943024983450403e-01 8.085004556078151383e-01 5.324490746621350912e-01 2.755214475752409964e-01 8.909105452296737226e-01 7.057924060743315797e-01 2.814681898556319339e-01 4.713042509233206223e-01 8.521017545928339931e-01 2.173087994688889246e-01 1.362311923865038299e-01 9.610214537047859773e-01 9.630539295441915559e-01 1.807108934660512922e-01
7.359525295879709716e-01 8.529702447992814074e-01 5.853550968044374248e-02 6.009788481669416926e-01 5.845803328057767034e-01 3.904594006268847783e-01 7.716396444781093988e-01 9.274672766954985548e-01 4.672032228910550922e-01 2.506781038745720114e-01 2.993040261291154414e-01 5.917861530020607219e-02 6.715462568922181408e-02 1.872637596053727815e-01
2.538076766873209600e-01 8.624285737307256783e-01 7.656706739146268426e-01 7.086855684796283805e-01 9.447315762558916585e-02 4.546775152253936803e-01 5.879097630160234900e-01 2.085754733250390069e-01 8.179346986776580009e-01 5.258014717465379073e-01 2.004389425693223759e-01 8.275832826908917639e-01 7.680498415159388026e-01 2.194897494702234830e-01
8.344851657173942838e-01 6.211347918511035404e-01 6.265365510196070353e-01 3.177232546304044059e-01 8.965135076386512303e-01 9.269115899388856716e-01 7.935649360772469851e-01 5.713892458434746136e-01 9.033630133206421720e-01 1.008818641726951792e-01 6.209216871163494300e-01 9.394366219758951697e-01 5.228213215747877785e-01 7.811562381390225740e-01
4.232974647159220005e-01 8.591073658779638800e-01 6.924520180308924022e-02 4.037450319973749924e-01 1.203295847157435094e-01 6.433874823951571953e-01 5.133959110245527313e-01 9.009482014013415752e-01 2.339695249390648657e-01 7.096920763955550937e-01 5.191741652901880055e-01 6.343508319148126740e-01 3.775867490386111136e-01 7.874643111138150964e-01
5.622820073847631939e-01 3.567837693554543055e-02 9.300063353338021699e-01 3.159624277339490028e-02 2.102545226392856792e-01 8.710527940508049349e-01 7.968527081721735739e-01 9.982116443351017887e-01 4.821849074908822752e-01 1.171009167670342688e-01 4.857205406595550556e-01 9.110597743275850036e-02 9.829825973367708469e-01 7.936451801059447586e-01
