3.056577050719673228e-01 4.965378109712560439e-01 6.966103294854278927e-01 8.970954854236637965e-01 8.304946564846791279e-01 5.955780467728720717e-01 4.977334381185130052e-01 4.949015025710389315e-01 4.916942721505559444e-01 7.623365742627892239e-01 5.092866065904705364e-01 4.635004563953835088e-01 4.719871839193390262e-02 5.600051686493908720e-01
8.344452318166872828e-02 9.374690351165130275e-01 5.309476539706503573e-01 1.493128298988930514e-01 1.325013703868075376e-01 7.274047712119565690e-01 2.188761857847367764e-01 4.949155048798113965e-01 5.396370448797876973e-01 2.246967831824390194e-01 2.553813369959475610e-01 4.737484669708559304e-01 7.841274627436353173e-01 5.917802634177630194e-01
7.953581127357111091e-01 3.570917653518157486e-01 6.290373075721075180e-01 1.116588197318224562e-01 6.427971873190526653e-01 5.423013408185556328e-01 3.372531936711785638e-01 8.397289463834186618e-01 8.980778144993086798e-01 9.623114160385282112e-02 4.498460228826411944e-01 7.724813357868677288e-01 1.833943980060182000e-01 8.450472403697462109e-01
4.525470738101263768e-01 8.422869125896107478e-01 1.754899785704766568e-01 6.888521638425073590e-01 5.734738466503686016e-02 2.856153656138173957e-01 5.624310575854918337e-02 1.593831147993485242e-02 8.734003791174674847e-01 9.740856822309083007e-01 7.141241855404586447e-01 5.776859325182623905e-01 3.778253133144603426e-01 4.018852831348879162e-01
4.015734354781870241e-01 6.653693726070331049e-02 4.175943822757780532e-01 4.772353410381154903e-01 6.064738107272527046e-02 1.068225111616993850e-01 4.224921604234824768e-01 4.062640373079384748e-02 1.650368666927348738e-01 1.183578852391931058e-01 7.482795586903155938e-01 6.508881162098582029e-01 9.173955335981539561e-01 8.253587641965068888e-01
8.710162218529103884e-01 4.388335582675056967e-01 9.839993192938504274e-01 7.958413974912303956e-01 7.590974847643418011e-01 8.821479389766152535e-01 9.257885122262056177e-01 3.827645132364411173e-01 2.285820492549469618e-01 5.017615700992300587e-01 2.110412491902454724e-01 8.473694053643557877e-01 3.189418007178614900e-01 7.400136320554154823e-01
5.028455208881844607e-01 9.222695467823216475e-01 7.640956844787333280e-01 1.264999711429238838e-01 4.084488312110104991e-01 3.240537899856538173e-01 2.412582455868538256e-01 1.499305690489272092e-02 9.237713085438388205e-01 3.276177707352091462e-01 1.613360729291657414e-02 5.037944734622956666e-01 4.975420294165374679e-01 1.815574950827691936e-01
7.910260440168481733e-02 1.081288969903724251e-01 5.622927605654995942e-01 3.779734866727735287e-02 5.825672350006633193e-01 2.330083908434398277e-01 7.137409739609634762e-01 3.176193474271860051e-02 9.697591710809523313e-01 9.761821966902417547e-01 9.444502307163765709e-01 1.833676740207453859e-01 6.608167235371890103e-01 7.417605568889904522e-01
4.042030920014891837e-01 1.568761369389081173e-01 2.280374346834078692e-01 2.756887273529066151e-01 2.919188285598769417e-01 5.414025595318232575e-01 8.166063685698257135e-01 6.957658583729431356e-02 5.556920744564552983e-02 8.335805192910250572e-02 1.274894680644903522e-01 2.040515814579153542e-01 4.870392509576626505e-02 4.925972719560195445e-01
2.422402346710578191e-01 6.660707827983843865e-01 8.415290006233999698e-02 6.524651571283409668e-01 6.172658455980993830e-01 2.093855751424633649e-01 8.914935087554270998e-01 5.246249960489226538e-01 1.824502464551600589e-01 3.251527469914944346e-01 2.871034834206107611e-01 8.424175893496808065e-01 5.135489373759588583e-01 9.919075519923099549e-01
6.627367076413099856e-01 1.496781733300445172e-02 8.743210971554280508e-01 4.977463416962989440e-01 2.149767527694690372e-01 1.266098097462023953e-01 3.719195963070488498e-01 2.695512213548716396e-01 9.008309689378312113e-01 6.351596877433471899e-01 8.608805938284130876e-01 3.083653684824737562e-01 4.139861818338574917e-02 8.659720575196007131e-01
8.463158325853187280e-01 2.560132428152117612e-04 6.885373710261346591e-01 3.871632110354905620e-03 6.404306829248047617e-01 4.636981290388695331e-01 5.177949546165456773e-01 3.023730483083845177e-01 2.133694418219292954e-01 7.648309109635910152e-01 9.357778662977862538e-01 8.602691580248511549e-02 4.910525346702198091e-01 8.393822077219359468e-02
7.290052346367260627e-01 5.050305767335576679e-01 7.148482766103619879e-01 3.899205914811991747e-01 7.350469910215980951e-01 6.662719514282930966e-01 5.845032160012368916e-01 9.992288442425366624e-01 4.542709338320851664e-01 6.175899733302451233e-01 2.910242813289661834e-01 4.244297025001638746e-01 3.251685387664809967e-01 7.398187837247890419e-01
6.933563118869260355e-01 6.835648557593028141e-01 6.536561240107583437e-01 9.671092192955965672e-01 3.474903902593915461e-01 1.234408767189367762e-01 4.369412966820028776e-01 8.843500535877275581e-01 4.914484841967006190e-01 1.339358867056820168e-01 9.622834611824667705e-01 5.901084000452968548e-01 4.227633030042463602e-01 9.704084133748017704e-01
9.601702688571729372e-01 6.637193266003951209e-01 1.647696967299732140e-01 5.023305895168084234e-02 1.151452966519539434e-01 1.442574838958092798e-01 4.442167252079860518e-01 3.676297853796949289e-01 4.936475024150430713e-01 5.260727883338585098e-01 1.133603194316502583e-01 4.083103459027954685e-01 8.152469837161462340e-01 8.919998409357243752e-01
2.054143784029210940e-01 9.455876393797852941e-01 2.185359022812685126e-01 2.551912561618714381e-01 1.653411288962486347e-01 4.345636499282096166e-01 3.858552720640118228e-01 3.043296567573117173e-01 3.427149616174233193e-01 5.923100191121474234e-01 7.532284328144333019e-01 7.791172898714402439e-01 8.070891340298683714e-01 1.910764140212681816e-01
5.995170059424004272e-02 1.927527525059070657e-01 1.775839621370146615e-01 5.619769114213117867e-01 5.948425064921378791e-01 2.542093390622226501e-01 4.442734780407394668e-01 3.460615643869077163e-01 2.004119864862874412e-02 8.021293453800770745e-01 3.562471085426605066e-01 8.954010861996731796e-01 5.463414162619457670e-01 3.008331624352296174e-01
6.191779002383670516e-01 7.964985927045862280e-01 6.597532910492539537e-01 8.648914858807140726e-01 5.682124116315240281e-01 3.336124649928657870e-01 4.004839551803257569e-01 1.540925599936536772e-01 7.154603561647568943e-01 2.044022365548355813e-01 4.679687600257643743e-01 2.278661240017807454e-01 8.051556247466244987e-01 1.508033963586786763e-01
4.797650766774740339e-01 5.808222751492354563e-01 5.513376257179363193e-01 4.394303683203497624e-01 6.253125885361392466e-01 8.714575198765955877e-01 6.286545692919646156e-01 1.402009337294340963e-02 5.506453018270489608e-01 8.180647420458996288e-01 4.249419660844788726e-02 5.071561864770047778e-01 6.792115990377034507e-01 3.259180738470233152e-01
9.085523004308015960e-02 6.614763136195935811e-01 9.944176853903746727e-01 4.003886488344163830e-01 9.725991258846116150e-01 2.396804816253883530e-02 8.856926245614835658e-01 4.586473883438314525e-01 7.134303356218776315e-01 4.926720101105296346e-01 9.994103656087993670e-04 1.742782101340211165e-01 5.956719738257115759e-01 4.296841031614663242e-01
1.838822268550468486e-01 8.226360599613097291e-01 3.314274287438687683e-01 1.993771919114798452e-01 3.200917677312462573e-01 7.331322045771484497e-01 2.336496240386752854e-01 7.553233370661085466e-01 2.444882351842457835e-01 7.110275107430270580e-01 5.724615757955108242e-01 9.391469051341690966e-01 3.690982317168127746e-01 4.192636192718098842e-01
8.817844377576347092e-01 9.331281183113437905e-03 5.152690063078473326e-01 2.295615335870181406e-01 8.549109731008035507e-01 3.944023688183417864e-01 3.907157344784983888e-01 6.954475236865786947e-01 9.869785023329217255e-01 5.664090449599945565e-02 5.479049483282160127e-01 2.627297223345247401e-01 6.016876189799893471e-01 5.180101936067763591e-01
8.606542362895949205e-01 6.974472702379358457e-01 9.704175738305004240e-01 8.762530697420628512e-01 6.901679109352081287e-01 9.384000017687196271e-01 9.111974679664369692e-02 8.302766278485749218e-01 5.784363855163232593e-03 3.967751330592087511e-01 9.139813515835693014e-01 4.690965986913957497e-01 8.370444686659773703e-01 5.432466159775088954e-01
4.033597029121159805e-01 1.114219182878389836e-01 1.197509376339398468e-01 5.272125088483786692e-01 1.480092480310785108e-01 5.905172943025801535e-01 4.566848271713431773e-01 1.770332014430623380e-01 4.405082587309102626e-01 8.851201254929724760e-01 5.721527058959343659e-01 3.558632116625081165e-01 8.212583524978264160e-01 2.328405908104169697e-02
4.422608847794819997e-01 6.443095625522619052e-01 3.884992869147629868e-02 9.559656755828264130e-01 8.020366128034970288e-01 3.040579415344104586e-01 7.955485724199042874e-01 1.207460076232192980e-01 3.418748856696062211e-01 1.371670927126883432e-01 8.607305469838755219e-02 9.279468389734120137e-01 8.947138711794664356e-01 7.471647604627144057e-01
7.229803841527847608e-01 9.590241436368139860e-01 8.086544236244606054e-01 3.367693458160014863e-03 9.068834674622320291e-01 6.558406203092740361e-01 7.159361831530428599e-01 4.349444968730964423e-01 6.635072126901688794e-01 7.675132461939508932e-01 3.526431031695584917e-01 6.984408349997898169e-01 8.845390656428397946e-02 7.600773451573505923e-01
2.498209798838836315e-01 7.949632414867513486e-01 8.281658805522742473e-01 6.675937739861281806e-01 9.705457267256329956e-01 5.521367170450186546e-02 1.967177297449133055e-01 9.939538639701630540e-01 3.188187163245088662e-01 3.453077913546209743e-03 7.827921270593540815e-01 9.301585536709945368e-01 8.182541532820957197e-01 2.923978421059217903e-01
1.687519862119118974e-01 8.696702614700257961e-02 3.201653568298719055e-01 9.430418701367226930e-01 4.065009167401534285e-01 1.240055730303780690e-01 8.682121450474945545e-01 1.847675227783174279e-02 1.459533543307891534e-01 8.987904081040446469e-01 1.550558067949161511e-01 7.290600942794374095e-01 8.762557333517257963e-01 9.884010921753991763e-01
3.810559838884933770e-01 6.540334572885883047e-01 9.391493262591055213e-01 2.903571170881669161e-02 9.467549747779850922e-01 3.778385725862205557e-01 3.132704030826712893e-01 5.041545572488103089e-01 1.132027251461079631e-01 3.223993001812046622e-01 5.767605414312145795e-01 4.964408664389319270e-01 4.527123124863142722e-01 3.696783189512335976e-01
2.953650070525714044e-01 7.920897263060977522e-01 4.194430439689621481e-01 8.971581807808665099e-01 8.517855037675525764e-02 3.256394879535391418e-01 7.189548919968870022e-01 9.015642220721310496e-01 7.645937432752143437e-01 7.722292850657799246e-01 1.217993844422438077e-02 3.737518913645154761e-02 8.264088211746485335e-01 4.925012949464618872e-01
8.815436370952947076e-01 9.745373014273317480e-02 1.666347513819261827e-01 6.382780029368834152e-01 5.448368826207139470e-03 7.215016965648427538e-01 7.796157154348526408e-01 2.045339417929328274e-01 2.460076784994676968e-01 3.451604955388102303e-01 1.187008876981393568e-01 4.831878885899181242e-01 4.307507251682516358e-01 5.377392510289616956e-01
4.485386354623912553e-01 1.560400738964979883e-01 8.443044416483019843e-01 1.222532409351667626e-01 9.387119494117799334e-01 5.181638175620982834e-01 3.795732795335344800e-01 8.890031205536997883e-01 1.517569212891450858e-01 1.976618443198392416e-01 3.851799535722730816e-01 2.627237872231993343e-01 1.867034583221416355e-02 8.052957470395589734e-01
4.764084661541897470e-01 8.118533788001874862e-01 8.911720306476139664e-01 8.559040950507946777e-01 5.940397071113534544e-01 2.627915815261844257e-01 5.530845723452002538e-01 3.053035006734799994e-01 8.663775202862696867e-01 6.019499501172781430e-01 2.955324377938832736e-01 4.803234748032461088e-01 8.589049700254415276e-01 5.605816706228599067e-01
7.034227601573002087e-01 3.955317836098292128e-01 9.833901964036353416e-01 7.787784724487726296e-01 5.968769940781639693e-01 2.308433265179413718e-01 9.401257997362402197e-01 8.718807823282292979e-01 1.683405828895256917e-02 9.816774225545545907e-01 8.718617480967330025e-01 4.833851925184575737e-01 7.353738053548921627e-01 4.179598854276823650e-01
2.436328015567322813e-01 5.323853577727687414e-01 4.494419551673334290e-01 1.008905496679153302e-01 1.423610099702469212e-01 2.128197274241405701e-02 1.765322582789360384e-01 4.112733715531223799e-01 5.258266306706282922e-02 1.894363933290232893e-01 3.923890534130441976e-01 2.062125630237314766e-01 4.461723719695782631e-01 6.430292652650202445e-01
5.913861534789546237e-01 5.196563934351287051e-01 9.132781839987095251e-01 8.171211024107076781e-01 5.071420625573825891e-01 3.677778495111372337e-01 9.382582448636778150e-02 3.675587214871531838e-01 3.925271094742710520e-02 2.585929038659942059e-01 5.840269863278121365e-01 7.545423549005755293e-01 2.329108920993170351e-01 6.752217573774240700e-01
2.581064043082313963e-01 1.053134673938755927e-01 5.369017498609653938e-01 1.171728312405181383e-01 5.649711010875126949e-01 3.736396655396786448e-01 4.524062260367520683e-01 9.826865673143758695e-01 2.577051427613055168e-01 8.374581782168533106e-02 2.225240982959465486e-01 9.368634995548797972e-01 2.223531608875302101e-01 4.799722298301888346e-01
4.508512153067111283e-01 7.899654731047838219e-01 5.879134311677406410e-01 4.757859780127862148e-01 6.279248019942660353e-01 4.054978667986741669e-02 3.184545319389918694e-01 5.750967095966682541e-01 7.497330350824698009e-01 7.405537910293085169e-01 2.921674581266416881e-01 8.968894836397626191e-01 2.175407903060446735e-01 7.317416364492654868e-01
6.396239071192135750e-01 3.456466313578925309e-01 2.863927575412403836e-01 6.201542880007321346e-01 3.565276973642050873e-02 2.314410234274264511e-01 3.082431288451085161e-01 5.493993624791420061e-01 9.966042233894211178e-01 9.600493653441128927e-01 6.989372678795844340e-01 6.663815948434663738e-01 3.994559836875422043e-01 5.983122482179492607e-02
8.181438331715510381e-01 2.476988655956000596e-01 7.168854797493086073e-01 4.291741334551870679e-01 2.615110728651875993e-01 4.677939856069405211e-01 6.626617513296186868e-01 1.498701861508703326e-01 1.673733446325265106e-01 9.200735830191107967e-01 5.860930306223509634e-01 5.725113269320959430e-01 5.350325269263607186e-01 4.573328148426192286e-02
6.670006340828081859e-01 6.808646679861238837e-01 1.246539852431449713e-02 3.346385728095572221e-01 2.123182968541981186e-02 6.323898354259556154e-01 8.897719762269288291e-01 3.264185059313242654e-01 9.231740972753145202e-01 8.508085142555578129e-01 5.078314407003010622e-01 5.948923130577502549e-01 8.556721670197426910e-01 3.295261166153489185e-01
6.932280575123553890e-01 2.084624036992724916e-01 8.712095517345053164e-02 2.532309391038484181e-01 3.117693801612362314e-01 1.029403889819381357e-01 4.784654293341467080e-01 4.717995398144396724e-01 4.775872554449552831e-01 1.520581111865897395e-01 2.868835205828715873e-01 9.803894470067353595e-03 8.285301218226170938e-02 6.149926752912723282e-01
8.828604601269756103e-01 8.242053453360653759e-01 9.843079004140570243e-01 1.882678846415899443e-01 3.249818319685414680e-01 5.885750918367718132e-01 2.078234284074794713e-01 7.947720087762425445e-01 1.720170189388279258e-01 1.455832627511960409e-01 2.987107816808752814e-01 1.047915676789277217e-01 9.990407710153235143e-01 4.112357630228180572e-02
5.728181383252084480e-02 7.275754179897619967e-01 8.212043682827907531e-03 4.621347337009185097e-02 9.784742855039085807e-02 3.670618225489680198e-01 9.514085172217243702e-01 6.465912081627362973e-01 4.219919921301539256e-01 3.131747901258857825e-01 7.928324883075671403e-01 6.951931894915008847e-02 7.143836105356976551e-01 6.815106284761532907e-01
2.498523694863630240e-02 8.888472618334481989e-01 4.176942556162553943e-01 4.869838416915258650e-01 7.450469177160036205e-01 4.618882212869324100e-02 4.239768100034397857e-01 9.776412226563762076e-01 1.233838395740560756e-01 4.060055422444116546e-01 9.358103469488383563e-01 6.668311743847387119e-01 2.855440287700489188e-01 8.042681214954633395e-01
9.161783673485845991e-01 2.203464131938972503e-01 7.157983654743349522e-01 7.922722080723865190e-02 2.313954490067566816e-01 1.671563940302984719e-01 1.575673354228080969e-01 6.959693915074521842e-01 9.827325948000438238e-01 1.779720027688002082e-01 9.480237301448087850e-01 6.368379393585515968e-01 3.375357263669933605e-01 4.748562535428662024e-01
9.622110120455963367e-01 9.710378529931026348e-01 8.318262096815226547e-01 6.886693057410794294e-01 3.797497824809213940e-01 2.791501890511641770e-01 5.787553933273277273e-01 4.183344066277455697e-01 8.015912760532519776e-01 4.810234018998349459e-02 1.297107772969171569e-01 2.427408681143705671e-02 8.578037916919106776e-01 7.285921478925586614e-01
4.391021963299257536e-02 7.046752001840325130e-01 5.131818696404779612e-01 8.696025822866573218e-01 5.062689905231362308e-01 6.881015359643345430e-01 4.888151528055253436e-01 9.931903765946619167e-01 6.979701216254611262e-01 9.050553577061342114e-01 5.388986800835963153e-01 1.248950090618261566e-02 9.603320300060361747e-01 5.765029283850536812e-01
4.843467884226728692e-01 1.684125361896784412e-01 6.770085762256460304e-01 3.763472509982284109e-01 7.604003226642528368e-01 3.010072348753856097e-02 4.671561940079751452e-01 6.528824658896781319e-02 7.498749397201383005e-01 1.956880237551711366e-01 3.445451163218885560e-01 8.899881267811744490e-01 2.900032421283003092e-01 4.817506443946416583e-01
1.323419479268523880e-01 3.588790084517361478e-01 3.357662359275210839e-01 4.283070104042807635e-02 9.047513055389213577e-01 6.006234192885518963e-01 2.256783219247930905e-01 6.603248689520858639e-01 3.614431010371198516e-01 7.916538762719919076e-01 2.595164899484757592e-01 8.257304464552728263e-01 3.315818469524759449e-01 1.618077655880824084e-01
