6.933357709044009054e-01 3.823878361338186593e-01 8.740791478413859616e-01 2.084655671842539082e-01 2.525494576068293417e-01 1.982216181212167472e-01 9.373195825555642458e-01 4.544877725079331521e-01 9.040601493051930726e-01 7.929253720274154205e-02 1.647065387325730157e-04 5.312421449653172978e-01 6.924050528249677816e-01 6.164767062168221567e-01
8.678643447267601063e-01 6.900953266611277170e-01 1.847251485690120099e-01 6.230842792968839250e-01 8.565739907311655799e-01 7.298053136447757439e-02 7.805990935343329884e-01 5.323004606812572481e-01 2.540747162724998898e-01 6.688325752011493597e-01 5.215657213015251203e-01 1.707653757479381529e-01 6.895230187473955219e-01 5.755114549595747864e-01
1.098565176280895672e-01 8.486465461304473212e-01 5.348417237901115229e-01 6.813087078676078878e-01 9.586795317331772148e-01 9.012965315267584820e-02 4.812115879173678445e-01 4.734699245749658392e-01 4.026442503426365116e-01 7.453213358224457519e-01 5.458845922605021217e-01 5.787411421634729436e-01 5.231516579825916669e-01 8.472389157942589177e-01
2.051512084128633839e-01 1.462705534522962258e-01 5.873957105341462981e-01 6.581009411591661751e-01 9.549173205397590847e-01 1.188525206595721917e-01 8.203705498177887856e-01 1.674174087911904918e-01 5.159112754514975085e-01 4.825322543054038071e-01 2.073384616088945753e-01 4.291406569998645892e-02 1.380323340175434454e-01 1.957454879581487228e-01
2.573666939967044209e-01 7.763194878261828746e-01 2.858183036547560230e-01 7.215318316412955291e-02 2.911924739444338162e-02 5.445488603952280959e-01 2.172403197255176055e-01 2.849751548291356018e-01 2.105859143435069303e-01 3.074106118632193851e-01 3.171089565651129538e-01 6.924140253977610904e-01 9.294716309076898053e-01 4.730339890957767635e-01
3.978754265998085682e-01 9.344432167459109095e-01 3.501585438860423949e-01 2.595690809548381051e-01 4.790796676860834546e-01 3.659159722462574926e-01 6.066930359847985121e-01 1.166734050048726656e-01 9.887589603082558298e-03 5.580210287245729317e-01 1.726140613526536693e-01 6.961690929739493550e-01 9.220848350516493985e-01 7.566550977730617245e-01
3.884743175497237244e-01 9.479783723758283820e-01 1.831755309807557852e-01 7.073702484552524261e-01 1.111786673708996531e-01 2.153351246028096799e-01 2.708075720757541216e-01 6.027079587600989719e-01 6.198051490570500865e-01 7.542362920786405134e-02 2.047442119165342467e-01 9.728673524138485851e-01 5.254059812670888174e-01 8.595033328872504486e-01
9.916866865724671687e-01 1.703230568852472926e-01 6.579239366470084338e-01 4.475339909250750647e-01 8.440497982785803988e-01 9.666233782249922246e-01 2.213486302345687440e-01 9.352853494865451811e-01 8.806143317963610606e-01 8.232403315470875338e-01 3.519830228248800319e-01 4.686410010196222498e-01 5.167350693220950086e-01 7.505636548317355938e-01
8.803774699384406821e-01 9.118258921165180997e-01 9.884340129586864920e-01 5.392007082447380917e-02 8.363977198370494692e-01 5.521879914230971576e-01 3.965629715884766426e-01 4.315758886082440293e-01 3.485201800527614191e-01 6.610432486751099956e-01 7.108256781049560047e-02 4.957998595231072336e-01 3.333372159860038542e-01 4.969956758161163668e-01
2.690991929585880849e-01 8.624811589525108735e-01 8.504821294689257627e-01 7.111704759566028766e-02 6.312823167520024148e-01 4.839213944303211168e-01 6.068231878650131028e-01 2.121801538801071363e-02 9.167048833856618062e-01 1.519847991075731208e-01 3.271377494127218899e-01 1.536716657660974761e-01 6.872409852949552533e-01 7.244659110328994789e-01
7.994903895573410857e-01 8.094646285784168338e-01 9.834707012960501871e-01 4.807280526128009379e-01 1.152072164540186572e-01 6.988514067727580326e-01 8.258665581158306512e-01 4.120814439628079917e-01 1.721364114200594209e-01 5.643782582762379985e-01 6.975800525097716198e-01 4.072138007821339833e-01 8.398799164173343934e-01 7.547354178260193835e-01
8.023489771949443572e-01 6.087565281832285624e-01 7.871425936264638823e-01 1.257590762704215992e-01 3.277287514636046950e-01 6.869419432836195716e-01 3.495695363958291058e-01 6.476646913188943699e-02 7.182351861610990484e-01 1.823583033364086781e-01 6.303612256597287411e-01 3.855649066677977466e-01 8.272770220610714542e-01 2.109360908750882446e-01
4.701105291081442150e-02 2.637166603337059989e-01 5.164953891641133055e-02 3.554951546352059788e-01 5.873472234659763425e-01 4.549000655009359795e-01 5.145124417811589579e-01 9.527910597793788350e-01 7.171403230482884528e-01 8.858146892964571251e-01 8.282847017573731208e-01 5.210446612529753274e-01 5.013564879540441943e-01 9.521398553090056893e-01
2.167060974661634276e-01 4.771455785508379455e-01 9.765915214640714659e-01 7.434475317831462648e-01 3.583509618021447629e-01 1.875370328405623344e-02 2.936249326947579785e-01 7.117569780602679419e-01 4.949107315682610420e-02 7.245235195075634405e-01 9.420556489713592940e-01 5.049518062166786780e-01 5.071189895979499873e-01 2.749479880336851423e-01
2.986504890529542156e-01 3.422358709571563518e-01 9.246434724865082444e-03 4.621100301038401081e-01 1.208941819439431908e-01 4.691640003586678986e-01 2.337019836776407233e-01 9.026378164118105119e-01 7.034759203155650509e-01 7.186760605293462945e-02 5.006564019899295559e-04 6.494955555606896080e-02 1.139281105799555549e-01 5.822331109877219024e-01
7.030076160553723197e-01 5.076070202050738667e-01 8.261345309892184074e-01 1.995335811552648719e-01 4.141971242306097256e-02 4.513048377832344915e-01 6.842956545430313176e-01 7.409553551525726034e-01 1.094878347901742099e-01 6.340036962938762066e-01 5.580109684430734074e-02 6.661937649807487816e-01 3.537698276968441746e-01 7.139287489603142189e-01
3.579610245130169233e-01 4.911449641893532725e-01 3.827577415419467499e-01 2.317904067401261869e-01 7.053364717935549644e-01 7.715064402640988694e-01 3.276573602074905889e-01 5.929295998739346762e-01 8.419725601583882835e-03 8.006814426358774828e-01 6.035882671971222191e-01 8.711844265626623729e-01 3.620221622977802811e-01 3.079526714333669091e-01
9.620885637589082773e-02 8.095069832611850869e-01 2.833605621123033158e-01 4.448145603800115477e-01 3.243843990049283255e-01 6.141897346209419517e-01 1.105422731207783560e-01 4.526341469242027848e-01 5.114218377400049365e-01 7.922039535336314886e-01 5.751340915002042253e-01 8.749938399228954777e-01 6.463198604896304156e-01 3.077614746192606221e-01
5.316337155238290979e-01 1.065243164603629777e-01 3.537318227964278972e-01 1.333402643809922239e-02 1.306832475968335849e-01 3.583757886201422993e-01 3.660661305630740214e-01 8.465045729886591097e-01 8.977034486864500229e-01 2.378997119973269569e-01 3.384271349993455136e-01 2.632748706201883948e-01 7.513701817175900688e-01 4.046666142568738911e-01
9.880053536935543557e-01 6.288638627430981343e-01 6.869544581448772114e-01 4.361177403018996479e-01 7.692839869304513023e-01 9.034306490216910124e-01 4.557362327020145765e-01 1.037820538518540170e-01 6.407170606443612915e-01 4.243527819455432670e-01 6.059544342868645739e-01 9.583619258309122868e-01 4.145657912060415340e-01 4.379302887271956379e-01
9.657556188023812549e-01 8.158287547841824860e-02 7.457223633285684494e-01 1.411648379025515210e-01 2.476231691322616779e-02 5.085179503292709402e-01 7.701944891639014301e-01 9.525227399827198571e-01 1.039260686373560949e-01 1.554288250058588616e-02 3.494869010782093444e-01 8.812119941733903561e-01 7.321254116610020901e-01 6.222855008510428387e-01
8.445976433154163132e-01 8.391334234285530158e-01 4.445495531505461173e-01 3.371195015254464522e-01 1.787423403878696249e-01 4.606351995083990403e-02 4.239465935323498691e-01 9.347191771910643432e-01 1.436943052627573936e-01 7.760746675644358827e-01 1.694785621510200846e-01 5.640181194267531728e-01 3.369127833715898079e-01 1.310733875525493808e-02
5.991864253770937676e-01 2.984997573888236166e-01 7.663094576513505007e-01 9.879627053776053325e-01 6.034375528265389921e-02 9.090147890497686234e-01 2.870743050867583523e-01 8.508661776810555466e-02 8.522255514960941358e-02 3.812956358626892195e-01 8.907278460067858950e-01 8.561607374430542095e-01 8.103063715010007106e-01 2.965249559348751562e-01
7.148078201502363616e-01 8.254655767088261431e-01 9.231580440139907084e-01 4.089601477732659474e-01 7.105274840238678946e-01 9.316199437728934774e-01 9.090328932610770574e-01 8.523043861732831905e-01 2.603127525433320821e-01 3.964886793588421332e-01 3.367328972570754475e-01 1.147763052244258342e-01 6.456980666688220127e-01 3.408516026141087396e-01
6.451418242097828326e-01 9.997666540505123489e-02 9.365381153598483222e-01 8.096236132240727246e-01 7.683185158998585562e-01 8.714932953631693291e-01 6.838986287637573991e-01 6.135736113633011302e-01 6.395325938348241923e-01 9.314652871213697782e-01 1.672229340890175608e-01 4.276908053141189603e-01 6.802098151021285233e-03 2.311860416075056657e-01
4.371994200298506827e-01 2.056616510923466867e-01 2.297010721797978494e-01 7.698434431352608742e-01 5.258031567253481642e-01 7.858888868467750477e-01 8.388194593982817304e-01 3.841836900138067001e-01 8.968607292628083538e-01 8.775872766133010483e-01 8.365531239267554042e-02 2.650423220811802816e-01 9.668609856741197106e-01 5.889565564615099058e-01
8.534796572169731643e-01 6.059020822100623649e-01 2.014316543321557074e-01 1.907413778065655263e-01 9.207169727989737984e-01 1.142163464968871667e-01 3.144431547681730832e-01 9.964824758895332035e-01 9.266555300169010412e-01 1.148622481865041456e-01 1.406452863938393305e-01 8.199449635654687540e-02 8.494360544647815425e-01 9.924925345136004218e-01
4.917577755046926846e-01 9.649018450636863697e-01 2.860449769093700301e-01 2.674959835730216229e-01 5.285392194022175971e-02 6.787863537381947365e-01 8.371569769076852019e-01 8.275962505170852967e-02 2.044252829431280061e-01 2.496877433887980668e-01 1.196950519585966433e-01 2.041014066073987276e-01 4.677340858717109473e-01 7.176700266547660911e-01
6.796771708092834707e-01 8.926779165292055840e-01 1.126918343789734545e-01 9.881469034008439900e-01 2.170463376110935982e-01 8.964436325092413060e-01 5.616880870639934242e-01 6.744101894267764408e-01 9.786508126356974202e-02 6.398715705366947448e-01 5.809746518359193423e-01 7.917800948275366402e-02 1.385146012498359447e-01 6.185615653708655959e-01
5.715342648853241059e-01 5.256701760537663137e-02 7.597022452983559493e-02 1.132333242524599104e-01 7.406742564598537415e-01 5.999789223845364283e-03 4.283731418930628587e-01 4.417157879233137852e-01 6.630487271431151353e-02 6.624364883950560889e-01 1.889292146979907328e-01 4.707802940257533875e-01 5.169528379197685375e-01 7.488462835864777567e-01
3.064480884608276057e-01 6.731507038350864613e-01 8.060102468278925736e-01 7.932618346223878625e-01 7.540771776679329186e-01 2.852492309991812025e-01 2.880020667495264419e-02 3.324215166154185219e-01 2.156579080820935079e-01 3.959639822242921881e-01 1.670565184421556326e-01 6.225946952594139105e-01 2.331329317642105714e-01 8.875792157254769332e-01
5.623513437102864998e-01 5.554878195594971091e-01 6.127271471063769903e-01 3.504062827646600153e-01 5.756032844527403380e-01 6.844413924175503094e-01 6.925793360232790352e-02 5.953970753584064690e-01 2.113069967925622628e-01 2.725419314715530339e-01 8.925267160260514920e-01 1.596886289385308633e-01 6.805051152148356985e-01 9.831911076493152768e-01
6.846344584747714457e-01 6.196716453548464232e-01 9.297796808843782346e-01 4.509319320614132431e-01 2.388848123039938320e-01 4.233436064532885013e-01 2.305238167627258195e-01 1.000859934111217875e-01 8.106859676373308066e-01 4.539319284149382350e-01 6.635487610869580388e-01 1.508399067527511628e-01 7.382983957643097783e-01 2.108912029135723287e-01
4.760874101587104779e-01 2.479213196827332322e-01 7.709707293152480156e-01 6.238371888344573790e-01 6.839444568818680015e-01 4.420746938487021271e-01 8.854782324282769457e-01 3.965734078194865786e-01 4.112162709819376927e-01 7.093290929479665330e-01 8.215058877713848906e-01 3.320975871353947229e-01 1.493663734446388780e-01 5.709944770682705562e-01
5.253491261052711803e-01 2.381933724663995999e-01 9.604319674482503233e-01 6.534065910922339793e-01 7.692206353850125078e-01 4.074434597669409630e-01 7.293569652625184752e-01 6.751321576654518708e-01 1.946843486240465992e-01 2.587162903814493875e-01 7.333819062009834244e-01 9.486901755620626986e-01 3.261046832696612441e-02 2.807019645084223303e-01
6.127183392468312784e-01 6.539661437978433467e-01 6.445260887688243345e-01 5.681589722141732191e-01 7.106936355795969718e-01 9.169253850961058827e-01 7.951937813207585748e-01 8.689721482021515175e-01 4.293618442724663753e-01 8.111529717802390405e-01 8.950687645485565502e-01 3.874116305984331987e-03 3.787312798354445231e-01 8.565011651023013428e-01
2.723435157605523793e-01 9.642589007302028170e-01 4.192414639193068338e-01 5.902701717620773003e-02 3.639154275415719120e-01 3.060141427970651806e-01 9.758441640047094134e-01 8.341480082466899981e-01 1.407665879472927983e-01 2.811576107521402967e-01 5.425962396998437187e-01 2.553234858073024638e-01 6.964467201013405662e-01 3.401922827814223282e-01
8.146414996770903194e-01 2.953808362718168823e-01 2.276536710573022759e-01 1.401112634799850376e-02 2.062726066951331427e-01 4.313204939359434054e-01 5.323982090235357401e-02 3.434375994623465322e-01 8.288646139452738870e-01 5.880455490077917124e-01 3.923630120263605914e-01 6.763223699470229944e-01 5.564039705754829646e-01 8.094311367585356187e-01
4.379448904398374198e-01 4.090337075176850856e-01 5.739055926577528721e-01 9.273185373959447197e-01 6.493218041992098177e-01 9.187709607203491391e-01 9.785086649024993255e-01 9.374097128421154945e-01 5.579102464910955517e-01 7.414981049137404634e-01 8.190819397344512032e-01 4.285762746427009828e-01 3.719099114155230978e-01 3.466210788926455955e-01
7.270078128662926797e-02 4.728672746384066095e-02 4.538898282078696056e-02 1.294069944091449376e-01 8.962605031783777987e-01 4.292622056759886062e-01 4.403401453746081939e-01 6.960271851992355652e-01 6.764337089380239032e-01 2.637372810073862484e-01 5.624441603476892926e-02 5.728898608325735387e-01 9.963590707090325127e-01 7.962854966189580885e-01
9.830751410312277283e-01 1.461687162465787893e-01 9.242612333193890306e-01 8.104600642125037169e-02 5.708745563477457541e-02 1.049270561590044393e-01 6.608079388499206175e-01 8.588141106062195940e-01 2.897688621968130818e-01 3.652771478398404437e-01 8.820827132309955187e-01 7.360459313023381966e-01 9.606166521896684074e-01 4.785021130060612693e-01
9.740041562791298402e-01 4.100842917577357527e-01 4.995702888727694413e-01 9.905496669470509330e-01 6.992368211566258873e-01 8.772958533525042624e-01 2.590039452662111774e-01 9.282676513395841100e-01 9.504920348427496890e-01 3.871339772172086580e-01 7.903874494369964587e-01 6.862686908463383473e-01 5.531939236929198644e-01 3.902060510702151097e-01
2.637165453855732089e-01 6.679452377379381245e-01 1.942597473878882042e-01 6.457303820100914749e-01 7.654743505625850597e-01 7.267446358247590110e-01 7.288121890012569937e-01 6.915097656522919412e-01 8.948359744021859852e-01 2.622521744296472113e-01 8.953501229985000309e-01 8.092707204600368964e-02 4.286517682969854803e-01 7.256466169884088213e-01
8.423605018603020911e-01 7.212439050238607097e-01 1.345962303141583494e-01 1.769744428564852257e-01 2.344105998224425003e-01 2.883008434750641280e-01 2.613968704853882885e-01 5.929313974415292288e-01 4.639618883651344117e-01 7.627755002517137006e-01 9.903965870962885276e-01 4.258993325071249725e-01 9.535249209567524531e-01 2.380403928885688192e-02
5.971106395810577006e-02 9.834445031603930021e-01 6.652064515345704754e-01 7.246157369217383071e-01 5.761107271630135918e-01 4.718432116381010566e-01 2.643441708961101755e-01 1.600997026749696461e-01 3.336937797508525705e-01 3.732502860708605263e-01 1.993865452156248219e-01 6.936572628059299861e-01 8.251760818277555920e-01 3.863253318313801810e-01
9.180555420691723922e-01 6.775527761887406575e-01 1.580481101774220409e-01 1.763168954272177347e-01 1.825150468042571195e-01 6.009054595358999107e-01 7.235561047764567100e-01 4.184112229144570927e-01 4.698139308697768524e-01 5.831970335543918971e-01 2.370602822707157387e-02 6.823332100150774071e-01 2.284157882879953583e-01 5.335482277938452533e-03
8.672372476533610763e-01 8.357480004787964933e-01 5.280876387073225597e-01 3.480365904050132242e-01 6.469087661297794334e-01 8.147252210765167924e-01 1.431374658767814445e-01 2.869210282632151943e-01 6.114960876808653856e-01 4.676882226854323088e-01 2.439625656200702375e-01 5.619832111490828952e-01 1.109542960550617963e-01 3.622671544039240965e-01
5.710153338671312140e-01 4.174262714561209897e-01 8.858982489024046503e-01 4.533636578578914555e-01 6.899678024671018761e-01 6.646045958649549057e-02 2.632524761895619347e-01 3.160467788050422833e-01 8.779012328762471062e-01 1.439599916478330188e-01 8.800915014880166254e-01 1.665032828907476725e-01 5.320047400053482534e-01 4.019409201184365177e-02
4.993737266035311873e-01 6.228931158024108017e-01 7.552098332183169171e-01 3.330208404176536741e-01 3.885566976549218454e-01 5.070508105686516442e-01 5.434141021389946591e-01 7.847537826730757171e-01 8.546206495392379976e-01 7.231635304675593234e-01 2.885483353783652172e-01 6.268468584952807676e-01 7.536993445570617789e-01 2.024031813819974213e-01
8.220763640986481491e-01 6.499778707401585587e-01 9.665570799120647427e-01 1.163674676974316702e-01 9.855028965654472062e-01 6.073026536762249350e-01 6.488562732230471752e-01 8.580878074456241844e-01 2.207980604650111589e-01 1.590176932999849413e-01 1.456114999523796527e-01 8.140088659550122063e-01 7.228082398518979046e-01 6.770703575985052014e-01
