2.675578670292610983e-01 4.303652982891482681e-01 5.857015896107338193e-01 1.210925542153479251e-01 4.701921410161591375e-02 8.386981011663158236e-01 6.383222353179920372e-01 1.341499956666957205e-01 8.544537394786460016e-01 7.873072251635458985e-01 1.595877321993155462e-01 3.532935411225758271e-01 2.092121728549560800e-01 1.482816856763092828e-01
2.994986959556932282e-01 7.135243336328215280e-01 9.386762091545517439e-01 3.272427269646039916e-01 2.352883049202703081e-02 9.685790806095998517e-01 9.566785701417875876e-01 4.999533130705335893e-03 9.884158834691014750e-01 7.310634178562266383e-01 5.273498426811830120e-01 7.738473247925684584e-01 6.595756962198839890e-01 5.130322295276751321e-01
5.323051090044166322e-01 8.899873237803657133e-02 7.107721255715886421e-01 9.764820160087434031e-01 6.693395070781265055e-01 4.861186762275411244e-01 9.477439008499324302e-01 5.713430291207778344e-01 9.994030084793190660e-01 3.503821393647452709e-01 5.773489552564743388e-01 5.720680356790572851e-01 1.864237606872958253e-01 6.446468256106907546e-02
9.571846540351699462e-01 5.630768060298189104e-01 9.048058706597891243e-01 6.283312515113026464e-01 6.990055489942992306e-02 7.028788467002331508e-01 6.969308114504176865e-01 4.611617491207824493e-01 3.991164227300569856e-02 2.629867498010027838e-01 1.735661075908595530e-01 7.337240588963641619e-01 9.737974575136375543e-01 7.936579476020854118e-01
8.340472525586487551e-01 1.252136384180411177e-01 9.617715259261310212e-01 9.454074239435527049e-01 5.800194899933486248e-02 9.928996735143114094e-02 1.709365030551417419e-01 2.154849009972594764e-01 4.623910644696539451e-01 9.856232928261666748e-01 2.776158107114948814e-01 5.224101179082026869e-01 7.866565102848325219e-01 6.784197675070110511e-01
4.805005472806431754e-01 7.948971653458822839e-01 7.165447016372894495e-04 9.639044007845871675e-01 7.419582707927758758e-01 6.007249833736499900e-01 8.455622625186122177e-01 8.236689788703711601e-01 8.329424723953179344e-01 6.137222185872417413e-01 5.109652264779621644e-01 1.266804680591756549e-01 4.004485516684863633e-03 9.091639786254369637e-01
7.702902914725768824e-01 5.499687669165423953e-01 2.452848403207242844e-01 9.149895245705857993e-01 5.689735525732366739e-01 5.768168881090453004e-01 6.153546488169349127e-01 2.295570089510160505e-01 7.882389254465030914e-01 1.722382207573240898e-01 5.306854192391974312e-01 2.757279809053325703e-01 9.128173709681786097e-01 2.036180069603809040e-01
9.318544784332126740e-01 3.024604242093963391e-01 4.648252575190885416e-01 6.191094486112741491e-01 4.609329947043628861e-01 8.420925177242754023e-01 4.806179377339607761e-01 6.686117869275652881e-01 4.156689530753429063e-01 4.321676434079689821e-01 4.127040279235261178e-02 1.067045003752872256e-01 8.336135566297562249e-01 9.773541805980489050e-01
4.858571623040967014e-01 1.239885568704913732e-01 3.206696133075975785e-01 8.078019056086027661e-01 8.419697810203027322e-01 1.779338983809019004e-01 7.880652206786099567e-01 2.699609662361741602e-01 1.475876022425224310e-01 4.624743145515639586e-01 2.426001015480995227e-01 4.849608770869318075e-02 5.355661710248553753e-01 5.418443451063754690e-01
4.504952859478011939e-01 2.350805064150951473e-02 1.630924294103895944e-01 9.709379625842082806e-01 3.189194553030172408e-02 3.021146505683769412e-02 2.394216915381850441e-01 3.268591523593007420e-01 6.000925617283084934e-01 6.831741052071405029e-02 5.765580529959304368e-01 7.889752206088600506e-01 6.774875914955902356e-02 3.001387405455324675e-02
1.021212529266952718e-01 5.178172916637038270e-01 6.110318543131009195e-01 7.628848843247313383e-01 7.638280457947850266e-01 9.537035794316520709e-01 2.592591044992849092e-01 9.756262058384590485e-02 4.580878009760395164e-01 3.360349961722416401e-01 8.429268951190155290e-01 3.212170033327943486e-02 1.862251356297025540e-01 1.597480950806948741e-01
4.135290588223403674e-01 4.805409206322996951e-01 4.763946194877659579e-01 5.498665294567205430e-01 5.109950897497664846e-01 8.527467579057878000e-01 3.994529789084213522e-01 9.904743828328735900e-01 1.786165306832609989e-01 1.810116554338938588e-01 9.550131249018485313e-01 6.012955422377334047e-01 4.316840940975873453e-01 6.763214530729967366e-01
5.917651111361194038e-01 9.763507850370360952e-01 1.313232996617778037e-01 7.482073881600658227e-01 9.187573693787925988e-01 8.406339101077758835e-01 6.052374490569116805e-01 9.390620080515111878e-01 3.493436243261168750e-01 9.787445700531671733e-01 3.153863257640044937e-01 4.893892504146872824e-01 6.759549149321373296e-01 7.587139707696516355e-01
8.992093771931212176e-01 2.471058312498191079e-01 1.790281724102547045e-01 3.405737864344844379e-01 9.830351433791443272e-01 9.595164783313776535e-01 4.884162620074578021e-01 9.990715663130240731e-01 6.791638826558235031e-01 7.857158335552022477e-01 3.583938794227187197e-01 6.683387480844303896e-01 2.899028500436406919e-01 1.420759614180147068e-01
2.019839497448326915e-01 3.116084014142727066e-01 6.072345371737457587e-01 2.064817160588116041e-01 4.411701854386743671e-01 6.413578046127755838e-01 8.586050883121679744e-01 8.614110848612915872e-01 7.986402292819468896e-01 2.103891681500376087e-01 2.756956326541433189e-01 7.703294635314532623e-01 6.968224423075302099e-01 3.322546470455657319e-01
2.506237723549052943e-01 4.820234441775826939e-01 3.436464198461085529e-01 7.323695022548936118e-01 5.597614021867851619e-01 5.226277190155160790e-01 8.184834531789467738e-01 1.150046684652786810e-01 1.010281883740139497e-01 6.087155254272057503e-01 2.554484439467289425e-01 1.624322903178873068e-01 8.305667732226326150e-01 8.623056298143648712e-01
7.836272856742685367e-01 4.505888682534813228e-01 2.757457464382071510e-01 3.726005483756887893e-01 9.667036421283257130e-01 4.278625704087657411e-03 8.034428372964896869e-02 6.285083422386290586e-01 5.072930793149471596e-01 3.341906967679773022e-01 8.312871476452202701e-01 3.724395844266676914e-01 6.144652108042314431e-01 7.703089602055737117e-01
2.517083722390786038e-01 9.081628231830989328e-01 9.612392435887665565e-01 4.225662764627136081e-02 8.972762430726644034e-02 2.846673983520717766e-01 8.804986011591571238e-01 9.772910590673468123e-01 5.783058258802655782e-01 1.318475723317624748e-02 9.472681891961459710e-01 5.563427300169305756e-01 8.534633217476588207e-01 4.891020482046134488e-01
5.822057271946974311e-01 6.381519582876796770e-01 4.792957217977982243e-01 3.083933820144624249e-02 6.452476026951237120e-01 1.066683038619753443e-01 2.015257896964672835e-01 9.817496703035192285e-01 4.471840627618752784e-01 2.041317065629860705e-01 2.447270643141550295e-01 2.281296634437334214e-01 3.617765530308436617e-02 2.243758748545754411e-01
4.570720134741860230e-01 9.221497918941697902e-01 3.324918224892770002e-01 2.737244390145224804e-01 3.444470696078127947e-02 5.054286893960966420e-01 2.340650616110893090e-01 1.457410375722422158e-01 1.480008846372814491e-01 6.060479109304639511e-01 6.168818057036162816e-01 2.805665606486298369e-01 7.496284248205010714e-01 3.407665306142839690e-01
7.309597721807966630e-01 4.103842851645475021e-01 1.008199127452008570e-01 1.197508423143697209e-01 7.233491334051710409e-01 3.231769743635269920e-01 5.982091670517240001e-01 7.454452731652416730e-01 6.820523345739740728e-01 6.666120871043128560e-01 4.123872422526582149e-01 4.598067655311133262e-02 6.260860839126866084e-01 2.496000584312692006e-01
8.076060465127520294e-01 4.707982253468536715e-01 5.917559391058602181e-02 1.939114630563173458e-01 9.127960393009826312e-02 6.736404043592497670e-01 1.248269415946473559e-01 4.741939143326793227e-01 4.926075601035584395e-02 7.772008142826613009e-01 7.683538635092266311e-01 6.105043518492189181e-01 9.852832403897839875e-01 8.433716164079823052e-01
9.066698998855260427e-01 6.343148300244325632e-01 6.883688886419181419e-01 4.360261223093155891e-01 1.169643100208150877e-02 5.602804257994913328e-01 7.958453832468148637e-01 9.128277438782340658e-01 4.591615967536833987e-01 2.973011015614013264e-01 3.733865134483623782e-01 2.667512841000656554e-01 9.558676773824138495e-01 7.279335073276438361e-01
9.246600912767872771e-01 7.164541077940680402e-01 7.179802173142070254e-01 6.676536536491965990e-01 8.655680038308937174e-01 3.865035092970549035e-01 1.477852682120722738e-01 5.618963201647502181e-01 1.557889569533993379e-01 8.672598049193177561e-01 9.681293129850957468e-01 9.994477487027865203e-01 9.440979033370925366e-01 3.860909228698508056e-01
3.607165343834295435e-02 8.032594348813568708e-01 1.752583411845423100e-01 7.677832382109270881e-01 1.280004594983152888e-02 7.456938438723071938e-01 3.303148088370656543e-01 6.662804504054675725e-01 8.280259390167314937e-01 4.621328807807597583e-01 3.980751114329372786e-01 2.070483746923471591e-01 5.459625894375864652e-01 8.037205681273619229e-01
2.811022595392127510e-01 6.362351550045154402e-01 1.071116364315860547e-02 2.305823855273504419e-01 3.210911380128035342e-01 7.440737147478376778e-01 6.889648490583447638e-01 8.659814029491352816e-01 6.287715829561955072e-01 8.469340175778350410e-01 2.996026505702743536e-01 5.169632838837785460e-01 5.778018726932325766e-01 2.219053165154676321e-01
9.023708966757436611e-01 1.245096187052600056e-01 8.832666482215605352e-01 3.646410728039858329e-01 9.464349180338781364e-01 5.414588509108966274e-01 5.853335473297373026e-01 2.024720182832179249e-01 6.017346627253524760e-01 4.921418316569825535e-02 6.203984505132664751e-01 3.328655599302976498e-02 5.029898457220099983e-01 2.585047542110509022e-01
4.900367206153666277e-02 6.625143210387089976e-01 7.059709288534010696e-01 5.551130205171522780e-01 6.536240218996887119e-01 8.274632683336817784e-01 8.189624844589303843e-01 9.180235505914836613e-01 1.755218651010492792e-02 2.185987166327809650e-01 6.038845075624960090e-01 5.883917800955670296e-01 8.083161541190071464e-01 3.401879746577947117e-01
7.108637833713402632e-01 6.806748831793124621e-01 8.942698928638465050e-01 8.984750154929889154e-01 1.997282966570046447e-02 2.177320965458081625e-01 2.000564630379619846e-01 2.993306333629671689e-01 7.780308332763694601e-01 4.367893908576059303e-01 1.423389058855283329e-01 5.890611927689858307e-01 2.000720766977451825e-01 3.826307833388058466e-01
7.929735159767877795e-01 8.554784442794008958e-01 7.460453959071053909e-01 1.217711472916310766e-01 1.402999957631385630e-01 7.036633746115836807e-01 8.109274130232230204e-01 9.423802651772615890e-01 2.682979760161200433e-01 5.124095948838992554e-01 1.672045624895129867e-01 9.796687330025355411e-02 9.915755569234505629e-01 1.748061056633892774e-01
5.064425951522498748e-01 7.508086167083194429e-02 2.769698511760210202e-01 2.044401250569716222e-01 6.718230604421726593e-01 8.577465641439403488e-01 9.206387575505136089e-01 8.799974182302610082e-01 8.434107230482894568e-01 1.846875665057643445e-01 4.464130651323512389e-01 5.961828288921529051e-01 2.174692636309087934e-01 6.936676497454778989e-01
7.095076261066602941e-01 4.564504766698759264e-01 3.784723658969812998e-01 4.109805795332713840e-01 4.485909368109961548e-01 6.989026951870058735e-01 7.088815622574932140e-01 7.027604256014031714e-01 4.941987217788628151e-01 4.485107018246794475e-01 8.901515228353688025e-01 2.733735293572148173e-02 7.494733415094443352e-01 1.842381704259297148e-01
1.272739958740606303e-01 4.951735495566925715e-01 3.732746613519392076e-01 6.334588417115697423e-01 9.846742298424058237e-01 3.668203623457886309e-01 6.715646009246323267e-01 8.404474420442098470e-01 1.087113935381908147e-01 5.363999010769904263e-02 5.677382360747429413e-02 3.410199855271942582e-01 1.420851500250985833e-01 8.408406990604389009e-02
2.908781648284136656e-01 3.068480629593050013e-01 7.461275048133024779e-01 8.162232108018583343e-01 1.391862932329303026e-01 2.145403770381086872e-01 6.952997696826335172e-03 2.401503574218002424e-01 5.064420183247083651e-01 7.121634655814931270e-01 1.595361112000435178e-01 6.362271875709203384e-01 2.407188147785821464e-01 5.620137345950804164e-01
3.748150183012977088e-02 5.946867886630519129e-01 6.860344714228043816e-01 8.506593241613481515e-01 7.146065401154918506e-01 3.025334488123764265e-01 7.012266145663870187e-01 3.600323247629464429e-01 1.931810168871044286e-01 7.744080805188751082e-01 6.861625775938628991e-02 5.001460537561561726e-01 5.063216421103128306e-01 1.152564002125211484e-02
7.481222756091205905e-01 5.663783052274323770e-01 4.591369064844254000e-01 1.879409143608534727e-01 8.080759190755970600e-01 1.411910125492623624e-01 6.086281829624652362e-01 9.111970937267123150e-01 1.263646874625532490e-01 4.317436432618296793e-01 9.159182220965514931e-01 4.640264907883334677e-01 1.357195678526346150e-02 1.925978845129745487e-01
3.849723771828461594e-03 5.651798067675219972e-01 6.483283167960086635e-01 6.674128278202046127e-01 2.085688354048129689e-01 6.901097904716161358e-01 9.029224871911719630e-01 1.415681021942443163e-01 7.940806691014417051e-01 9.643508366362582018e-01 9.405027017329319339e-01 7.648511697411266574e-01 1.792291430834721533e-01 6.434741644911646796e-01
9.004981930197797357e-01 8.181601309336004046e-01 6.260488121279084162e-02 4.148475945787722940e-01 3.903631128938315209e-01 6.657737096009487265e-01 6.654576006786218079e-01 3.708275824104247942e-01 5.592643198435534035e-01 5.765210273535256169e-01 1.465348253331631989e-01 6.512101156033855975e-01 5.857268625643924365e-01 5.922752848240986356e-02
2.293987774729697726e-01 9.746199679494260693e-02 8.006075492290396500e-01 3.675813524243446428e-01 8.774432815863709711e-01 9.589646613798135100e-01 5.745260393161981671e-01 9.481450604917093239e-01 1.732173514560413352e-01 9.718295824055164234e-01 9.576847945821223007e-01 6.932192150461187197e-01 9.480284649426451438e-02 5.160601058744207492e-01
4.984482520602443456e-01 4.930388724568997016e-01 6.410144413270320030e-01 4.250391104748406645e-01 2.124049283132034560e-03 3.231629194581858711e-01 7.211934462326473616e-01 5.802608278765170047e-01 8.965974363145223780e-01 1.307448601866566529e-01 3.254646342695406425e-01 8.681677213368149681e-01 8.668005449745991298e-01 3.808597423629801471e-01
6.467156761736836401e-02 7.006120752626739945e-01 1.230729440509581440e-02 6.928919168028069286e-03 2.374094857524224889e-01 6.584977416850312792e-02 5.359964335992585260e-01 9.336189065671114395e-01 3.779234751432044570e-01 1.325813727677607190e-01 7.534110795617556811e-01 1.588268542723347831e-02 7.051824838970218723e-01 2.497851144532826639e-01
9.998916698051688590e-01 9.678611570993298496e-01 4.836193224974865146e-01 6.863970934214935760e-01 2.085348800590565155e-01 6.926314350272024800e-01 5.826403037260515783e-01 8.913590575681663575e-01 1.978737886762627074e-02 2.781932399330953043e-01 2.986874399683260295e-01 2.061168382668313592e-01 5.700017154505413464e-01 2.815100790048143953e-01
1.867682601185189917e-01 8.182908446514191025e-01 4.060450467479077563e-01 4.206313327966469950e-01 6.243171057730055873e-01 8.055871006753846375e-01 1.157106841935618968e-01 8.318172387712619020e-01 6.213744642014454866e-01 7.107783630482754633e-01 9.333982059199499304e-01 1.438567398959745836e-01 3.722759088286420326e-01 6.301959160387117231e-01
5.139087729359779200e-01 8.905585831873831237e-01 5.992848719848393735e-01 5.780886176551581768e-01 5.596003099341739784e-02 1.827581576367204308e-01 9.626326165041741989e-01 8.601635094494155531e-01 3.876703224437143547e-01 6.522128106885579646e-01 8.980775526260648123e-01 3.386287146704070050e-02 1.874343507082338878e-01 6.171893165362076772e-01
6.374404157340307631e-02 1.164093101463908875e-01 4.521272120923761628e-01 7.123444119755769632e-01 9.796831574557650635e-01 3.878532240690782951e-01 1.386971814811261972e-01 1.312728277255259535e-01 5.928526449104635221e-01 9.686343576962330726e-01 5.214562302309991848e-01 7.875115799521640314e-01 1.896146126094707673e-01 3.276528964080841488e-01
2.640380272569463616e-01 4.884715353496293933e-02 5.149769362685326923e-01 5.378722059587087712e-01 1.888055672272338503e-01 1.025738082058982314e-01 6.848988629770569325e-02 9.842254284885324500e-01 9.002590819199746131e-01 4.033170331844412315e-01 9.672216916776702478e-01 3.394814518560721472e-01 8.377338694382220341e-01 6.184374965464635165e-01
4.638002454940837183e-03 5.820131382842967938e-01 9.139154915169298565e-01 1.117181395072721628e-01 6.817002045066710147e-01 5.165627834130488427e-01 6.021126658125880438e-01 8.995364041526466847e-01 1.113031974425774395e-01 2.385266479495473657e-01 2.866373604030119093e-01 3.556904096418321837e-01 2.933728499304808501e-01 6.645548286151644612e-01
1.333461059584533093e-01 2.522920592834103637e-01 8.432395117139671603e-01 5.163539039875312264e-01 7.369921751803472088e-01 3.506370188887834027e-01 6.707430648699201914e-01 5.280448595183583338e-01 8.039800733797665133e-01 6.171505291561650841e-01 6.333439736405932496e-02 6.827199199355153958e-01 9.774265138016086096e-01 2.232180869833967352e-01
9.115496224034901340e-01 3.504863972295648722e-01 6.060791965815466309e-01 6.373301427494693083e-01 1.589993865818172258e-01 7.745266905333740848e-01 4.168759753580701943e-01 4.960704378917840662e-01 1.712514326627759820e-01 2.928081633873181877e-01 5.639580535458224020e-01 9.198403510217977308e-01 3.376165411529851168e-01 6.485672132245895449e-01
9.328136581324520948e-01 1.504690764259548619e-01 4.069168151826164648e-01 1.718521529948549009e-01 4.688172975859505875e-02 1.217353314169195011e-01 5.094742119400228475e-01 7.271555388674880716e-01 2.008295318413606534e-01 5.070256541172224463e-02 6.303453989145357816e-01 5.450491499050755806e-01 1.070433855202153062e-01 5.772495220873750110e-01
