7.963217822827491910e-01 9.207449750770944075e-01 2.201183300950493305e-01 2.564670628434302380e-01 6.581476532196250950e-01 3.430110867552198517e-01 3.414543388485538067e-01 2.925276140604570196e-01 3.888084470174265617e-01 1.251378619075927956e-01 1.550465842090665847e-01 3.255529619423077614e-01 3.593321795095473226e-01 5.346583570176531852e-01
5.718081020777104895e-01 7.867364584647111858e-01 6.053421621064414282e-02 2.951662520133354617e-01 6.800244174130010144e-02 6.923608884979757239e-01 5.870063239297547142e-01 8.678536971957848678e-01 2.565728377159225415e-01 2.160464090769206313e-01 8.567116945503974179e-01 7.139814581294827711e-01 8.495220041909345987e-01 4.326793429768118759e-01
6.025487396826164632e-01 7.701242012803958259e-01 2.587659004959328435e-01 3.096342035821303407e-01 5.596113952347137044e-02 4.642780767086437388e-01 4.511107392752874423e-01 7.473533721748274461e-01 4.730830731424641167e-01 4.028317068108832055e-01 8.257239177345769843e-01 6.202505266787611271e-01 2.680980218948054716e-01 3.822604560062954349e-01
9.041010389465199415e-01 7.042372286427537320e-01 4.110257610346259582e-01 8.708432216157783179e-01 8.332569313631743579e-01 3.895430867860294466e-02 4.737695468952540789e-01 1.265671302499637996e-02 9.280942951458100998e-01 8.229218565681291064e-01 6.583098331534620318e-02 2.467802716733537016e-01 6.358884911116633454e-01 7.576468782978065253e-01
3.755367276065234572e-01 3.323259566306344670e-01 4.564597811247084191e-01 8.927439039233060480e-01 9.953743282957150385e-02 9.213802252882152821e-03 7.087871363291057270e-01 7.653088062438390127e-01 8.571859661332525970e-01 1.696878765071596629e-01 7.426559996310183598e-01 1.266247172507262153e-01 7.091224878382009766e-01 1.811610991441078289e-01
3.453924874801990175e-01 5.182158368887006539e-01 8.144145943456689851e-01 7.458275868626300653e-01 4.071311361346015012e-01 1.442109896721918139e-01 1.312944146448780103e-04 3.808269110764225251e-01 6.743782910809408282e-01 2.811915292444056025e-01 2.737820413147541432e-01 8.396343512071867687e-01 5.691598801660047169e-01 4.905227213460117142e-02
1.896694739605107038e-01 9.528071773305357706e-02 6.899782726294563240e-01 4.653170498975630620e-01 2.859321115605041319e-01 3.826939682222816330e-01 7.272080986226006072e-01 8.927810612191742212e-01 9.752855057163014596e-01 6.185759888080853974e-01 9.740708111556215520e-01 9.028206548769559525e-01 2.797517092766040880e-01 7.601522502277633375e-01
7.515066194558344126e-01 3.065092765101108396e-01 4.450922083891617476e-01 7.198308496069838469e-02 9.873144285254644714e-01 1.489100505243771133e-01 5.632467419234811201e-01 1.137398728188849795e-01 1.645074918850443213e-01 1.597100680307342868e-01 2.851021246191030034e-01 9.189420268061476715e-02 9.978974477488891104e-01 3.920108571466396352e-01
2.892478783798460018e-01 6.105578091717086542e-01 6.595920362774284618e-01 6.071217509223011399e-01 4.156423068773926754e-01 2.299177584755179859e-01 4.691615316679375036e-01 2.147188649965261487e-01 2.638448457162415606e-01 4.819320323658579097e-01 6.453014110285802962e-01 4.044858688897614574e-01 8.118926076807093661e-01 4.072217159343940462e-01
6.691335513607610253e-02 3.380983104135932837e-01 3.031060758878543204e-01 6.800619589866636616e-01 3.051565412210546224e-01 3.660620137834245114e-01 5.181608587441548508e-01 7.273941134902162098e-01 4.113164490663379080e-01 6.113398479342684322e-01 7.815856662083268125e-01 1.243528275001745120e-01 2.585694102733898658e-01 8.300765602387502051e-01
3.199398896202869658e-01 4.978321345142243670e-01 5.760895190861261561e-01 5.876759047701971550e-01 1.847138982457067202e-01 4.979134565161824622e-02 4.953645342443149246e-01 5.633202013728575430e-01 9.848474984387989295e-02 2.766069660140747510e-01 9.243214964746803153e-01 6.405338406857068456e-01 4.188204500321232038e-01 8.733049443994980177e-01
2.426941524184541565e-01 3.357094909056828058e-01 9.402806798049562209e-01 1.426725527492846979e-01 9.369763672821344036e-01 3.141602733069890352e-01 5.867653366333066556e-01 7.248476143617965661e-01 7.935718668117900387e-01 2.295349877034247310e-01 9.075916710531587439e-01 8.730336029551284405e-01 5.580432681301045195e-01 8.511478732473017894e-01
5.018673894898926235e-01 1.541354008778312856e-01 4.201345101386224634e-01 9.894875879128576246e-01 7.411858198509653217e-01 1.960122977907069464e-01 8.526017715189719848e-01 3.217639437516051082e-02 4.311227933487188357e-01 6.381925078483563496e-01 6.640788014071122847e-01 1.251771028150683307e-02 1.079224038869813773e-01 2.696404764792581510e-01
3.434636784725765279e-01 1.936529493304794958e-02 3.761853616348811435e-01 5.244960244022583984e-01 6.029062667156278588e-01 7.322141140414116789e-01 3.364315905644359450e-01 6.587038836098260131e-01 8.664298864967078240e-01 1.883784818765033009e-01 7.398980499525119603e-01 8.113924687386545598e-01 2.449863328158142783e-01 2.777603311707607103e-01
3.277368299515678318e-01 2.775031243153457394e-01 3.775436470535431521e-01 9.492330805998565602e-01 2.588969702996655187e-01 7.286299388865947746e-01 4.908707634209802384e-01 1.059216846953795477e-01 3.306679173184357001e-01 4.334996154625264664e-01 4.416177267934716655e-01 3.314953155205528912e-01 1.232121260356102699e-01 9.967695306477534212e-01
4.508123705677017368e-01 3.538386559008943610e-02 2.424179643066480816e-01 7.507011083652095351e-01 1.800448218313298598e-01 3.036694827879024006e-01 6.066168929320975289e-01 5.652925246171622842e-01 4.145252971221328187e-01 4.162685368557278442e-01 4.416272979274878940e-01 1.993019031228385751e-01 4.847270996993101599e-01 5.315420522780318624e-01
9.356921838699542304e-01 1.507707150303982946e-02 4.341435352396743053e-01 4.283042816206134029e-01 2.959891242048064974e-01 2.641799157273695409e-01 4.137948038320711230e-01 7.958308497473833842e-01 3.812305084983931280e-01 7.780260355887829160e-01 7.755187971326866769e-01 3.611477390199181459e-01 4.653323173190522244e-01 5.838098443722172792e-01
1.900831973873573499e-01 4.071259413354938461e-01 6.055183759987874392e-01 9.282713307450711770e-01 5.021506657388153938e-01 5.708151917342370041e-01 3.128982733024732177e-01 1.296595890740221968e-01 7.469373086264209372e-01 3.868189109890081134e-01 1.630123506407833434e-01 9.180377532834306242e-01 8.167852161666137034e-01 8.138833777433253092e-01
3.575931226689506026e-01 3.291288500965633412e-01 1.077956289469097495e-01 5.143490020567598187e-01 7.247772160876005954e-01 4.144186723453031629e-01 9.428268073218228906e-01 8.214475344221960906e-02 5.590584356191993232e-01 3.635014646250460668e-01 8.369227563185104302e-01 9.175542898780965073e-01 2.613956432099807659e-01 8.019048597388640509e-01
9.674742822569378786e-01 8.248570498083362956e-03 4.568497881944270089e-01 5.023186949586091465e-01 9.420647039271018430e-01 6.211734376886797193e-01 9.735436682631815053e-01 1.002559257235180468e-01 9.401418580959784999e-01 8.407591287002694758e-01 4.219234229137051040e-01 2.939599964045622738e-01 6.865745066121341500e-01 8.182019351298859267e-01
7.827628802757086168e-01 2.617911599548046198e-01 9.564760657632328522e-01 7.208733153829690599e-01 9.220883270243462881e-01 5.308731680010492227e-01 6.918257803322394039e-01 7.460181498179034865e-01 1.896850022319385154e-01 5.899761664859081156e-01 6.048717601567088487e-02 2.640382858098921925e-01 9.397852054659974197e-01 4.984374359100184337e-01
7.168622176146799418e-01 5.880354114673271848e-01 4.664577654863691913e-01 3.415290192961439875e-01 9.446485099756666282e-01 8.012014390488155779e-01 3.706682322206560354e-01 2.724656255407418293e-01 9.728081299376668545e-01 9.720517511249195941e-01 2.663761087950232698e-01 7.505398831012770611e-01 3.666091969593828770e-01 9.044731743592169249e-01
8.068258909403424051e-01 6.414990648497553849e-01 6.399202608842635698e-02 5.989349156708754229e-01 5.914569060146620538e-01 4.940508947327942879e-01 2.258314466928175168e-01 5.734306598957206180e-02 7.979743238323955268e-03 3.379654459662921884e-01 8.506798246341331637e-01 7.174218341039073632e-01 3.760042628623115890e-01 3.597861474531635073e-01
2.347409870890455608e-01 4.680956037353342092e-01 4.997829354796682333e-01 6.449897176223922113e-01 7.629534610384007820e-01 5.248552935304229283e-02 7.606595155084361348e-01 6.214807630021821350e-01 9.468812455049441246e-01 8.113075945358011465e-01 5.436259736517069507e-01 6.945176351740348641e-01 2.692316303205452011e-01 5.615061739108494487e-01
1.001965271824981629e-01 8.447364530427784457e-01 1.100656245531905775e-01 6.787338114175580639e-01 6.569919586211984130e-01 5.603278350535448871e-01 4.468900300277411919e-01 4.461106037244677580e-02 5.891106573747936226e-01 4.718576332715493926e-01 4.344578059737582709e-01 8.420075919299919720e-01 6.065990358926526271e-01 3.066440300428187049e-01
6.669434264140391422e-01 3.962610995291753202e-01 4.222159875542585983e-01 1.911877117831390915e-01 8.421806350878303649e-01 9.944909558763358470e-01 4.274243604999532486e-01 3.044352965390305643e-01 9.445300585829504714e-01 7.405521457879924441e-01 5.557760694121015588e-01 8.643144149396446707e-01 2.412637784092828142e-01 9.838427171636380253e-01
5.269320211140434695e-01 5.508523385144498130e-01 7.523701453141169448e-01 9.960966650230571595e-01 2.418798312849396170e-01 7.345641089950896152e-01 7.100612405753067291e-01 4.702157794152922454e-01 3.953005878147620722e-01 5.392247790961919307e-01 4.157704316777922626e-01 9.168126322465727229e-01 8.413652219909768526e-01 1.110113362370889201e-01
5.792359687457360184e-02 2.321256126141657550e-01 3.402840798882428297e-01 3.673431906997877139e-01 7.921783187157485084e-01 6.226769405246657119e-02 8.050428314023617693e-01 7.937627369831868895e-01 6.462236561112256750e-01 8.206474347082813869e-01 9.133069572172295425e-01 4.414168568577733209e-01 9.643330679643871139e-01 5.735483316022206290e-01
3.715030002356359828e-01 2.564357118229920740e-02 8.581410105261486621e-01 1.632425518685205468e-01 6.105958031616446346e-01 4.656369776828231943e-01 7.626013527483443966e-02 8.944154872448524252e-01 2.272292501397098485e-01 1.550748103088068763e-01 3.842979422976992021e-01 5.027441966766753589e-01 1.705430757155206312e-01 1.021422047523896648e-01
9.819190163242336178e-01 5.992212770482885364e-01 2.717781771999498996e-01 7.159596860029096010e-01 8.262759595963177217e-01 9.050138605394286717e-01 1.987157826585610465e-01 4.770343434989381404e-01 8.282526153001780189e-01 6.794553598784437431e-01 3.121608527221580998e-01 5.254248789632282035e-01 7.660513509078007433e-01 8.036591350467817696e-01
6.023678282964312070e-01 9.627285806081732344e-01 2.443406477135534605e-02 1.888880214111379185e-01 6.513068606953594797e-01 4.517849226110920435e-01 1.218877930705131174e-02 8.565652998760288073e-01 2.772871166447925528e-01 4.542948813823776133e-01 6.238807846287919290e-02 3.893796226939112426e-01 4.276971230784063494e-01 2.087543880421482978e-01
7.045741440545625345e-01 7.584517116092572842e-01 8.123740301034492184e-01 4.573822632261080878e-01 9.849091560771081610e-01 3.821976176424514149e-01 7.877250504357502514e-03 4.011235853733119416e-01 9.958523640263338139e-01 3.548503349909875038e-01 5.028539378896048628e-01 9.179771488269286017e-01 2.627639552191515238e-01 4.287500174954393950e-01
5.061409448396069211e-01 7.037115313180863918e-02 6.717775809250148278e-03 6.303104253897510167e-01 1.738903481381609550e-01 3.739334264249597473e-01 7.133096343015437046e-01 8.699612743295669359e-01 5.153136056178007074e-01 5.260715075835437071e-01 2.711969501915890701e-01 9.512892188067234578e-02 5.983191429074399270e-01 8.362915199418183843e-01
1.974139683805126166e-01 2.762673642106704408e-01 4.936281530055894873e-01 8.275630830963243145e-01 3.441668802159177920e-01 6.384201025074623947e-01 3.572084458519061423e-01 3.137672639333333180e-02 3.016507085713828751e-01 7.635968331019149513e-01 3.289412016913553227e-01 4.810330053644868986e-01 5.616577316873282433e-01 6.966624987438990724e-01
4.961961532774936678e-01 7.732414623779336749e-01 2.089491406292454112e-01 4.992970280080768486e-01 5.969638935694346893e-01 9.423443777472473304e-01 2.062407272706534567e-01 3.962721956895287612e-03 9.382363337432488848e-01 2.596095931728913397e-01 9.748756398828567482e-01 7.247184569100211249e-01 2.127479125012884387e-01 4.063812192562589187e-01
9.251842655247870528e-01 9.631184328623964008e-01 9.241440401624938517e-01 9.729978976047194417e-01 8.026682985459645536e-01 4.143766334412548602e-01 5.149401941793816384e-01 5.030640299472810550e-02 9.701260196668369806e-01 9.134064469926528318e-01 4.032767336007028192e-01 7.903073954349038033e-02 2.871646031536024823e-01 6.859168724955733154e-02
4.835987143454977266e-01 1.481701237527077719e-02 2.432105043618467688e-01 1.769462492955121702e-01 2.131874015058941030e-01 7.853263127681074929e-01 2.125668447477436773e-01 4.028197044928707449e-01 4.844599181500941487e-01 4.598147996588908271e-02 2.785376933691082746e-01 3.215222956090499906e-01 6.830643018901745300e-01 8.671559657373985042e-01
1.074846477072320949e-01 2.616408796031880479e-01 7.026200290393561643e-01 5.585787689769392550e-01 4.962569196012206474e-01 9.525169182734460893e-02 8.446599560611324220e-01 2.140480639429630516e-01 2.544773832467149832e-01 9.699752558365304367e-03 7.303792706962373149e-01 8.338941797848926640e-01 1.212589888927984028e-01 4.193370548504330442e-01
9.945085984030235249e-01 8.868916289320946111e-01 1.183623061394589726e-01 6.134814506799181055e-01 9.598825865036065830e-01 4.386531343767542390e-01 7.954014123507111567e-01 7.498035694875859747e-02 3.212902823018901621e-01 1.927355737778553291e-01 5.853907819790311606e-01 6.955973098414047762e-02 1.682214558699890450e-01 4.210239339888791621e-01
5.716107715903671060e-01 6.519689274301431192e-01 8.133400247991735554e-01 7.716520604989394183e-01 8.090575013318355158e-01 4.881696282093934691e-01 4.411156052155660312e-01 8.807459170622694566e-01 2.619808383847022082e-01 4.382888550690675622e-01 2.379607487303923019e-01 9.382106284312998756e-01 2.172470301468263365e-01 2.848649004914238780e-01
5.803530553150028082e-01 1.395964363189580171e-01 4.542825654655102685e-01 4.580042837851878712e-01 1.650996511792541810e-01 2.885714736704368955e-01 2.709567127191334635e-01 6.837235878278240531e-01 8.285945423049206893e-01 9.577318760986012203e-01 2.608405168345585556e-01 6.640674814003207915e-01 8.478825489348782440e-01 4.889281216745866576e-01
7.078211971696960481e-01 9.325306704701631366e-01 5.458253214576738177e-01 9.544045426850347180e-01 4.978379287581269352e-03 2.197755545152771939e-01 4.516596582360561385e-01 4.906974375755980278e-01 9.020937503987043193e-01 9.429046397315190564e-01 6.928735410743341872e-01 7.831733602343490253e-01 1.632440365379933533e-01 2.566804912712804532e-01
4.855897149824460746e-01 5.595531651395443395e-01 9.811215504972582435e-01 3.140503300082349014e-01 3.598664825451994842e-01 3.074792226087007530e-01 5.895381383138911247e-01 7.903860068748654877e-01 8.751445192950838559e-01 4.223608754336050097e-01 1.834717431002296228e-01 6.063408694836699420e-01 7.172308099892159561e-01 1.765109051918400951e-03
7.627599743252639897e-01 7.024095009618023244e-01 8.101324058996469679e-01 1.939184096454353856e-01 6.178014599643397720e-01 4.226777255050273574e-02 1.784380652329577988e-01 8.494749744412288806e-01 6.623293702779073922e-01 2.352880002196716669e-01 4.702549822547614777e-01 2.541637345962195482e-01 5.146212366890376977e-01 5.816882119953800112e-01
9.478717134378383813e-01 5.712438401399420052e-01 3.867678660871904928e-01 6.785706380895040191e-03 2.799567055703272578e-01 3.680801503233538385e-01 2.704787548235729755e-01 1.261108338828065278e-01 1.983011805486359913e-01 4.155309844503204397e-01 8.968064345354315181e-01 5.404360167504970169e-01 2.978676168381724221e-01 7.632989305391298940e-01
9.341096427420172432e-01 6.830858868544504858e-01 5.190862952553708665e-01 8.468103795289062541e-01 5.634463542922156787e-01 2.810304814161256326e-01 3.829923891467397201e-01 9.659168237281563485e-01 7.633828009062670894e-01 1.430135136929495676e-01 9.179166271459129334e-01 2.043358719101899812e-01 4.698184290535600827e-02 6.380260866497391437e-01
4.556006859740254766e-01 1.970856590554500576e-01 4.361850114033278825e-01 2.458953251026365638e-01 7.042224098169332924e-01 8.690755652666155573e-01 7.637945168757060976e-01 8.323734932837647538e-01 2.643853156000617322e-01 2.814578553497408819e-01 4.286263938357848247e-03 4.278918130753165405e-01 6.493702466711938071e-01 8.726908740665434427e-01
6.391559820551957483e-01 9.525568728434713472e-01 2.080513918355609837e-01 1.124948619571864983e-01 9.988403536474198541e-01 7.497525538393223776e-03 8.868497631801917080e-01 6.620562865144807851e-01 7.502012901335571859e-01 4.078794001250612977e-01 7.141153022888988566e-01 6.992783807828284459e-01 1.275754568496002550e-01 9.691067697891474486e-01
9.825532070275342367e-01 7.960803622052102790e-01 1.531450796831346217e-01 5.322330607968783767e-01 9.088441073955788596e-01 6.180362505217863456e-01 3.953803782366843711e-01 9.765153952274583382e-01 8.896889756399750659e-01 4.537122149267595050e-01 9.858545710778344739e-01 8.690042556274415464e-01 9.252801207880919643e-01 4.840647393497160555e-01
9.621193750048069315e-01 7.237099822032797558e-01 4.596173854454193020e-01 6.633141318031151590e-01 8.891793943125749777e-01 5.273365289078626450e-01 8.109018425360918769e-01 9.125764559623738004e-01 1.334632081069991871e-01 5.974638407441480448e-01 7.515923352820095271e-01 5.717980701189429027e-02 6.915338668817856416e-01 9.098199015326490224e-01
