3.126237572829304590e-02 6.950391568740138526e-01 4.898920255285954539e-01 9.079946831660029583e-01 2.699346190684041025e-01 7.959520211440398452e-01 6.752186078968777094e-01 2.757359064706010887e-01 2.098718632882232704e-01 7.609478591179381635e-01 4.613601969055125540e-01 1.614935799747354572e-01 9.404894236683424280e-01 4.762814412525215868e-01
6.035152152432003980e-01 6.747189635360375526e-01 2.667555283255946819e-01 7.686603967938586690e-01 5.349766966823580328e-01 8.767235020211607832e-01 1.744592226799669410e-01 8.440586130571653412e-01 7.038530759904570999e-02 4.515638793898956171e-01 3.530733708444103724e-01 8.023934658047361390e-01 7.631303501787638499e-01 2.578975517175595700e-01
1.579016220207284382e-01 6.620004917941025857e-01 8.151700691289669454e-01 2.159995397269940387e-01 7.141674882013313574e-01 4.063654468856874313e-01 8.444294728889886192e-01 6.950591357864106534e-01 1.368762183780011243e-01 1.692852822904886700e-01 6.364699466651947413e-01 6.399635777811095716e-01 9.195850134926515373e-01 3.003499835273422125e-01
3.172959024340737955e-01 7.268002915107594220e-01 9.865817536109144914e-01 1.855992410782626445e-01 4.068793837254980339e-02 9.184008505851436466e-01 7.873668140657281711e-01 6.578240570927825770e-01 7.484783727813867360e-01 8.372761821580189112e-01 9.857873470806698402e-01 1.199697562226893499e-01 3.653650270123995902e-01 3.026424148663237057e-01
5.370528761220433323e-01 3.481198720946007130e-01 4.148298455005190455e-01 5.396361637677790091e-01 2.566765458796926858e-01 5.091658502023044264e-02 6.628408592232378771e-01 7.725896175981733505e-01 3.567554645174167982e-01 8.528718587354855440e-02 4.582467705200694574e-01 9.786560057745521402e-01 2.884665773348378259e-01 1.338397350220122961e-01
9.737236484769138389e-01 8.829632273353289484e-01 3.296556419199878629e-01 6.378674933110737300e-01 8.311023652198099576e-01 4.449619224290589647e-01 7.538612349716603545e-01 7.162118859805507443e-01 1.733056733964037921e-01 8.318076681942939699e-01 3.355815079506518916e-02 2.756406016434111983e-01 5.837732139926810060e-02 8.288359222379407809e-01
1.752475783736776593e-01 6.996931593741849698e-01 5.774073945285568277e-01 7.789823343669372013e-01 8.124406140900677364e-01 1.949064914669265125e-01 8.551814012628872197e-01 9.707964405254245754e-01 5.893147350341816360e-01 6.314520234171770996e-01 1.373476613104255284e-01 2.507451980349515441e-01 9.316561824163400729e-01 4.046532005305636392e-01
5.746523016380369331e-01 7.723841732314572495e-01 1.854032994336989315e-01 3.383471636923111037e-01 9.741003361119859871e-02 6.330690175890030247e-01 2.553879416882470776e-01 2.863726565852452444e-01 4.142036483460520557e-02 1.515677160650980015e-01 5.761383485750717348e-01 7.648267323706235965e-01 8.699156822429535696e-01 4.323131497979495474e-01
3.346749808483875377e-01 3.125094643031149921e-01 6.557215999076301260e-01 4.900277175979096400e-01 1.199564431614041915e-01 5.655440490890975003e-01 4.318558984133864520e-01 5.382419086621054172e-01 5.020386749703664719e-01 7.047022119140068375e-01 1.639495581110606004e-02 9.329795948429298047e-02 9.304299929355803744e-01 4.600540891152449241e-02
3.304641853134041574e-01 2.230737728041120027e-01 9.734134724578746845e-01 3.011447788155157124e-01 2.263179034153275371e-01 8.432972730740909695e-01 6.274889625491850698e-01 2.128889897557286748e-01 5.701722050002091535e-01 2.735921761402226871e-01 5.796231569682834817e-01 2.758497236536358033e-01 6.719765541283551080e-02 3.108547388756329743e-01
9.269691319590731560e-01 2.825871164338318309e-01 5.361327336790852049e-01 9.504370530945059903e-01 4.711848646012739561e-02 4.978170491603495229e-02 4.566176429189511277e-01 2.944372116949837137e-01 7.518504464451080116e-01 4.861074785461296788e-01 5.775119730799490592e-01 4.052344756947445781e-01 1.176011428461517516e-01 2.805993041702836699e-02
9.696480051922211629e-01 9.804512766932217405e-01 8.781461622328079475e-02 5.882327106454339205e-01 5.194463172743080115e-03 4.661090089302925010e-01 7.874049604190598295e-01 9.856430355328826831e-02 2.541100737355589390e-01 4.221075649751837577e-01 3.171461242911182143e-01 5.907222818207079618e-01 7.938279065400912771e-01 9.534235135555766405e-01
3.902071585214019755e-01 7.261964175351405260e-01 1.353089976626608015e-01 6.910143183496023633e-01 7.652934570753796573e-01 2.825844675623446767e-01 2.648801608994849621e-01 8.200322535257076328e-02 5.562047365960405276e-01 1.220554807480471737e-01 5.625196017592043463e-01 3.729599419108796665e-01 4.187982384155914950e-01 4.189700217173638608e-01
4.895348452589474153e-01 7.689414227099463650e-01 5.665431854562468228e-01 7.706436639138567468e-01 3.593080011703685406e-01 7.392979321708640361e-01 9.597899832902792028e-01 2.967667721075214482e-01 8.916219437037570250e-01 2.813091351665827355e-01 3.982383617434976930e-01 5.517512052937006972e-01 3.440467251200313159e-01 8.605585165764926270e-01
9.319127518552093870e-01 7.625192929957494981e-01 8.536708331270133066e-01 9.959405525830142825e-01 7.388857709145317809e-01 9.513968400693351146e-02 6.570989739387933515e-02 7.898013043446966419e-01 8.322442668018954492e-01 3.660170818172080454e-01 9.381015008392166177e-01 9.962595971055941968e-01 3.338111981362963387e-01 1.725787284998713256e-01
4.276519730012401377e-01 5.989838546299163236e-01 9.374885274850957018e-01 8.991904263294840938e-01 6.685208799692605730e-01 6.372016090636113406e-01 6.800068443082003533e-01 4.688148155119838956e-01 2.108598905898473319e-02 7.740082784496116197e-02 6.987580547353047233e-01 7.636616920439340817e-01 4.998518807430157862e-01 7.156042022196211772e-01
1.020079851887978339e-02 8.493614475138620001e-01 6.460281725903903594e-01 1.116413431478364693e-01 4.401021323423942588e-01 5.460496726500219111e-02 4.190707591771528628e-01 6.182579310046877330e-01 5.919460267479247362e-01 8.255862187748651548e-01 6.754276172161960412e-01 7.762111308830026424e-01 9.167311355271471340e-01 4.983479627968679937e-01
4.603697199657693639e-01 7.111877506516506298e-01 1.239475194976903394e-01 1.326702892079661966e-01 1.266278339123771968e-01 5.687258731534811096e-01 3.081567656683543710e-01 8.858358962105317147e-01 2.374988287992292335e-01 7.374526605003491886e-01 9.151824396602360467e-01 3.050799172622943312e-01 8.255621540544488823e-02 2.445172065977792020e-01
5.055352605549023881e-01 7.273546428601482816e-01 2.637396605395149196e-01 8.767454019405114263e-01 9.342045888784858976e-01 8.081322292397543627e-01 3.904831112225227718e-01 8.051177081124766266e-01 8.454869025790607839e-01 2.579912952581120411e-01 1.049878423944222705e-01 1.968538566498528875e-01 7.241403407169763051e-01 9.893354539078816900e-01
9.959753716171331206e-01 9.590167840804102450e-01 3.254159643769775068e-01 4.231936125411663863e-01 7.959467500951663554e-01 7.415284433639456330e-01 6.283730671245638666e-01 3.356032958889391127e-01 4.941909845708446491e-01 9.994328592450790749e-01 5.970516852564033972e-01 9.572513034113332431e-01 6.786829782485822582e-01 6.840840210869753024e-01
2.282906186835664819e-01 3.544756919148825958e-01 3.116995813238793156e-01 6.961391185273204663e-01 1.230199452954827688e-02 1.818988781417010259e-01 3.966048920235144548e-01 9.910831530169645909e-01 9.605725115190471008e-01 1.414450746910301815e-01 7.636181398696811895e-01 5.440948935762426331e-01 1.248048836126390837e-01 8.119037734067402479e-02
1.055157804133848298e-01 7.417817221572201580e-01 1.331646147299831995e-01 8.115241310152992993e-01 1.787545996257233760e-01 7.497969729006451756e-01 6.906825149601298897e-01 7.650631981472136856e-01 9.884182159277298263e-01 4.038474897152627419e-01 6.940636661609944635e-01 8.294597090434712161e-01 3.268472836376320467e-01 3.380190671951606163e-01
7.750786999324799087e-01 7.606395792951482493e-01 8.264485389794448134e-01 5.421069094965372814e-01 8.373757008019109271e-01 4.185967590806352057e-01 6.335844470769435022e-01 9.487472517160567831e-01 2.492515857938391033e-01 1.963175820573959118e-02 7.103194657344641394e-01 8.134605606571454484e-01 9.036936789626260902e-01 5.205242584939564487e-01
8.558923991595099867e-01 1.871737173641215835e-01 9.310372199147538552e-01 1.027609922913832463e-01 1.438548395171127536e-01 4.585854178908368439e-01 7.565286054353682621e-01 7.520428314396080394e-01 1.640863289845693185e-01 1.014682509384056130e-01 3.244443092446419596e-01 3.007299530317784075e-01 2.517729756154130083e-01 7.105006246477876264e-01
9.024355195620656911e-01 1.762525639499908925e-01 1.921707910160069810e-01 1.013887907505143238e-01 6.816905657252303463e-01 1.099351010871184586e-01 9.710781306756927078e-01 6.192451609741345120e-01 8.155612074580299575e-01 9.022388385081909767e-01 1.688181866198568137e-03 1.695425340200678033e-01 6.789722927509697081e-01 8.333492558146610163e-01
8.194536732623062258e-01 5.460472100801181394e-01 2.550033672471374580e-02 4.469901645067366758e-01 5.103467059031363551e-02 1.220634137360958604e-01 8.719191099973777614e-02 2.610231228470769604e-01 4.889263885161981849e-01 4.487107949857183087e-03 2.753789757535418659e-02 9.328438287825121522e-01 8.010489618726346350e-02 9.972687157996922291e-01
3.325803634100963357e-01 1.205787697238472900e-01 9.586452162834462332e-01 8.388218546211176907e-01 8.108109167820487517e-02 1.089009762926671510e-01 6.113731700720728135e-01 4.787226521437022431e-01 1.020456526188360247e-01 4.078811008298525165e-01 7.589972231019116444e-01 9.227984844080751037e-01 2.511658320845977510e-01 1.187602212943971169e-01
9.772435393735021680e-01 2.309622458909107445e-01 7.652281631117837657e-01 1.522637800938948516e-01 3.708453178471328160e-01 2.687546257589911169e-01 1.911786801136486913e-01 3.171589742661824474e-01 2.397768498511220203e-01 9.868707108931911165e-01 7.090642729320054682e-01 7.945277020748017227e-01 8.567667738765796237e-01 1.804996325316565731e-02
5.555346936083418452e-01 6.092010239190996934e-01 1.437051969926769202e-01 5.060272823291458444e-01 1.988733360270664718e-01 6.555569135731993402e-01 5.306528968400440194e-01 4.625782979692314445e-01 4.339143024942477833e-01 6.081784798141347537e-01 5.157979904274668792e-01 3.477605106255960976e-01 3.686536816331432709e-01 3.790570809903544003e-01
3.458760560290029540e-01 9.124144479644286099e-01 1.587198784860976986e-02 2.510136299205639743e-01 8.660838021453238778e-01 3.932891632639125001e-01 8.799742075773765437e-01 2.363196879842006659e-01 9.756755648743293818e-01 2.410892962528228267e-01 4.017568552403428805e-01 6.229656910334678832e-01 2.402199738895026693e-01 2.054802777692007476e-01
5.121296434199421599e-01 6.013741663547123029e-02 7.555998218412853795e-01 5.333925002505757185e-02 4.163068066952732016e-01 3.678037426430478263e-01 9.356989371062071070e-01 8.094145819948339593e-02 8.061352936492025556e-01 9.707552159758118249e-01 8.899031803967518695e-01 1.320042031649260039e-02 4.888602623912600142e-01 7.420893261581332778e-01
4.983675963981553103e-01 3.773189557732814503e-01 2.157528751363380071e-01 5.531012310637982710e-01 4.619075300275736762e-01 8.070081012403318432e-01 7.289594948990507639e-01 8.128861157370137480e-01 5.125374871046918246e-01 1.974410727337650995e-01 9.577776710340651922e-01 1.678654075662510126e-01 2.498158649425952227e-01 5.304389994817737541e-01
1.015944561089342502e-01 2.034831980445811483e-01 3.143959706986845237e-01 5.986471471682148771e-01 7.919479980457607704e-01 9.484152507461321990e-01 2.742195984965241085e-01 4.705696020284427794e-01 7.054105313965759461e-01 4.748130952035285457e-01 9.272678536666549842e-01 7.803228070574131925e-01 2.015389157141282972e-01 8.094127038116138984e-02
1.104438077142337882e-01 1.297501666505349593e-01 5.273271416951871293e-01 2.136402792283996765e-01 4.833063039327106791e-01 1.557106004995922888e-03 1.846832355265637382e-02 8.639183769424524373e-01 8.046458606937492153e-01 4.023325820652872142e-01 6.110273408395593409e-01 9.379366789335599197e-01 1.776134991500788463e-02 3.944488990049999089e-01
4.724041255423110375e-01 3.168508913979843911e-01 4.519284996976106195e-01 3.596434105396393299e-01 9.643364782548113912e-01 3.393920891418735764e-01 2.152357717866176801e-01 8.836867969422869118e-01 8.385349232792140839e-01 5.052451357684725197e-01 1.626803233511862068e-01 6.997704199728460583e-02 3.303959721901074120e-01 3.919959287712815321e-02
8.540280553866211877e-01 1.863608894533783644e-01 9.889989552834155262e-03 8.331226412310734908e-01 7.230797065872418550e-01 8.581548416052978689e-01 9.026541254019493365e-02 3.178070622712253490e-01 4.436085770564686115e-01 1.129859012547408392e-01 7.707658462975365277e-01 5.046866188017343768e-01 6.281176738762062062e-02 1.309358433748375461e-01
3.975646645012802516e-01 1.147933936057403681e-01 7.395505564308968438e-02 4.184039619658075360e-03 3.287712376495465216e-01 1.591049194963634061e-01 1.450758936370524221e-01 2.282741405041853744e-01 1.179837710912620130e-01 6.561890190618422380e-01 2.011125785884273487e-01 1.175239490654067520e-01 6.083602608623179808e-01 6.639840439358168922e-02
3.419547885954463684e-01 4.599137106389995511e-01 4.652217027299090368e-01 2.181546779893700494e-01 6.953717047462638634e-01 4.890858862654826611e-01 1.504158769764182280e-01 6.836273220602974154e-01 5.856205286735276516e-01 2.330685965701562168e-01 3.190887786535619997e-01 3.825253305566529427e-01 4.658456226709155601e-01 1.001565130468283771e-01
6.950513470371458835e-01 6.546192213478025934e-01 6.077960059761008393e-01 2.838098961926641683e-01 4.162329720124593457e-01 4.960287898204085444e-01 1.162680672329819975e-01 4.369525683748919365e-01 3.609934653570872065e-01 3.266172639023414703e-01 5.756941565122125626e-01 3.226876668637792545e-01 8.645777934580383128e-01 4.082240284733766877e-01
1.367856490212888687e-01 6.512223800606701252e-01 2.984857139031404927e-03 9.827784141598079337e-01 7.266259107947995455e-01 7.707851886024673638e-01 7.365399744109618618e-01 4.134772606568637432e-02 9.826892296905205271e-01 1.081193248937806217e-02 2.511395999188549277e-01 8.363415409151807589e-01 5.672004179528319368e-01 6.436576398673302668e-01
4.204873883179625071e-01 9.193005731802019742e-01 1.484658035612884674e-01 4.847166229557384742e-01 3.247141504665180811e-01 7.603012787514744630e-01 4.972043103125060037e-01 3.610968199362937225e-01 4.661598297878583042e-01 1.853095463683355204e-01 3.903804875597305379e-01 3.247377557911114154e-01 8.640207290559847042e-01 8.592236148097731618e-01
6.691466477140713964e-01 5.799027112822889851e-01 6.399820428478369960e-01 9.716957405068077369e-01 3.872311926701161866e-01 5.398908518861141870e-01 9.809283189506801115e-01 8.072013446178621932e-01 5.948006471666013040e-01 7.049289519763795031e-01 3.225323358323064493e-01 5.221673017430670249e-01 8.040627528622885656e-01 6.850377223059246345e-01
1.338355884300329590e-01 8.083787493775564936e-01 2.543443696700864454e-01 8.077480688432735478e-01 3.791159099070584571e-01 4.024125831847397139e-01 2.480433429176017723e-01 3.541359939915746935e-01 5.755381840702977758e-02 8.674454509283612280e-01 5.376709427067898339e-01 7.493079288684518779e-01 4.914188665709802173e-01 5.856874219774803603e-01
6.559443690820653261e-01 5.631856659359232298e-01 2.150280679405268680e-01 4.987311303455007616e-01 2.861549306171919937e-01 7.972273374047933459e-02 8.903306437153133412e-01 7.623275033982606086e-01 6.794041366098032553e-01 1.021423005066081080e-01 1.227593284141034191e-01 2.030383163450327766e-01 3.398145545430493186e-01 8.763087925061796568e-02
3.975583481402416020e-01 6.944450778432179616e-01 5.608083719026192293e-01 4.017832984967329990e-01 4.204553609775304457e-01 9.261222420224064500e-01 4.705599189953668660e-01 2.578338931386623400e-01 2.981248506914233598e-01 5.618883245471057997e-01 9.156029289830392992e-01 5.308787183640103491e-01 8.926427714018482229e-01 9.771860451314743345e-01
7.305986276405276314e-01 8.365012994769166488e-01 2.115542497246446496e-01 4.085653058035133567e-01 8.192346007376006822e-01 1.868786689590593575e-01 7.557697733899991777e-01 3.887100126435660830e-01 6.681203153749282198e-02 1.044515414670199593e-02 9.242087819682125449e-01 6.335526469047798592e-01 5.281374212899198062e-01 1.741498142304284125e-01
6.761926890737511853e-01 4.856747054780539141e-01 3.199562984343894412e-01 7.915409323763157312e-01 5.657303071431463160e-01 9.364868652330419208e-01 9.643200105284062129e-01 8.343532577569112707e-01 6.186246401059473099e-01 1.429019152414906513e-01 6.708642372307995760e-01 4.452924091978971433e-01 9.994440839790369457e-01 1.375232198538050010e-01
3.497741218438101818e-01 1.220388612506998482e-01 8.872079612249017533e-02 7.063349999765464737e-01 2.575395465630512248e-01 5.142174704969825205e-01 3.281991410932635356e-01 7.591894428790859628e-01 3.712898840882106200e-02 1.356674979874019638e-01 6.470545245566695636e-01 7.944458886409678788e-01 9.466445762155972776e-01 8.110472134913213615e-01
7.175303854644875523e-01 3.171902145502137893e-01 6.072756842547051281e-01 6.038221859219480292e-01 4.499759722422702612e-02 4.153700500484247549e-02 8.186417818755379328e-01 2.788754397966602960e-01 8.612869821030090245e-01 7.085289919342458997e-01 1.524776064372842521e-01 1.443386019052141922e-01 6.981294414199326059e-01 2.211094072705855895e-01
8.012045876119323617e-01 9.633287849402009106e-01 2.738079128340430435e-01 4.696844608398362819e-01 4.109432381362987385e-01 1.296914863426806841e-01 2.501029065044159116e-01 7.674661820680457325e-01 4.900735304596193220e-02 6.807159030205088834e-01 7.613116180605741246e-01 5.753416304622918087e-01 6.505763497219619884e-01 7.275747654223093663e-01
