3.056292008768161095e-01 3.661723596767166855e-01 9.872476672430171574e-01 5.918498002953009873e-02 2.670093027183899625e-01 4.351200504270469338e-02 5.940084710848952954e-01 7.697475133869674524e-01 3.851902671871544337e-01 7.750527114613212643e-01 5.797374483710310278e-01 3.012119000452960771e-01 3.182591849869369494e-01 8.686220548751705239e-01
6.006757604903270042e-01 2.058135928688982208e-01 5.276681405426923988e-01 6.452838410951724502e-01 2.615596552843096889e-01 9.085371793989249767e-01 1.284260955958858030e-01 4.094335175614083333e-03 4.903289655022923244e-01 8.661032681019409374e-02 3.637318799608111330e-01 6.100302526066324615e-01 6.510266770166538430e-01 4.978130475309240355e-01
7.134340836057133650e-01 5.170891552487716369e-01 7.249088843494836398e-01 5.871196820730684163e-02 2.240234013678207292e-01 7.192854660350419538e-01 3.186213733360281353e-01 7.610673878768392520e-02 3.182501695453401336e-01 9.442937283493985090e-01 4.675092066340722496e-01 9.000652658318695210e-01 2.327865054847735315e-01 6.158817501379935111e-01
6.061240196172933414e-01 1.527753436428116451e-01 7.537346643922783196e-01 8.692381988919322122e-01 6.458482063635366810e-01 6.905525265482211905e-01 8.480509701007710177e-02 4.761403914917816671e-02 4.915940078514624556e-01 3.239907155448539244e-01 9.500276144476536011e-01 3.968555771615969174e-01 7.853028199899473316e-01 5.742895661441012045e-01
6.235087433488144537e-01 7.525436643961542771e-01 8.843678963964546336e-01 8.687076618358036129e-02 6.831890163786527026e-01 4.467134524554858821e-01 3.091419534615879039e-01 2.360223382172210727e-02 1.797360117870319129e-01 4.293631064357694704e-01 6.310401651338914952e-01 1.534195180864862396e-01 2.819725443265536091e-01 8.924354752961393134e-01
3.363955563283853589e-01 2.240243060546150966e-01 7.492718796688524474e-02 4.628843534099613688e-01 5.576432187738677992e-01 8.212216743455473811e-01 9.445278814891580055e-01 5.699862170641809556e-01 4.095566256628104806e-01 3.948322724886127455e-01 5.347691798716550649e-01 1.637355292676142549e-01 3.631397026767915204e-01 6.529221230004346177e-01
4.277766291033335833e-01 1.376309867289726707e-02 9.585502997387440605e-02 4.222851904195945583e-02 1.886184285179154374e-01 7.065766178532983943e-02 4.600104174264073587e-01 5.792075533501261919e-01 9.972151927616894618e-01 1.838151992152103897e-02 1.290141647107150291e-01 9.998443003933044082e-01 2.516291217750957765e-01 2.638811579266880925e-01
3.446371810542553371e-01 9.214258503271520739e-01 7.176257527196410191e-01 1.854173333836506288e-01 6.829818173506253531e-01 3.671023834056513779e-01 3.325544618408615705e-02 7.174079883033330773e-01 8.855804420501118823e-01 8.033644251239979717e-03 5.583180338756541516e-01 1.817519090049797281e-01 4.619421172447195634e-01 9.336785827261027126e-01
7.392151370573529778e-01 3.006109839455061161e-01 2.614516751499381675e-01 6.854306432354410061e-01 9.556695121034814999e-01 2.922896676469638466e-01 3.343703027208028145e-01 1.136562882560194776e-01 3.332466025177097668e-01 6.028031378534587370e-01 1.877285983307208639e-01 4.955812073216949720e-01 2.925970911304893729e-01 2.331025006441211911e-01
2.732006333975167678e-02 2.382272269300445000e-01 2.829712290448239687e-01 2.545391730362578375e-01 9.730742383213600855e-01 8.811032458100799269e-01 1.369437603732169828e-01 7.248599987829940083e-01 3.541033745497786933e-01 8.669243903350866143e-01 9.652763952600773578e-02 8.057727543281297811e-01 7.202386041503175962e-01 2.827752025225129806e-01
1.258113779524836495e-01 7.590669301312980011e-02 3.138913125733698850e-01 7.701770528946342287e-01 2.211155934206454621e-01 6.615497249635649002e-02 1.032497909018418314e-01 6.658534035773218118e-01 2.098311554514280530e-01 1.939889978708857488e-01 4.231899784527772823e-01 7.948169250466884383e-01 7.852355835388646899e-01 2.974913487809643931e-01
7.519535810598959591e-01 8.761913598596278163e-01 1.670849914320760021e-03 7.420470412644597502e-01 4.073245593167520440e-01 2.330735906942148494e-01 8.367171668081545555e-01 3.814406184865637428e-01 2.473805930824513055e-01 1.403536553040016788e-01 2.338705810845059796e-01 1.261644343851932026e-01 9.196981356405785624e-01 1.242673565972544081e-01
1.203699979344805548e-01 5.353435434753935906e-01 1.565641093675997908e-01 9.209055970940361879e-01 4.537434029053044604e-02 6.309212164506231568e-01 9.200487536584841530e-01 2.230446309423278484e-01 9.505557267474331606e-01 5.507793674947563112e-01 3.833822387644757468e-01 5.134260652744078168e-01 9.361531846286502700e-01 3.901205084946046675e-02
6.552756437170298431e-01 5.349311876384424957e-01 8.213116512214415632e-01 7.675371237152230908e-01 9.438551967236663565e-01 1.567911249074216418e-01 2.634037967606011055e-01 2.000773438766910717e-01 6.512452408553025540e-01 3.351735062721235003e-01 5.953472840692576318e-01 6.553664634398783662e-01 3.973152580546578383e-01 5.998341039676649000e-01
5.236991926520517815e-02 7.999525244627238019e-01 3.912247574141555218e-01 6.865827544902768365e-01 5.496685054958927452e-02 7.688695780335103036e-01 3.824794303301598530e-01 3.895176290348845161e-01 1.739496483281606221e-01 1.219366227232068223e-01 6.889326537628915892e-01 5.239177747909167238e-01 7.582649830497556476e-02 4.495355542433809859e-02
8.817178099018990745e-01 5.307888243872235234e-01 8.701385230779550284e-01 2.768030905780325401e-01 1.991258402141657946e-01 9.892810713579990312e-01 5.976603345652505839e-01 6.856209944641066256e-01 8.813266257044127805e-01 1.430413822396071621e-01 7.088897482045515286e-01 2.094268451533376485e-01 4.189801740443477307e-03 3.582256665311983612e-01
2.517053982052601668e-01 1.803401839329189515e-01 7.363408632619941052e-01 9.195175958068868560e-02 9.088410815711027713e-01 4.347078787803918543e-01 6.474287830765879104e-02 6.033048621889963714e-01 4.272596912482280462e-01 6.360660422618735765e-02 4.551413808893778334e-02 7.982657802214320197e-01 8.019690182863863370e-01 1.442434502356194637e-01
8.239491179440010526e-01 8.776539418382405255e-01 4.007068395026673890e-01 2.345747753424513027e-01 1.630112382981949715e-01 5.880074237553117866e-01 1.802953824075606004e-01 9.715742617119854652e-01 3.337771652925970445e-01 9.853100093918500946e-01 5.485773380689109580e-01 4.550801765828070833e-01 2.269958963256942797e-01 2.925263412280697528e-01
1.775403619587044846e-01 4.166544761778301353e-02 4.344114223568481536e-01 6.783684051683560590e-01 2.030001921153290478e-02 7.151229813807629121e-01 5.674736180500343785e-01 9.462742117867687375e-01 3.952068616909005794e-01 5.879856350079788463e-01 3.122192666781307135e-01 4.776046447735813327e-01 6.353242156030729504e-01 4.514340422980427370e-01
7.187698118783361068e-01 8.503162391066941828e-01 8.141870156062057662e-01 7.019257818275369543e-01 1.724601455481948875e-01 5.300724955891640278e-01 3.772002209622687952e-01 4.441547141382947705e-01 6.285326546816882853e-02 2.722043511991060205e-01 2.416824342092324107e-01 1.541862624811024540e-01 7.036088104281051914e-01 8.732654699038957524e-01
6.536699142168886922e-01 4.503919319458320469e-01 8.274856475169537484e-01 7.082098322119605438e-01 8.323922079799407348e-01 4.623501139878802846e-01 7.914469834229631573e-02 8.046718431253079284e-01 3.258035361295904542e-01 6.010595696508899133e-01 8.934973717272377547e-01 5.420445937885532972e-01 5.782608773807468294e-01 6.641992882951046617e-01
8.100511602216160512e-01 6.751370547283297441e-01 7.766861347623144063e-02 2.862540673116878986e-01 1.563243184859511858e-01 4.383660324817240106e-01 2.149391760020197273e-01 2.646143543107077889e-01 6.743805099590608476e-01 6.739307153079725499e-01 7.209204292210145137e-01 9.463048329464714969e-01 3.348220576094116385e-01 2.953614774753858807e-01
1.795754600554851921e-01 6.852260864587372824e-01 7.950195411644128685e-01 8.819851188244431928e-02 9.940006037498072544e-01 3.607044260622316312e-02 3.317201931597726361e-01 2.972851011372683594e-01 5.709580272010252866e-01 6.116713581349916273e-01 9.053561325900633117e-01 5.644920584112697037e-01 2.371336109025703465e-01 3.540705546761097056e-01
3.902085577666148941e-01 6.144518130919831567e-01 9.047936032329618739e-01 8.979513534398725350e-01 3.505806091005194691e-01 2.969336240058727538e-01 1.110199211274544018e-01 2.803169518968512408e-01 5.690262492717178544e-01 4.247158436355740196e-01 3.562054023547149839e-01 5.232172610858742967e-02 8.579258098876951788e-02 1.299127058125322254e-01
3.111832330788376622e-01 8.921427242596783325e-01 6.788977576014207926e-01 5.268689883155230902e-01 2.270416187318173851e-01 5.722556776802515399e-01 9.747253939447241278e-01 8.183494026718832748e-01 3.778364641218813214e-01 8.470649517068956635e-01 8.101996704498588553e-01 2.173285309928623121e-01 5.419697875596483083e-01 9.339738087568155711e-01
9.022966913042387294e-01 5.728492915489952209e-01 6.773136347754623587e-01 9.659618312940145834e-01 8.151105596726436753e-01 9.388654497573464264e-01 1.929762626235131950e-01 7.962274180359327769e-01 9.433472629884021021e-02 8.441340155850857174e-01 3.807714443582197461e-01 7.589399944091024253e-02 2.134006705329385412e-01 1.476582185634909283e-01
9.685959111896881302e-01 2.535292816112255654e-01 4.392609828612148437e-01 8.899060533262650452e-01 9.876393268270361459e-01 7.475940343654016162e-01 8.821324646523694968e-01 6.312325485699242789e-01 4.835007570951427303e-01 6.509098537778031934e-01 9.532687548097145136e-01 6.012642282561130314e-01 6.198472254442528584e-01 8.270529469459353411e-02
1.171631905161543141e-01 8.473236859605279836e-01 4.526582457790979674e-01 3.032992730405793536e-01 4.331210125796238763e-01 4.282456574358005641e-01 8.132013940825427722e-01 6.384520853976684007e-01 9.331497750068415975e-01 5.063249286709671226e-01 6.102369584873291730e-01 6.826268923895481011e-01 8.790540301726496031e-01 3.852403795772219031e-02
7.145005267057302767e-03 5.517939296778080482e-01 5.840827591192752077e-01 7.275644427084884125e-01 1.362886016879475415e-01 8.592517921950331150e-01 1.369421030946228468e-01 4.429988764724791528e-01 3.295004110058908919e-01 9.228263338252553627e-01 1.317070198233603051e-01 5.460182666161975673e-01 3.599902517326483142e-01 1.102900810498668172e-01
4.763710599689958691e-01 4.226486520292238591e-02 1.606312506948698315e-01 7.189906818013966916e-01 1.765225218431860643e-01 7.516510161430409731e-01 3.367060414141785918e-01 6.118928623613062445e-02 4.349658046399001998e-01 3.852187410448306704e-01 1.574983309724548031e-01 7.097184955919498828e-01 3.190569449560329840e-01 7.077163899329477204e-01
4.378020550840951985e-01 5.415959447249195646e-01 2.993354292825590734e-01 9.953949953795140360e-01 5.226145034045661664e-01 8.166875794335639593e-01 6.240427654436464522e-01 3.431296820908946721e-01 7.192327777277901513e-01 9.334379965299222093e-01 3.651663398267552818e-01 3.655006585358687721e-01 2.044864573135628527e-01 4.800528354476484294e-01
1.423464527918483213e-02 4.536907402551015878e-01 1.510603687151625962e-01 2.615540998616421309e-01 7.200956560823350561e-01 9.634845578316993953e-01 7.846280054792875713e-02 1.559726478664349436e-01 4.834242387209573000e-01 9.734000977590884229e-01 1.313978151376969938e-01 2.988627663511492782e-01 5.252186546445543058e-01 7.876332681835473970e-01
3.917811019247767756e-01 6.131064136498493022e-01 1.107860291044263645e-01 7.114870539221209711e-01 6.736235834313573090e-01 6.784460338298119453e-01 2.278966130501393073e-01 9.297428384019460479e-01 2.182863353919501925e-01 5.966324055065884702e-01 1.902804234344503964e-01 1.172126247632689910e-01 7.791473426760935350e-01 8.171064280302835492e-01
7.358806492203332494e-01 6.087939453966146885e-01 4.643708530496902798e-01 7.227638379272411928e-01 1.854232946078306909e-01 4.666569156232784898e-01 9.479975801307269911e-01 5.687884803197463812e-01 8.623641364014400512e-02 9.974213215213537653e-01 5.300175803640194694e-01 2.300997454810732590e-01 9.944748881047734690e-01 7.844820743999403323e-02
4.090487512453065966e-01 2.284781066553572826e-01 9.332500562266999866e-01 6.720222435840413899e-01 6.246572489708087650e-01 4.145293465569338531e-01 3.573944313870072165e-01 7.345774671001694678e-01 8.624810950484603778e-01 3.540313514179691534e-01 7.019589231656255812e-01 6.036204557923698921e-01 2.904096976558331322e-01 6.378945329833773936e-02
2.341800291673893364e-01 2.137798809384543475e-01 4.348010497287561060e-01 4.058546858628540033e-01 5.259211491967027419e-01 9.016413133238674327e-01 1.610705508677868769e-01 4.683842554235478906e-01 4.749290162291116557e-01 3.390056092798873211e-01 5.807721823527532967e-01 9.550960253279703327e-01 1.724796364746938870e-01 8.295953330666344661e-01
2.149820929163495098e-01 7.262661047693088623e-01 7.533148731742790316e-01 5.856578163801182679e-01 4.211508099069726230e-01 1.303288054228003423e-01 1.904851789089296865e-01 7.768030787934709913e-01 5.015302090233320076e-02 9.845144930940287198e-01 1.574070076768098181e-01 1.172010520228675690e-01 8.092382517837061195e-01 2.270444296844021936e-01
5.540798637731058074e-01 7.449391904691889943e-01 8.534782480594930165e-01 1.552180949876339477e-01 2.179905442712101182e-01 1.715574615981121376e-01 5.279049716586267094e-01 4.078843987595316412e-01 4.653453173421429057e-01 3.676740031927709929e-01 2.190884158020294237e-01 1.496357561903548516e-01 1.620346090983700860e-01 8.426057800671896691e-01
9.371046091069267225e-01 5.181032579480666644e-01 2.804825182663540639e-01 7.652383395797672794e-01 3.445306758017239179e-01 4.257880194204857194e-01 8.529163913942867659e-01 6.273550284578243152e-01 3.507569029043422493e-02 4.645040127568862420e-01 1.685062751568300321e-01 5.502861847119603356e-01 1.008400691180730835e-01 3.317157768310033950e-01
6.493324562501204822e-01 8.836275369516359834e-01 1.839864912538293762e-01 5.988121004554346483e-01 5.064034582450959165e-01 3.325656608381707402e-01 1.338530966418861601e-01 4.759182543829851841e-01 7.270623133956434225e-01 6.521735348061558080e-01 2.800030293428148465e-01 2.940107147204082949e-01 5.809700643865902681e-01 7.436667304052676508e-01
6.001387120180521340e-01 7.990630803079162847e-01 7.520350588533586400e-02 7.919769847478379532e-01 6.931592684624576783e-01 6.403021267599618982e-01 5.926962629484443523e-01 4.169463846327859935e-01 6.019411181064111549e-01 8.972205268489469310e-01 9.185911909071077242e-01 2.381087326368218626e-01 6.897260725374809720e-01 8.679811547203528654e-01
3.341243811852537826e-01 6.366424038969108468e-01 1.453425137215638152e-01 4.714075250577179910e-01 7.319592638815886065e-01 3.691029663719112008e-01 1.889247589446454434e-01 5.113648321464340230e-01 6.670039998931626135e-01 7.396563280532133522e-01 8.115701897378766461e-01 6.714312649447962134e-02 5.004708402814760371e-01 7.998093427097295871e-01
5.430718603013353629e-01 8.901292431678231587e-02 2.962439481280436659e-01 4.518917030516350630e-01 2.233035168418600058e-01 3.676528660705661311e-01 4.982350049731618657e-01 8.766013559650269737e-01 8.099739656771356433e-01 1.380256172973070017e-01 2.900486362828514908e-01 8.486159514028009943e-01 2.327785955604333434e-01 3.744906453732899099e-01
6.826619944708196552e-01 3.227739858382024929e-01 2.447330298255211423e-01 1.614445391749117498e-01 9.063197345132875116e-01 4.127903571099211799e-01 6.243921895168244030e-01 4.320325930496452527e-01 3.877163833010264238e-01 8.303363335528914924e-01 9.429505859890351394e-01 9.495287355859157730e-01 6.294984752281231888e-01 6.470788384846016816e-01
7.625698089634476151e-01 1.673424497946082168e-01 3.444481277010946751e-02 5.507185640185725539e-01 9.341550814354693255e-02 1.466313904546309166e-01 1.319608858010454799e-01 9.575632947826648866e-01 2.783824884183810910e-01 4.104511267448818224e-02 8.322386418505078876e-01 2.246722125848898965e-01 6.723401447099570660e-01 4.442737461990033943e-01
9.408844906177418199e-01 6.518021151324837614e-02 4.944508956324749072e-01 8.356361051853917754e-01 4.774295430765232995e-01 8.505448921048011091e-01 2.698320455439470189e-01 6.844638475732792715e-01 7.572427966644248443e-01 8.400903901758974834e-01 6.405650277530017256e-02 4.600036931125476292e-01 7.168533144678681523e-01 8.017814890685063256e-01
5.314105010913671157e-01 8.886539678066172065e-01 6.954530056352755674e-01 3.798133031909978197e-01 5.281665080407381696e-01 9.138635919960822473e-01 5.705910527861619563e-01 5.319313275457447920e-01 3.683124394554748715e-01 2.475251423490346658e-01 7.006378952472559485e-01 4.820766747797393670e-01 5.150194356639626880e-01 2.632157351947261859e-01
1.465010636343109240e-01 1.123666278930245399e-01 5.541267427799314582e-01 5.519188102078087521e-02 8.447994864013037564e-01 2.883044529760707686e-01 6.807715525707076498e-01 4.814332927269122653e-01 6.763222195498447276e-01 5.175394217557648391e-01 7.880768229461244667e-01 7.441337750465609746e-01 1.999714995884638302e-02 7.588860136813423418e-01
1.758770612076420159e-01 3.911788895433213620e-01 4.189740717453140917e-01 9.530818700531900056e-01 1.811130771770308456e-03 1.934632934946386440e-01 9.382042415549380898e-01 9.516794215376900290e-01 3.555633009842013026e-01 2.621082121351405725e-01 2.185636428073197690e-01 3.974208757185212493e-01 4.662044230011092028e-01 7.723117878317248275e-01
5.790898304003990749e-01 3.016931159608733370e-01 5.844238296879854522e-01 7.663397208051192511e-01 9.525151880417244143e-01 1.428187300903486223e-01 3.621944765513089859e-01 4.619656765326357606e-01 3.602675880359857974e-01 6.333188788900820931e-01 9.897289226000327567e-02 8.882746001240493516e-02 6.049790156750726178e-01 3.392774661346076304e-02
