5.190447593886001743e-01 9.189108622311698005e-01 9.818288912787535017e-01 8.919460395096665550e-01 5.616883697141914489e-01 4.793953000997530633e-02 8.492618560029698838e-01 9.387664810317266628e-01 2.291546984043216773e-01 2.727322228098102430e-01 9.345991303566281161e-03 5.313779563875845602e-01 3.855361551197460379e-01 5.673275132319561820e-01
2.170309142255651969e-01 4.857170785470023011e-01 6.517441959719217914e-01 5.485145327003753124e-01 8.702769370772687196e-01 9.186710372007823588e-01 6.088607260234268903e-02 3.732816190257604028e-01 1.672570861983579960e-02 5.113511904517905604e-01 1.212118666572719050e-01 5.975448688449085388e-01 7.710403805749754813e-02 2.614479013342376756e-01
5.666661541121528201e-01 5.035742378494907356e-01 4.624151122276665138e-01 1.419838036975804574e-01 6.959480584789191626e-01 8.256394222882277312e-01 5.472682273953433096e-01 1.372676201967851783e-01 9.873706046119089530e-01 7.702812468479801611e-01 6.041338207729048948e-01 9.508958455917069230e-01 2.943471261262498029e-02 5.382912744703571839e-02
1.917424166718877387e-01 3.564825636316761859e-01 9.750513348942713154e-02 6.867969777557492161e-01 5.228733709140883645e-01 5.173454781128197233e-01 3.129153456450172177e-01 5.548250579187679055e-01 4.318103347878603504e-01 4.801994815496257729e-03 6.885829039749457037e-01 7.954243089546905177e-01 9.570755388239148287e-01 6.903786588127658330e-02
8.091190945699962001e-01 9.744223611778394245e-01 9.626682163009492310e-02 2.018282148565923029e-01 2.555814722197818911e-01 1.123904461217323236e-01 7.218476341753583547e-01 5.610608350710120096e-01 1.306348510341803770e-02 6.302415244002554928e-01 2.225404985158595528e-01 7.240165061626514520e-01 4.121058975661424650e-01 8.004411126288550893e-01
2.853774724915141281e-01 4.730292089894982954e-01 4.286180499142159261e-01 1.375427834584469489e-01 7.688997485759496708e-02 1.108716018079164423e-01 5.400422440903090981e-01 2.694454906134777783e-01 7.606247860729206112e-01 6.453630956459757151e-01 3.620331872345119439e-01 9.250491051017402100e-01 2.828662574045613942e-01 5.415563384515372780e-01
3.811530530397612138e-01 1.441514343634894280e-01 2.155366197554540175e-01 1.279074202625712919e-01 5.885990380827074153e-01 8.502331566355983972e-01 9.707846155951913580e-01 5.762479557654078821e-01 6.959388138285719227e-01 1.685711050425822144e-01 7.137944116032768349e-01 8.810034825905044276e-02 4.365851293405406119e-01 5.407968026742462353e-01
2.845034501653631587e-02 4.446991296882807365e-01 2.448746762159949020e-01 3.845124492695117802e-01 6.393268042509930860e-01 9.391833709275722031e-01 8.136120499009115159e-01 7.066390004370786126e-01 5.218604214731892288e-01 8.081900880986425673e-02 5.917597783693008262e-01 5.475313024701917719e-01 8.703786330778278124e-01 8.959837954543763416e-01
9.327716444002109863e-01 5.824381145853222419e-01 6.440652397952725261e-01 7.466449885035635337e-01 1.835290642345812628e-01 5.276345746895308997e-01 2.645273844012604458e-01 4.404233585794509187e-01 7.539192836211765503e-01 3.671190246263592583e-01 3.815635035373605710e-01 2.188160066909047297e-01 8.070834821725076935e-01 2.959575343796442271e-01
4.041422534900890318e-01 2.654846936460513174e-01 2.950325495449533930e-01 2.189723211013987481e-01 9.436367072620949203e-01 6.128043735490895649e-01 7.826304329614583999e-01 4.152077874937496471e-01 2.512373492210751014e-02 9.832171447555541066e-01 6.495146719531279533e-01 7.603364935995228224e-01 2.773014178138102359e-01 1.364100303428382732e-01
1.482235624999642676e-01 3.435194055143768743e-01 9.204328829716609262e-01 2.840518799700546548e-01 2.510696155346964220e-01 2.451990048632112229e-01 1.366587424507081927e-02 2.586818171143866474e-01 3.616226580740493635e-01 3.682691477602335617e-01 5.126371253947729079e-01 5.562132334169018755e-01 2.147554452853769336e-01 7.374155341704726752e-01
6.095230420309765140e-01 2.984935593855595481e-01 1.790332797735700865e-01 6.639278547005532660e-01 7.613102946138509131e-01 2.827976962594688226e-01 6.869838150745577465e-02 8.454501709770501083e-02 9.357398699168495426e-02 2.162280137051495466e-01 9.988853878607572012e-01 9.731290399203254005e-01 5.366250551530590274e-01 9.151670706364256613e-02
2.407246324861560538e-01 5.279379307976438396e-01 7.243696724317340019e-01 7.765771219212498355e-01 9.023606770416825462e-01 5.447992040441131945e-01 7.449051947010971730e-01 8.972481081078474974e-01 9.753618332238546129e-01 2.595893526283125086e-01 9.495034318017265829e-01 8.839163053033437523e-01 6.422300109213689989e-01 2.241929218155729320e-01
4.830059098363292946e-02 6.313505215117587444e-01 9.711181251606127995e-01 1.662571055754720195e-01 4.578628637697857995e-01 4.761486872288275274e-01 6.682604828403435615e-01 5.813133003477285454e-01 4.419863642098988965e-01 6.551599946563566590e-01 2.796413142630111981e-01 7.420593150347698508e-01 9.181700879401223370e-01 9.363810136874994861e-02
5.621956311344320500e-01 2.300001686770938303e-01 7.650688547168730258e-01 3.139917784221446517e-01 6.942588244967687894e-01 2.817240853538296452e-01 4.295537966304762145e-01 9.485712125680135776e-01 1.546995736097450669e-01 7.394116434062386611e-01 6.969636968636179208e-01 4.246205651791545854e-01 2.723009398637785683e-01 9.321891177788385052e-01
2.114468313726424187e-01 6.059151433001673803e-01 2.229290426306083095e-01 7.224059893988995507e-01 7.068125808734333493e-01 9.690680994884477428e-01 6.542086641877987718e-01 6.975875148023721328e-01 7.851520531237565770e-01 4.585838585760461106e-01 5.488133333505436084e-01 2.675010924349591201e-01 7.214837345225366683e-02 5.728041828108659805e-01
7.729366357307749791e-01 2.240553073560287434e-01 2.387480835906443666e-01 2.523021826745703855e-01 8.766570593754766660e-01 2.429466151562114096e-01 1.805654962628047144e-01 5.767005900627458770e-01 6.836334556658447692e-01 1.585348355638205309e-01 3.214521001466185135e-01 9.760938185978342840e-01 9.565567893021005297e-01 4.554823529484705036e-01
4.353624024272807480e-01 5.163254459999715440e-01 3.597975390455073752e-01 2.807481443294063128e-01 4.103540053919370045e-01 7.420039841690679872e-01 2.015768088140982295e-01 2.305909661179843528e-01 5.453540052561178797e-02 4.026656964798567273e-01 4.366089472053992226e-01 3.549084554434408512e-01 2.213810249327383683e-01 9.683995932687783359e-02
2.301161918090266489e-02 3.681232602217996419e-01 3.030508411190973028e-01 4.344203348411544985e-01 4.092316963609471392e-01 1.375450204414949695e-01 6.865237734566265182e-02 8.470884791470657538e-01 8.028905935298036312e-02 3.679215652193867925e-01 2.276235084032066647e-01 1.581153685524383512e-01 9.678405917339105713e-01 2.626597124834455510e-01
8.603623918674611071e-01 1.913960831250159922e-01 8.747568535514661514e-01 9.103143190574503052e-02 8.727931713464610608e-01 8.702859495570766102e-01 4.389453091865627155e-01 6.745347018449855403e-01 4.565475120515988250e-01 9.402905371616051555e-01 6.159180253987316389e-01 2.943320745705165775e-01 6.730409818594638161e-01 7.026790248461989297e-01
1.793914587790157444e-01 7.943488176298215686e-01 8.260809130856672233e-01 4.518403744818741963e-01 8.232134281232494910e-02 4.802083209340324288e-01 7.972046233237285451e-01 7.312127030486141877e-01 8.782761818757254257e-01 1.332295644039301896e-01 2.845478233499753040e-01 1.107466200611287865e-01 8.322777138827408550e-01 8.187324803774197468e-01
5.840119418367154536e-01 6.604706559556180467e-01 8.465238767074633186e-01 2.366442564012828376e-01 9.354013649376149431e-01 5.953572340554618147e-01 6.901009253995458170e-01 1.082863974323555745e-02 3.544235565914858332e-01 2.698320578430265515e-01 3.786905313712329857e-02 7.209373515158500334e-01 4.073942452941425874e-01 1.091265736606858994e-01
7.158502029300956027e-01 7.866156601433698103e-01 6.829557528419960555e-03 1.126672403237427567e-01 3.898391444961243346e-01 1.888504826508818901e-03 8.313597018161148489e-01 9.012071396223726438e-01 3.986970832333236459e-01 1.534869455735247135e-01 3.230139537884313405e-02 3.678852182003340410e-01 1.865311900750283858e-01 1.743556061795765721e-01
7.979927390064055492e-01 7.388981648123521540e-01 7.115654756300603401e-01 5.681896907645018757e-01 2.141360519583551669e-01 7.452430792582096508e-01 4.253624847480280691e-01 7.991014922713870483e-01 7.634528513070782951e-01 9.375512690678955430e-02 8.434245881246708043e-01 8.790523423565780314e-01 9.564787933514431462e-01 1.702006936401813109e-01
1.285769390431656944e-01 5.265246613687446509e-01 9.850983699190049014e-01 1.862269526328869107e-01 6.221556695893172284e-01 7.024196355925327317e-01 4.021038226108707425e-01 6.204535758184430705e-01 5.953018477965565936e-02 9.108413814089513227e-01 7.055638941964850197e-01 9.980677348672024607e-01 2.151188352676568494e-01 6.735254259359844120e-01
3.303143591408076452e-01 7.524922471315941275e-01 2.013788880661417924e-01 8.771446555015303126e-01 3.594676893251658178e-02 2.433194526632947996e-01 1.010895480305975536e-01 6.737688768022221941e-01 8.649466275513691960e-01 5.562825937720885516e-01 3.912517793671353994e-01 4.893614629953337847e-01 1.797435877724862241e-02 9.246620004024541650e-01
3.941902157333104784e-01 4.378206681290834901e-01 6.401342962704957840e-01 7.436244953510428024e-01 3.793802108533295137e-02 2.760031478881896927e-01 9.572899234551575098e-01 4.508228641447531437e-02 2.182995753098122549e-01 1.249321670768309689e-01 9.509690665601568949e-01 9.555418911037999452e-01 4.898349059279726303e-01 5.718067709441825297e-01
2.491055589956103766e-03 2.827142482315352368e-01 4.835041460223832299e-02 3.908746300141160424e-01 9.078765351377657833e-01 5.559126834019036956e-01 5.833599122855832597e-01 6.249954109479537445e-01 1.442410092975300318e-01 4.602335702582961430e-01 9.817922551018186672e-01 6.482147315792001763e-01 1.145851333774923209e-01 3.753907025010272402e-01
9.645596822199734577e-01 4.330219014557669110e-01 4.321497829882282593e-01 8.808960114978274802e-01 3.304573415337830333e-01 6.814881798334174734e-01 9.282962242746946036e-01 9.421477801055587742e-01 8.894775070687322982e-01 9.662239059288432186e-01 2.425257011306883870e-01 1.561598066042425570e-01 9.397964574696944240e-01 3.605803371434277427e-01
2.891047519771963170e-01 7.479852480701149053e-01 7.379740507264775928e-02 2.343698738162930395e-01 5.620906827203803191e-01 8.829228957995020055e-01 6.481853201315500579e-01 6.728900722025210612e-01 5.558524876293765571e-01 6.770433944530382941e-01 1.805169904728959329e-01 3.886482510668470836e-01 7.119558199492346251e-01 6.269658508612089287e-01
7.251727418875718589e-01 4.945888859101603696e-01 3.468059800033119755e-01 9.667441773901033208e-01 2.688923998696054474e-01 1.157797174686147068e-01 1.742613158879201540e-01 6.197401633940414767e-01 4.253669701357638555e-01 1.970084384487013063e-01 7.563686305153007883e-01 9.852694845412213187e-01 1.853419511944044418e-01 9.944212173215758455e-01
7.627654424977737824e-01 5.683947087967340384e-01 1.530963560973158666e-01 8.693006148742127293e-01 6.411835614827388063e-02 2.665777692894917283e-01 4.085320297260103262e-01 5.278784464189003600e-01 4.728120256490605522e-01 8.904598381111344940e-01 4.086102880677516813e-01 7.095291206064179290e-01 8.039222732463408017e-01 8.897979665815295425e-01
1.555975100210866824e-01 8.672218410962483359e-01 1.675042664939637715e-01 1.461023494576006998e-01 6.576667867733502204e-01 8.318395014038738600e-01 6.982650839158534017e-01 9.179613885090908143e-01 9.111396195932890407e-01 5.529716474494369427e-01 1.719525815887769093e-01 5.305108466815536827e-01 7.453815318842651472e-01 6.559202377855410937e-01
4.017427389243009017e-01 1.926955035406804351e-01 3.766401093435036707e-01 4.841802767406824248e-01 9.315791862843584292e-01 4.259142813265321958e-01 9.089696896309070739e-01 9.734934072385845738e-01 8.971575310750269372e-01 5.460069224793079323e-01 8.879326891489556228e-01 8.313525186777805942e-01 8.246134983405701835e-01 2.126701524517357056e-01
4.252205525207298775e-01 2.530860298530355212e-01 2.259634764231899240e-01 4.791174849268855507e-01 6.001404354383255146e-01 9.349527035233859973e-01 6.506455400932820154e-02 3.437081449542632727e-01 7.292446853275323937e-01 5.209766067371710552e-01 8.478957962989279729e-01 7.951071494503654247e-01 8.128347553402202053e-01 9.331155709117324726e-01
9.966327760072497544e-01 3.085098242196659957e-01 6.590289166427771850e-01 8.207430669534405698e-01 6.771738078160682850e-02 5.126824656071929942e-01 6.887404132172467719e-01 2.103757821380600745e-01 6.602681028713364153e-02 4.228979586196641716e-01 7.601496299526807610e-01 4.744978182497662234e-01 3.318744233132955301e-01 4.022824982223108803e-01
4.331100945657623269e-01 9.736786343850403203e-01 1.305178762706484807e-01 8.437012079336081438e-01 4.152879921080132597e-01 4.860918569167496095e-01 8.257992306832211415e-01 3.967207412864892646e-02 5.273106372176739054e-02 6.337299754870946433e-01 5.985502245518339315e-01 5.178016650743731963e-01 4.309656179098368955e-01 4.439466437779150398e-01
4.089880793124436309e-01 2.203266374955472617e-01 8.598755528259580672e-01 6.527535803129566050e-01 6.089265900240723450e-01 4.277769631630411462e-01 4.873109548429229720e-01 6.213954583045584457e-01 9.045132179763630820e-01 8.938951775134873490e-01 9.417198740175293237e-01 5.072960431066608766e-01 1.515104360005156137e-01 3.288797515354833223e-01
9.679371395688418644e-02 6.397246493962569502e-01 8.523091173273883436e-01 7.425571985515500018e-01 5.145999463203787538e-02 1.222787198485231208e-01 2.661707688191655707e-01 6.286102692971505812e-01 1.872866608296663848e-02 3.452980983856445141e-01 1.039526085218506202e-01 4.389724983968180672e-01 8.933274267758906095e-02 7.170694248232889478e-02
1.362025115164527955e-01 3.801367293390095492e-01 4.400341815414392510e-01 2.784263806113820294e-01 2.327082817070756926e-01 1.144863408480949474e-01 9.670316353793471098e-01 6.971460752704820019e-01 1.421651069822624791e-01 9.916321545359830791e-01 1.635785953551621708e-01 1.566538443056377794e-01 6.061147679653366982e-01 4.063985756826854479e-01
4.854031193476937567e-02 4.267346166043923805e-01 7.718631487570031258e-01 6.870012996817220774e-03 3.373940903698345872e-01 8.440242277700326090e-01 3.648805054523750480e-01 6.131580368752476140e-01 4.043458419544768701e-01 8.892326475290399657e-01 7.198912455676079736e-01 3.507473801683190784e-01 5.410779570609624001e-01 4.273314626844346709e-01
2.957048108054393110e-01 3.869167927577121802e-02 2.444002195110702713e-01 5.821979830609711470e-01 9.020266100584576341e-01 3.586677421079365047e-01 9.895067689660157484e-01 6.392523085564172369e-02 6.267532606275084683e-01 3.264761544412088101e-01 4.837830600519442692e-01 1.010808776618226101e-01 3.075679267733677502e-02 2.716867091600657647e-01
5.616689038944119305e-01 3.197622233446627549e-01 6.191127688367834558e-01 3.799048234596065221e-01 7.706068135679638997e-01 3.711366322700795362e-01 9.503792046955744643e-01 6.480883589550966439e-01 3.592017079392938461e-01 3.845345635657284600e-01 4.789416267211299427e-02 4.872545945409419987e-01 7.398280108003517652e-01 5.746895866802547159e-01
4.009455835992785655e-01 5.431480000773203365e-03 9.002484720338355118e-01 3.362624265317217809e-01 4.367079894102118276e-01 5.492084576329198109e-01 9.147329176964406061e-01 7.221569090615712616e-01 8.253814740387126481e-01 4.082337463331658922e-01 8.303667617263791323e-01 8.451766664850201005e-01 6.326673464494522170e-01 8.797646751702490331e-01
8.963603829033807147e-01 2.646316027723185638e-01 8.786872238848938421e-01 7.769891941579876171e-02 7.155670042568267331e-01 5.067487622014041904e-01 4.300013241184111878e-01 6.550772620191617213e-01 8.154288105753851879e-01 7.568783064457552667e-01 5.354635569054123634e-01 2.462400292719149064e-01 7.714394102514486873e-01 5.240980550181787434e-01
6.708292558545991824e-01 5.635060319423700337e-01 1.203705736829530082e-02 3.008282388299209353e-01 1.650059838902478981e-01 7.704551945261969292e-01 8.887331164976418618e-01 7.415524694695367902e-01 2.999035137182305411e-01 2.044171219982956478e-01 7.324728129081247152e-01 1.379502400298900922e-01 5.194204811275651146e-01 6.952765906254121386e-02
7.218871136001142608e-01 3.853608528750885887e-01 9.532267544654513536e-01 4.205195483317998306e-01 9.875708298130722040e-01 9.115280202608289084e-02 3.138909008896361152e-01 9.761555183009253955e-01 8.668829216613829214e-01 7.955196629108651774e-02 9.974421873348019441e-01 8.305710486545879734e-01 8.710020374555593747e-02 2.046320359683639900e-01
8.531975674341245597e-01 2.558065753369179740e-01 9.373616895341567723e-01 8.075102079216587292e-01 8.091911126301065682e-01 9.760842872276989102e-01 9.219325207643497277e-01 4.042746704460861151e-01 1.218221606878957530e-01 2.648284914689584824e-01 8.290440174129816153e-01 7.772376478909186481e-01 6.032490439806481586e-01 2.464434562659880701e-01
1.972787090235581520e-01 4.187533129139419108e-01 3.937224125098881533e-02 4.645390359221044374e-01 5.406903213935420061e-01 9.729767778085275376e-01 1.049029304379610616e-01 2.700878248141618254e-01 3.355706486257200583e-01 6.220355062044415906e-01 3.059767628767917635e-02 9.709321871955450822e-01 8.585417719679367954e-01 8.829681885682439946e-01
1.673514641887734467e-01 3.108626501188815894e-01 4.572942640775273793e-01 7.115087933266952547e-01 6.033798194475824550e-01 3.443149156418382484e-01 1.249058235418820662e-01 1.615191419824677510e-01 6.284616258639594832e-01 2.345533198678535491e-01 4.511373408734976609e-01 1.039347511361677912e-01 8.867163022121189453e-01 2.903203808166279210e-01
