9.589750358333256619e-01 9.923089713608704843e-01 9.677834504570921315e-01 9.646331468219027094e-03 4.278885455249535896e-01 3.022488554980723441e-01 2.380659543221362862e-01 5.188806273328349095e-01 7.841427554764692776e-01 5.836134395876408920e-01 3.446464292957293063e-01 9.207223219153134464e-01 3.809823685464848175e-01 7.058428519990382899e-01
7.107210094817552060e-01 8.413204967060031736e-01 4.671904111462348297e-01 2.305106782360027973e-01 4.627025911120619117e-02 1.810686990978690458e-01 4.955529181223684576e-01 5.102940884406795830e-01 9.487790368436888055e-02 7.863106935844793588e-01 8.389167308546593427e-01 2.362662575335111592e-01 3.537298064957161703e-02 7.703295267781170574e-01
7.804609267734182732e-01 7.843061304874792139e-01 1.071826427595701237e-01 9.924185592896916930e-02 3.806402174957909113e-01 4.739321993896024043e-01 5.374256376866232143e-01 1.464125183864724011e-01 7.707283032210969775e-01 9.059831688486196244e-01 5.936636732718636456e-02 6.848582911286874575e-01 3.338476299040185058e-01 2.706232797834985382e-01
7.259670282258257057e-01 8.426040704569903728e-02 7.268388722335593632e-01 5.316962218301956034e-01 1.995980562338147690e-01 3.123371188533924370e-01 7.739745507853401651e-01 9.175587505379526609e-01 6.688062521975302044e-02 8.622958350615127499e-01 6.160322875800594566e-02 3.398470394680419560e-02 1.770064689427800486e-01 4.800645086990901200e-01
2.056336615102423160e-01 5.525597393977546012e-01 7.619162674117042622e-01 2.523122158936258463e-01 9.626414705357521084e-01 6.223750268940462238e-01 1.345879350414103115e-01 3.764474768159397078e-01 9.102207501842674020e-02 6.186890649937889508e-01 2.839819233149838418e-01 2.173944063924351244e-01 4.216210994935370993e-01 6.057580431496668583e-01
9.785177858961507935e-01 1.326932003738205967e-01 4.706083158722177417e-01 3.765192854834606973e-01 1.971385604023845328e-01 7.195750371774444210e-01 9.957275633800503067e-01 4.676515469311006701e-01 7.071583021494314281e-01 6.199156722065740643e-01 6.569402890048701149e-01 3.103245832502221635e-02 9.959073309386062833e-01 9.218145046773995599e-02
8.058848026521615582e-01 1.673186107215030027e-01 2.713378136497607285e-01 6.420694989171692457e-01 3.512240244398895372e-01 6.228386954881658388e-01 7.072446494490852720e-01 8.353222337794319330e-02 8.033834647269399998e-01 5.006731047788212097e-01 2.911663527084085157e-01 8.638660370624220430e-01 3.398578446789601859e-02 7.750176987298919018e-01
4.241286651879510039e-01 8.798593158966855343e-01 6.129617406267640067e-02 3.223015277089950059e-01 6.533746543894908276e-01 4.032154039472229945e-01 4.577671464898317444e-01 9.545428732078313772e-01 9.769163136990199892e-02 9.031623724952958510e-01 9.863268385057388787e-01 4.747775193582685072e-01 1.138010235875159815e-01 7.572549105972981032e-01
7.057928528210898333e-01 3.771059081034027205e-01 8.267459163093962005e-01 5.021206021672176556e-01 2.061819091417238514e-01 3.936412188596594142e-02 3.033972620159055555e-01 1.214035802795773167e-01 7.171836751332463233e-01 4.675909189394477083e-01 4.416622185951539770e-01 2.976813538436108297e-01 4.467275542057291826e-01 2.373064096303182380e-01
9.479855817806555063e-01 1.949972098896163297e-01 9.835607525885814439e-01 1.714270908129965632e-01 9.674631278674843404e-01 5.372353478351965528e-03 6.112342850653108561e-01 4.739134543379950326e-01 2.122761322739802337e-01 7.806682845033064977e-01 9.843387872728601717e-01 2.326855818766071504e-02 1.978341700132492109e-01 2.569676824359199419e-01
6.960899359759320504e-01 4.573089678197787000e-01 3.119579523930068321e-01 8.239482994903802870e-01 5.639442679786957902e-01 9.321742606960593536e-01 7.057286963887207110e-01 5.744081091388730798e-02 8.863041930443960048e-03 2.728506012903874067e-01 5.746497566912804889e-01 5.890552292442391424e-01 8.357536292527926181e-01 7.035144866735950631e-01
2.088913205576209409e-01 8.466343586427432788e-01 8.635657525787883149e-01 7.553269244731871668e-01 9.944412183634128155e-01 7.847503480604494097e-01 3.844417352224738238e-03 4.007861000604316937e-01 4.371615522539952226e-01 4.371285493576060333e-01 4.856397695117294910e-01 4.435951697166928831e-02 2.043494997615014075e-02 7.804292015056968346e-01
4.030283718783924662e-01 6.384768750345093391e-02 3.111788872866690925e-01 8.332478031916220607e-01 1.214945857506403160e-01 6.988032385518848644e-01 3.484245678666564316e-03 1.328483488580288752e-01 4.181099253681623829e-01 8.611780506356750964e-01 2.751005278523876996e-01 9.198120151676039136e-01 5.593656427831583677e-01 5.861724493591083940e-01
6.873222355616350754e-01 4.634784124380271209e-01 9.610620062704167132e-02 9.105987376815554146e-01 4.606178364324760022e-01 7.967575738009002873e-01 9.577503032672149974e-01 1.192452899586353698e-01 1.933736834691996975e-01 1.146479905668241761e-01 9.437773526721509043e-01 9.475416169524849552e-01 8.097133512752192619e-01 8.172611365137028017e-02
5.428717614581819451e-01 6.402195849009580941e-01 2.791549300102721398e-01 4.419607816770415587e-01 7.571407691678175844e-01 3.188295746658986740e-02 3.074705813231085605e-01 2.262011517053931220e-01 8.718475671791520165e-01 5.904152654957864899e-01 3.455347257115615189e-02 4.426712658516116505e-01 5.928582961908150928e-01 7.760188758802741837e-01
1.119013340421396441e-01 7.398521701944227313e-01 5.821228391541285463e-01 7.796110067668696741e-01 7.410057399091707353e-01 3.471135694850615572e-01 4.045691002483352561e-01 9.063837189379775339e-02 2.641182236047348031e-01 4.766570050817549031e-01 2.238017752175228692e-01 4.843008228875760324e-01 6.877826983991857102e-01 6.630027690728899081e-01
4.472993540521804645e-01 4.117235614644645381e-01 9.564814014966136480e-01 6.523035533761367688e-02 5.918242467150049979e-01 4.787819452682419152e-01 9.172958277468268307e-02 8.551190867042020027e-01 3.104559185324555770e-01 2.238765818564651955e-01 7.423689857763023925e-01 4.918519874030862216e-01 6.985364552931863091e-01 8.323209230070840459e-01
9.619127124221082958e-02 9.001766566330297037e-01 2.041068696309111807e-01 9.191731502537380250e-01 2.253018494882330636e-01 5.058366162270948596e-01 3.263809077266751624e-01 9.404797006061501596e-01 7.568677370844225649e-01 3.843146335777902767e-01 3.840862997435811055e-01 9.926325491040188798e-01 7.435987463371692696e-01 3.856977471346091368e-01
9.550787423154403211e-01 8.926084632998919632e-01 3.778163502859640532e-01 5.018561480071703773e-01 9.734226639840403150e-01 6.691745875869342663e-01 7.512947150638774607e-01 5.944366756830147258e-01 5.445190307787388662e-01 2.794672318142892298e-01 9.289208224995599839e-01 6.062398224289474724e-01 5.452798464095826025e-01 6.117060460679554224e-01
8.678322362060919559e-02 3.220956001623983544e-01 4.558551884328664316e-01 4.639569761406138193e-01 7.457980173002769497e-01 7.111666158873294341e-01 7.178775696875817625e-01 6.548503424448315346e-02 3.598809764923912580e-01 5.326112355544198040e-01 1.546519726380356508e-01 8.811248185175634129e-01 1.966621448456713495e-01 9.421903051284195030e-01
2.223892843554475807e-02 9.635216541266622414e-02 8.539570666175132496e-01 7.449921959436858199e-01 4.308287269885968662e-02 5.516935061925702932e-01 6.886351639667176450e-02 7.640119552508904954e-01 8.578225985608928239e-01 9.921322638056705445e-01 6.412950616104937662e-01 6.017687234615146652e-01 9.875243064072877219e-01 5.601029241964694538e-01
2.279205540470585767e-01 6.275145565185749064e-01 7.577906243180365653e-02 3.527751044447773321e-01 4.351421290893747740e-01 1.947631012034684028e-01 1.405771297699610622e-01 1.363181095171230872e-01 3.144428720129701649e-01 6.113233404978113406e-01 3.563087960629095496e-01 4.843697596319722631e-01 5.530055701396290324e-01 9.471654452462650031e-01
4.070772563172325720e-01 7.613864883640056869e-01 4.943613009983836015e-01 2.652780079184652307e-01 2.057694991611112023e-01 5.008649932089624945e-01 6.583115649512264467e-01 4.228927065740011315e-01 7.107242392769603789e-01 6.973258001479039070e-01 6.089762148431601130e-01 4.566139218190634619e-01 3.193358299682138579e-01 8.858203013158503225e-01
4.208725436498581551e-01 2.048218666891221673e-02 3.497857111978854849e-01 5.809087423548149332e-01 4.538042985675321273e-01 1.563077335195872664e-01 2.017465754720821902e-01 1.574686319955868052e-01 4.289267942424264124e-01 6.946110286441586901e-02 4.163157460307898017e-01 1.133897648639451416e-01 8.382911760997954209e-01 6.622669373930878400e-02
2.211430902237789820e-01 2.414168434499153193e-03 3.899050738410565486e-01 7.226487755226640441e-02 7.254702760636131398e-01 5.239096938782745738e-01 8.834883222509182232e-02 8.326533834230105402e-01 7.953832902456068332e-01 8.196206019431916401e-01 6.196593787664079755e-01 7.613249650286003645e-01 1.518810165903827780e-01 8.482427805008979638e-01
7.275976231088252533e-01 5.813689440839993061e-01 6.301203062955621492e-01 6.774872498176167657e-01 3.098987291392775179e-01 9.178477078745550521e-02 4.025853521927797996e-01 5.292335902267250036e-01 2.747053652672347690e-01 1.673743228151316487e-01 3.704201730417139293e-01 6.848604490289651459e-01 3.278822095098180567e-01 9.025536363031333442e-01
5.970760381189100796e-01 3.377223328067484598e-01 7.486695452480790491e-01 8.957702185724402133e-01 5.154159499923333110e-01 9.115172152452309939e-01 2.087620319093633769e-01 7.209026711600701187e-01 8.062914116263090181e-01 3.560850056411827280e-01 1.526212999204430432e-01 2.438650235417778589e-01 5.760348838365608737e-01 3.529702579714952826e-01
4.752885768400640920e-01 1.221254128952292684e-01 7.782249242189009930e-02 7.974620484976433499e-01 1.267128232326255599e-01 3.347838254394662760e-01 9.311009346517434837e-01 6.573263883810914754e-01 6.060732342563276420e-01 7.018186690972421093e-01 4.993881350592521695e-02 1.226052919284287279e-01 7.998192245447659499e-01 9.821061455020994035e-01
3.621790250329006700e-01 8.631524600093842814e-02 3.309047994700538009e-01 9.855680827040511627e-01 6.352566203403409162e-02 4.289023702796566084e-01 6.244674419579213653e-01 2.464957545665210636e-01 4.429338308727521767e-01 4.549846499331797745e-01 7.159306474310241919e-01 4.807528395437588031e-01 6.039862869901535536e-02 8.970366843638414300e-01
5.303977833400363995e-02 2.440671123164815937e-01 8.067663462449190526e-01 5.660664175045568847e-01 9.407880545682948403e-01 2.767620585450414339e-01 8.930304212762026905e-01 1.495620433312395692e-01 5.055622544818764164e-01 2.074843942589105206e-01 5.585552930123638404e-03 9.896933680511804665e-01 7.333406083559891320e-01 5.793907464556382614e-01
9.077498698405833677e-01 2.621142025141942611e-01 4.254982567948442096e-01 5.276315696089772800e-01 9.311871911261112578e-01 6.859564824564609031e-01 9.542357424563073787e-01 1.808267562081060653e-01 7.779788858506009319e-02 3.828046790148998957e-01 5.159066121322659626e-01 3.227606450949038752e-02 1.130986403863543099e-01 1.005067512897073190e-02
7.116588635385553419e-01 9.511522405995206375e-01 2.756994995632126022e-01 9.505725478253604921e-01 5.097294639145727446e-01 7.323834236379479501e-01 2.178261181018147363e-01 5.641945689012139997e-01 7.507505559889772195e-01 6.502244883852307256e-01 8.032369811179689290e-01 6.620473522866521243e-01 1.632604372972957796e-01 8.747272540388824069e-01
2.540189010056123076e-01 2.033304550729404525e-01 7.615692986372768480e-03 1.359978758119985143e-01 4.661918628091742400e-01 5.947738778856245245e-01 4.176858395709210914e-01 5.643834533513283347e-01 1.425167650621828042e-02 6.826318942568195824e-01 9.297805439806512418e-01 1.439954074337365109e-01 5.729535219476193930e-01 1.169245285661856260e-01
8.499327826957534526e-01 8.004516894163569152e-01 9.923461951768952627e-01 5.595361964624377960e-01 8.330926466178676382e-01 6.946101312770351921e-01 5.559831019623300286e-01 5.283295434008925540e-01 8.441212857073374654e-01 3.897426676903429366e-01 4.728437638156620659e-01 4.636928613070689931e-01 6.263832001851268316e-01 3.541650144812521495e-01
8.736424390540409313e-01 1.147540661912037629e-01 8.357846063861407160e-01 2.108717179624951532e-01 3.553440902580917715e-02 6.059838968434618778e-01 5.151810082918033551e-01 4.481931426030431043e-01 2.799609537411638094e-01 5.359469387466818668e-01 4.885235570791608417e-01 5.312799584169632938e-01 5.782743217966485050e-01 5.821442888763214141e-01
8.332771132870542274e-02 7.159649417651134939e-01 6.388471409901642639e-01 1.385074293886825458e-01 2.157998394957575394e-01 8.248242067199664795e-01 9.992539042037347219e-01 6.988379419661562286e-01 2.851134288044875342e-01 5.542459242011668064e-01 2.404840551911902047e-02 1.273170525435792788e-01 8.768156426366040535e-01 4.233865124452409479e-01
9.524034740497575591e-01 1.094993709342166888e-01 4.729482682179559916e-01 1.627686101408893915e-01 8.704571297602559099e-01 1.361669225607159417e-01 5.779002618242917722e-01 8.059211432415658294e-01 1.080394384561420562e-01 3.423325086780217852e-01 1.244304415954851084e-01 9.597742979752695858e-01 3.759258750274419025e-01 8.857744235433600011e-01
7.322913523085973209e-01 9.772532241426199473e-01 1.841812051740060463e-01 2.712347826259782213e-01 1.586880539778021681e-01 7.940898187149592058e-01 8.028271095995725970e-01 9.487401232876220281e-01 8.167955602970374818e-01 3.511881884820342581e-01 8.025730770758167099e-01 6.767844829842651899e-01 5.732348145613586077e-01 5.515043376056529834e-01
8.671379304331423565e-01 3.397283061341359600e-01 4.903663417581667350e-01 6.813452017435338570e-01 7.295237307059854182e-02 6.894066403104164298e-01 1.774588096244548163e-01 8.866942869665450644e-02 5.583746704690951690e-01 6.277136546712361875e-01 6.115199963711911435e-01 8.552659505094004633e-01 1.850979155617022975e-01 3.816549533606472533e-01
6.944138100123489199e-01 3.308564214251986657e-01 9.928796320739547987e-01 6.875848889643966233e-01 6.613017406574850376e-02 2.616543889763147668e-01 7.693560429709199733e-01 5.197210961770771798e-01 7.148479725773994042e-01 1.446676227737944131e-01 5.073880165297183220e-01 8.185047025905942686e-01 5.205039460001059659e-01 7.116186387990133255e-01
3.681889978444015110e-01 6.155346609126584045e-01 8.900455448361976885e-01 2.812243263893656753e-01 7.288940974106838944e-02 9.911956979516430843e-01 8.493216843966087115e-01 6.364255032295232928e-01 6.711370876035728239e-01 2.340203048030272681e-01 7.968580016005953892e-01 6.424164884583192237e-01 4.980139598750398244e-01 8.626850160279694313e-01
5.607430827419217501e-01 1.651456789119414292e-01 5.313743292826385023e-01 5.333472920419385366e-01 2.759483076682808234e-01 6.619463211623610732e-01 8.406839129870294913e-01 9.768028690579200202e-01 5.732326348320536669e-01 8.163458858958868580e-01 5.918818311097417961e-01 4.968093175753510726e-01 8.744180989633929535e-01 9.665565178967011617e-01
6.481168541266176808e-01 7.877388964986270503e-01 4.591622180439735024e-01 9.449700654866443061e-01 5.969356066447487619e-01 9.220226527429893348e-01 5.667488262420777856e-01 5.872581186532285225e-01 5.581073008238912614e-02 8.539304304484652830e-01 9.764964580183088660e-02 1.825473163827874279e-01 9.553648161930845539e-01 7.023259348284293102e-01
4.300973283003223235e-01 8.252029651635646168e-01 6.001253296448031405e-01 7.412639946779557842e-01 5.089183895498565757e-01 6.633697216001632757e-02 4.151679735430399143e-01 1.535562103334092710e-01 1.307252941637500054e-01 7.276570041765724195e-01 1.643825034855372902e-01 6.902052431245183639e-01 6.956978129420406942e-01 5.535365172463801997e-02
4.201752269875556056e-01 8.506020325003715854e-01 9.068077103389524662e-01 2.679619387519797113e-01 4.864202159833980188e-01 1.707853040348757956e-01 5.554983862978440934e-01 1.488832247687416066e-01 4.758826826563650192e-01 8.290515591042508792e-01 5.596971579200793467e-02 2.645160782306088532e-01 9.824820801756413147e-01 7.717788150727135088e-01
7.104674477775495545e-01 6.199115607963148200e-01 3.805879032476130464e-01 3.064335631244357039e-01 9.186140952781504110e-01 4.659932777468753784e-01 8.890253481395443691e-01 3.809464445747678951e-01 2.960261225442407662e-01 1.107349535722127465e-01 9.772069892912648159e-01 9.556249741461345648e-01 8.079663965797777569e-01 1.601978957899182765e-01
1.653604936097378131e-01 5.437712658100216645e-01 2.527535729509293727e-01 4.647822834923145408e-01 6.529955284313633257e-01 8.339119288349188253e-01 1.637714043838981448e-01 3.667940954922497276e-01 1.707636288391275459e-01 6.838855512269623738e-01 4.438152092753393507e-01 5.163655146960921538e-01 4.469617945663411085e-01 1.424328451888160485e-01
3.592969359364511783e-01 1.285985662337204571e-01 8.567647622398847362e-01 6.175674911747038864e-01 5.398533899141668702e-01 7.936807811725477002e-02 8.811961987234846472e-01 2.724711769230570013e-01 4.625091966274168520e-01 9.961174373763360679e-01 6.905861023588532044e-01 4.683189767008544280e-02 5.091228067928221801e-01 2.685482367465308329e-01
5.907973605283254326e-01 8.444481031164361440e-01 6.478065337977766402e-01 6.357904999177688143e-02 4.286110976315355980e-01 4.508973304622403422e-01 1.024930534071258892e-01 1.318742158334683667e-01 6.568207657275992872e-02 4.971391398168821807e-01 8.359155108440705639e-01 3.851244200173351562e-01 6.812912535560968763e-01 7.490518168682447353e-02
3.985597925842920830e-02 7.148677461849756165e-01 7.078200811681728544e-01 1.382945710688786578e-01 7.268622097145903682e-01 4.330715921777816835e-01 9.380287053763426419e-01 1.608259457307220641e-01 7.206824258359290081e-01 1.046443762278606027e-01 4.113363846204909358e-01 5.301728809257381103e-01 2.841896005654234170e-01 8.853374126856726756e-01
