3.304468084322291777e-01 3.436348337601984326e-01 4.201751200559034061e-01 8.873817479172949607e-01 2.413510351675360877e-01 3.245961750685559810e-01 4.871427899064151301e-01 1.524523956975560868e-01 4.054970570919044226e-01 6.518357863543344788e-02 7.394416513432078286e-01 2.794450982066251088e-01 9.490483755383204434e-01 7.346922291232848012e-01
1.616946831164510767e-01 6.582356079963359585e-01 8.107317875457109579e-01 8.526385535963728612e-01 3.990161558187224067e-01 5.947495463861336429e-01 9.440703070035763034e-01 5.752463073070188670e-01 5.570265684436670472e-01 5.687550884832159870e-02 3.382485577637018848e-01 3.057647115276829197e-01 7.844260528597369886e-01 3.737839890540407550e-01
9.728799296178536338e-03 4.182279519521338029e-01 4.848013772207245831e-01 7.321828666406352548e-01 5.607922090440561336e-01 8.165097811907500169e-01 2.127451646779112693e-01 6.995807803818425707e-01 4.687578770687736984e-01 2.658293287402144767e-01 5.308272262842691491e-01 4.045560601463202843e-01 7.887825803803727442e-02 9.128285379593801263e-01
4.791162982990362362e-01 7.597953277396596317e-02 6.243055936941143136e-01 3.527628912254795468e-01 6.573756246579010032e-02 7.283809238403580189e-01 2.938455140559452783e-01 1.008633431694702098e-01 4.250743136900440033e-01 3.975008469735400451e-01 5.621863276559702083e-01 7.590584193791050094e-01 5.527634952776244726e-01 7.412335186935835596e-01
9.617445451824926383e-01 1.289240379513387769e-01 2.733193487129516042e-01 5.577138673356445420e-01 8.945415913410333930e-01 2.388613408410367178e-01 6.068583843139325751e-01 6.477246710513072658e-01 6.923823839146189263e-01 1.862498512955301777e-02 5.937285128825954272e-01 9.156658658852706578e-01 4.925540607698773998e-01 7.606651033047666655e-01
7.527924215402443942e-01 8.767519237891012729e-01 9.036786254037562083e-01 1.078928035412308750e-01 4.037377132754486064e-01 6.895332485033774939e-01 4.617172427909285171e-01 7.583028235533848527e-01 9.899862351009788286e-01 2.687801891562079382e-01 6.488497922447327149e-01 9.071622087167364734e-01 2.764665036264994935e-01 2.475145825802583799e-01
8.525117182847429254e-01 2.913720499658691843e-01 4.924863737781345341e-01 2.687970703493565150e-01 6.814762314601158222e-01 4.372108728218635498e-01 9.005185610723627221e-01 5.687607110218999562e-01 8.981494634251486753e-01 5.900206493429618337e-01 6.254023051934930466e-01 1.515779221473437799e-01 3.764661363139160111e-01 8.728038000581647138e-01
7.203579794721615137e-02 3.391100569616737337e-01 6.353181822744128349e-01 1.773053058706478557e-01 4.155806219590849615e-01 9.030133017018132646e-01 4.885494361803743857e-02 9.765464411138041756e-01 7.235679080693332432e-01 3.566751857763517108e-02 9.468134190634385217e-01 6.840484765523268118e-01 5.218239122594162671e-01 7.466627458639958359e-01
8.700204782476707033e-01 2.263480710597928214e-01 5.048734390681902662e-01 5.867835420324336582e-01 1.755295657119958497e-01 9.312287343713354648e-02 5.593600398622859959e-01 2.004922350474896975e-01 4.358195963240272253e-01 6.791250260116100668e-01 5.637294540160211476e-01 8.941036396006613041e-01 2.527352186974004544e-01 2.066330497015925749e-01
1.652035447852562289e-01 8.834609335275811492e-02 7.163415490813660469e-01 3.942675107190428685e-01 4.287900307357661589e-02 2.747766550519549211e-01 9.430438955540201285e-01 2.769912442162454358e-01 9.367589844974673063e-01 9.585036922711888119e-01 3.513696641539622023e-01 7.649801551229560292e-01 5.094421639470332330e-01 1.465275610882680324e-01
1.530198415820123170e-01 8.052864038325767693e-01 5.521463353690181375e-02 2.440999197791100528e-01 2.286836745968079398e-01 9.192909843550476356e-01 7.430926774356364506e-01 7.653707142562086174e-01 6.491842939998783146e-01 7.791207002237741097e-01 6.614586957293677738e-02 8.388269717542256032e-01 4.695504963018028999e-01 3.096422232988205181e-02
4.787408255988656602e-01 1.985763448082145111e-02 9.152677821629054966e-01 8.686467360409955152e-02 8.015830807894621657e-01 4.596852430426180414e-01 2.970816692272093551e-01 8.771281449028984767e-01 2.621732941169715447e-01 7.150569464390160723e-01 5.377207118470063163e-01 9.543363765110746133e-01 5.334379064692551520e-02 8.745120321523373041e-01
5.533672100600678379e-01 5.064427367900924404e-01 5.715189435256530226e-01 1.487999958236535525e-01 8.529937240884811755e-01 8.486401683666774387e-01 6.268661013817006245e-01 9.045162269315595305e-01 9.987990374013977490e-02 2.239664585570880773e-01 1.368444129589473368e-01 3.186170892334938554e-01 1.848748210144446347e-02 8.541176380518137323e-01
5.025565095726645115e-01 7.588433671508605372e-01 4.333815398206555258e-01 8.621577431527670532e-01 3.611720895837877698e-01 4.382405562465381266e-01 4.226509964641068651e-01 8.385485034873174648e-01 3.812840641208652404e-01 7.645512333824855400e-02 7.118265189252084291e-01 8.466138435086963954e-01 7.868355494471198641e-01 8.530832899001155045e-01
2.020450774191462351e-01 3.187309285310634399e-01 1.164736504488105284e-01 1.125669702495860625e-01 2.073135360816483752e-01 7.007368457018879893e-01 2.752698375689303090e-01 1.916259518565066600e-02 8.359041948235411690e-01 7.774350342811331416e-01 5.342834902477059389e-01 8.294246663169596578e-01 6.462139358419943802e-01 7.606049505476887296e-01
8.830925165914214059e-01 4.228566934175083114e-01 2.787417516706068854e-01 4.379972012067506748e-01 3.155937780796230774e-01 6.568896729169839688e-01 6.297634947454110455e-01 5.912423055590506626e-01 8.144074908109030231e-01 8.617779497019661950e-01 3.632136843149107452e-01 1.808747898929179421e-01 6.892779801636373938e-01 1.982540873765092915e-02
7.161974632732032164e-01 4.956826502299622739e-01 9.724146276655041277e-01 2.023004522409627137e-01 2.405577426336439339e-01 5.620013559972798500e-01 1.848783420211402850e-01 8.701093177497809528e-02 1.494651797266772775e-01 5.048961630162595027e-01 1.076221767996654588e-02 1.720659470464152019e-01 5.961322673256015392e-01 2.546927061798008873e-01
4.498674954861594522e-01 3.826330151343657615e-01 2.396619380473304917e-01 1.418207694918206530e-01 7.419102217202797611e-01 6.692035311453817803e-01 9.186332226492089914e-01 8.047860703327252008e-01 7.714027701211828569e-01 4.088290297377187299e-01 7.685214082922677825e-01 4.469452435755252306e-01 7.481377409650825649e-01 2.819368327305450395e-01
4.172268778424643720e-01 7.124835487870839756e-01 6.991101319256496360e-01 7.817748736688219235e-01 4.272438953118187221e-01 5.452182821965091408e-01 8.626328436863928140e-02 1.450627698945587962e-01 2.692946799884274878e-01 4.599758886918609013e-01 1.647448379120675099e-01 4.710507376384961420e-01 1.565354534094287597e-01 1.364954184531883552e-01
9.436089528540135829e-01 2.977748465929339616e-01 5.121410007199183045e-01 3.906710495932619320e-02 6.412345725859912582e-01 9.624986058806288547e-01 1.844446454646236910e-01 6.054402570744352730e-01 2.205787305684195898e-01 3.029441485057754457e-01 2.064663538156633615e-01 4.419617459454200370e-01 5.353046710536392139e-01 2.280080827150873235e-01
1.258820439491348253e-02 3.087089195455136048e-01 8.792678130005392445e-01 5.762327393826156552e-01 8.513337967399647876e-02 6.805758165138300342e-01 5.966146576762566545e-01 4.026356912248225672e-01 1.779684818449629446e-01 4.516063778307958243e-01 2.337876192798296060e-01 4.438766459618281868e-01 7.872998653638361155e-01 1.536485328694292551e-02
5.113118600931886304e-01 2.112952389794158226e-01 1.954617033884056276e-01 1.668644853918231918e-01 6.331412991635329002e-01 8.945231547970510233e-01 5.152427371893704144e-01 7.088810257818702887e-01 2.110630209326307405e-01 1.839991669366995986e-01 5.191071922137138195e-01 3.189525344910544291e-01 6.769837638097977450e-01 4.470611272187782204e-01
8.517519229075048992e-01 7.785850065699141398e-01 2.903809421849772310e-01 8.784557864798746563e-01 9.706743255249561386e-03 8.462652393642402515e-01 8.810941588561305160e-02 7.465001503811649064e-01 4.494874177164003282e-01 4.389691480234969578e-02 4.918841862010592259e-02 6.404564057173229852e-01 2.076190343301241858e-01 9.924495444230525543e-01
1.684665124366290234e-01 9.616546366339970842e-01 7.518236287127589845e-01 5.336145612450244879e-01 4.420703985180607365e-01 6.034760255787048333e-01 4.836276588716970082e-01 9.434136825067600540e-01 6.829852764387578379e-01 4.309429506711068836e-01 6.118530851313308538e-03 4.545733736121002622e-01 8.948513481257132085e-01 6.324021784111221178e-01
9.005215342506671661e-01 9.085655132696301983e-01 7.830618830327622515e-01 9.137232063608522470e-01 5.444177929829918661e-02 2.546827637330855154e-01 4.296371173723411152e-01 3.981199644618277356e-01 3.037663937437889983e-01 9.635119584244572488e-01 6.108327990349874392e-01 1.229966423102968331e-02 3.455066417613387175e-01 3.402692808987396456e-01
2.426127258484719329e-01 2.273660749450385765e-01 8.102440995736349683e-01 9.807103012155450328e-01 1.564422015906795638e-01 6.216081835329001493e-02 4.811861054393016257e-01 6.218415176409884948e-01 2.864579358880460225e-01 4.770969159139311078e-01 1.380411496327071941e-02 4.385963008111155581e-01 5.100609811805015825e-01 3.930710752265976771e-01
3.022446449345577157e-01 4.322973375896081993e-01 4.060604684283009025e-02 1.125416172739479581e-01 4.137665801872428828e-01 2.462036656159948267e-01 7.013684011352528946e-01 4.147685604266704296e-02 5.212111575286466625e-01 2.816429041093971852e-01 5.974522927271308514e-02 8.637098896121677694e-01 3.765663157715134490e-01 2.896678786744414369e-01
3.799524057290116774e-01 3.397001193671514985e-01 8.166097161324950005e-01 8.459913940106880137e-01 8.391403220596148627e-01 9.060928298534458580e-01 1.105757735820733778e-02 6.154394077549308895e-01 3.213652323716020831e-02 7.953205644205001423e-01 7.475813462364672146e-01 4.730059778586841457e-01 5.662476651686081386e-01 2.770083620414286463e-01
3.164328548809602903e-02 9.428694322868793609e-01 2.294532540312042013e-01 9.388652572721311040e-01 8.515982643746142777e-01 8.382673250777994411e-01 2.434234356991016313e-02 2.747293343005787758e-01 4.109339328088781329e-01 6.485862746958500624e-01 4.072400072722182074e-01 4.124390132231154915e-01 9.918302207961358086e-01 5.641869738751597030e-01
3.480708742613327633e-01 9.088494287641211145e-01 2.552337422744742623e-01 6.115101977322303650e-01 4.838762791665465191e-01 1.054094874559337036e-01 9.086250364914914002e-01 7.886570045474194934e-01 3.099244505243559100e-02 7.011521607371373754e-01 4.477074609309397157e-01 1.872397236910979812e-01 3.258969889273296561e-01 6.301108182181717199e-01
4.753013412883340116e-01 1.382485543614291323e-01 9.146765300747188299e-01 3.024634552661258358e-01 2.120251956410230676e-01 2.176482774473863513e-01 6.895539038457485503e-01 1.839361686390217354e-01 1.247317945049553067e-01 1.759581004071288923e-01 9.984630455513907599e-01 9.114567164627130902e-01 8.236310620364498680e-01 7.488386853109278984e-01
7.412502200206928515e-01 7.362588343650424694e-01 9.468858272633940976e-01 6.073493022314025991e-01 5.489540972067543656e-01 7.576979891763160335e-01 1.937976477174935264e-01 3.921554836742847661e-01 6.841440088186478974e-02 6.788751839259377086e-01 3.005984224234927726e-01 2.202100359717553690e-01 8.304006490038861044e-01 7.154239035404151847e-01
1.644250333570932421e-01 3.413314885379296060e-01 3.998942350838543547e-01 7.775761192664358834e-01 8.666158409508537552e-01 5.053392909410934219e-01 1.518813469300879238e-01 2.582038364501271221e-01 4.344464654933504200e-01 2.017113999162046811e-01 6.887108181360587222e-01 6.511445674630722547e-02 5.925728182105866049e-01 4.218322982149084188e-01
3.593179452912454996e-01 6.717097618106619983e-01 7.115833584947539592e-01 8.294317055387675497e-01 2.349791680238328961e-01 8.409191809168689025e-01 5.122031314155361947e-02 9.222559831631572669e-01 8.668196870554866207e-01 8.756856817095179935e-01 8.242011226165736337e-01 5.213520997546349234e-01 3.129089986976668625e-01 2.175057331667664684e-01
7.642256066845543039e-02 4.862135280195274412e-01 3.384739733558030927e-01 5.130133231346469813e-01 5.423145179756695411e-01 5.449975807224346491e-01 5.336540808907657141e-01 9.920167886619706277e-01 6.437827737799650674e-01 7.176600069643257473e-01 1.951711226493291207e-04 1.280379309135236676e-01 2.833371907824189240e-01 8.732135048125605481e-01
8.091943749968441013e-01 5.414765174907517631e-01 7.041113207333190571e-01 2.337239181850053749e-01 1.933476379750809215e-02 4.862424205766643359e-01 9.675773911165103103e-01 6.348825975595797644e-01 7.006514754817845247e-01 9.694251199926561258e-01 9.254942911709693742e-01 5.804332715714445312e-01 2.570147201489136890e-02 5.094696950270011238e-01
5.414421858514106844e-01 2.346975132758605254e-01 5.376443934223822385e-01 8.143291438805708715e-01 7.659034296142531728e-01 1.516442218376141682e-01 4.090960850056206688e-01 1.565087581048735244e-01 3.346214195490049281e-01 2.716582426313377541e-01 2.937582813310020136e-01 9.668217712785571738e-01 1.558907657711483541e-02 5.775899215913534723e-01
8.082683900689447976e-01 9.633661133443021107e-01 3.541770715304967121e-01 7.996051088793513228e-01 6.134357634136085036e-01 2.916733892436759179e-01 6.853315078258203075e-01 8.534081105235723497e-01 3.935361054220558596e-01 2.355492069537975519e-01 4.674358268424978480e-01 9.795711453173695515e-01 8.482362622896867377e-01 5.017942170247435829e-02
4.393523230367962773e-01 9.227119736336294453e-01 5.592272541318734635e-01 1.782074621491409605e-01 1.146042592961044049e-01 9.357632203287410411e-01 5.863308704445961972e-01 3.417359838746263367e-01 6.688000138476181133e-01 6.664486558473451394e-01 2.199821468341865982e-01 2.157338163086556238e-01 6.239596183816309427e-03 7.370070612407570998e-01
2.075131422846299145e-02 6.480696162972432450e-01 1.141846925380195499e-01 4.455401687012028322e-02 9.113158205568671066e-01 8.679622787212619706e-01 1.841189324393954774e-02 4.854883498942431652e-01 1.280773331456118713e-01 8.705772529890973832e-01 2.764805488502309894e-01 8.628042150917107911e-01 8.926958261060059518e-01 8.974135367861734158e-01
9.858146229051321097e-01 4.022048818033762130e-01 7.873769016076014315e-01 4.130421084992565994e-01 2.644952194913186005e-01 3.327735801315563346e-01 7.635419643618657215e-01 6.784658852899040360e-01 6.963485864273236681e-01 5.964056589210370296e-01 2.238074171572068671e-01 6.041052348488515911e-01 8.358962764994301020e-01 3.838305392299560248e-01
7.651685737931621656e-01 5.006912079272225480e-01 9.668956663492612735e-01 9.927202387392680683e-01 5.513001246736597416e-01 1.538532133402747970e-02 1.935195742167505895e-02 9.385716498344409686e-03 4.640638673480323995e-02 7.858157636753607678e-01 9.814079007206236716e-01 8.361024142696430461e-01 5.666608183542308774e-01 3.004522607498131270e-01
5.052864724599253066e-01 3.810870880086634216e-01 1.770633083622460413e-01 8.659949225384619975e-01 3.384889185331760864e-01 7.272935867198446758e-01 5.052753028797132284e-01 2.391821180104871658e-01 1.445718031126258518e-01 9.317440348678734940e-01 6.259735484905921687e-01 8.670186390855160186e-01 4.437142859050681176e-01 7.637459968216552264e-01
4.248885641641362287e-01 6.048474314377653149e-01 2.490731574119903202e-01 5.818909619481964501e-01 3.346485555982884330e-01 1.316744275018818522e-01 9.136322883023861863e-02 1.661349128538681663e-01 7.698365147368213535e-01 9.961842928937614250e-02 5.082018888869263007e-01 5.886986046866702349e-01 3.541903400663192203e-01 9.255147138739631130e-01
4.626600090108882180e-01 6.307647310449285838e-01 3.945289281605173226e-01 7.735545608558958008e-01 3.111882424285365989e-01 5.240509676577571607e-01 6.739881866999695159e-01 4.727653347788784988e-01 5.149450045828033451e-01 7.479911321711545380e-01 6.130600391505288682e-01 9.408462048439943937e-01 4.464575311943680402e-01 5.201196438169264358e-02
5.812519758158674055e-02 1.780937486782799839e-01 4.030582610932013088e-01 9.540154807602577725e-01 4.230395472652074274e-01 2.609676814915574683e-01 4.606350438983204398e-01 2.193411410485002211e-02 7.819320853749576195e-01 9.270244102116297347e-01 9.192163534488262400e-04 9.475673511946089977e-01 6.690077343874455407e-01 1.480448504422848810e-01
5.508122748789430201e-01 4.143247962638958448e-01 3.621141755851161603e-01 4.647142604722442893e-01 2.599858744097841567e-01 7.412001233783349630e-02 1.506919668588211358e-01 9.780246455345636969e-01 1.234154352050784720e-01 8.595066407374934991e-01 3.989066816156515705e-01 5.317506894366583747e-01 3.730603309782810628e-01 6.389861680794362009e-01
7.611212479118185659e-01 2.387067374969519262e-01 2.516109723940379572e-01 7.888045076521581489e-01 1.206306532073896376e-01 6.344119091547182343e-01 9.259856396623846742e-01 8.238033728549598589e-01 6.763712024388558453e-01 5.707976233649509901e-01 7.987902514555955680e-01 5.046116019984646650e-01 1.304874461713955158e-01 1.620296286483601245e-01
6.191230119750360528e-01 9.624639179883949236e-01 3.106628214729298954e-01 8.500887210828229623e-01 6.470847942659222474e-01 9.006640704217935278e-01 6.753914359631317810e-01 7.310995474067316646e-02 9.644608701083740021e-01 1.280120350866111867e-01 3.787600733290874544e-01 8.443297580654470780e-01 9.466665084532804864e-01 9.153755323378327535e-01
2.702688442962313253e-01 7.431437848045482353e-01 2.594303874871680682e-01 3.150360814391385267e-01 4.579857699654021896e-01 6.642499491306411707e-01 2.218802436341544837e-01 4.316941319517024755e-01 6.728606875778431196e-02 6.623525793928196626e-01 1.958296130762090526e-01 2.529734498372248064e-01 2.383428470206194749e-02 7.768855230595250738e-02
