6.221273577614430117e-01 5.462068324346476267e-01 2.289619273549685641e-01 4.087493142723072070e-01 7.292311776679207824e-01 1.145992862593022688e-01 8.374443774924955619e-02 6.828256813351697430e-01 5.903729969195968819e-01 4.105238784707093691e-01 5.964751332425616281e-01 2.496880624056982967e-01 8.431670841929490567e-01 2.502036586329853263e-01
4.670195494449547180e-02 5.010429236711466672e-04 7.856850907234924630e-01 6.566369341907720703e-01 5.153017151277060615e-01 3.085151161869578162e-01 4.062737268760235887e-01 8.407183870882354304e-01 6.108487376709945682e-01 5.323613143838579198e-01 4.717669560731796441e-02 8.526954937125216238e-01 3.094858753555174147e-01 7.651081312685066305e-01
9.812739450824711218e-01 5.976252616723963795e-01 9.642000998705163584e-01 3.923120103363161304e-01 3.599183605022588939e-01 9.548709978112490671e-01 9.200971710741538967e-01 5.952619706119867127e-01 9.798869304938695457e-02 3.596513960954511591e-01 3.558426227204559700e-01 7.203500085060685620e-01 1.855941542399502930e-01 3.844623145137501252e-01
4.066900225205837272e-01 6.120145306004189933e-01 1.653644451232012536e-01 9.147846579970080327e-01 8.121197512461321155e-01 1.091873549557863532e-01 2.425108630049906955e-01 3.803837760638758558e-01 7.216129418426927566e-01 2.209383681835563884e-02 8.794358386097869129e-01 7.339490677005794383e-01 2.624616853579597731e-02 6.294046720607077150e-01
5.926534163523322629e-01 7.371591520423884658e-01 8.475742366539034123e-01 9.771396378307509734e-01 4.280914898890428866e-01 3.170122960504688781e-01 5.915416813913377814e-01 8.701086828008331997e-01 3.474655538538614641e-01 4.073971518094219313e-01 6.323531563250476273e-01 1.693948021283576688e-01 9.956129248467658899e-01 5.807200311550807514e-01
1.181489486103628472e-01 6.001162628954147538e-01 2.345839503308650986e-01 5.775138565885431507e-01 8.324448024316015715e-01 5.497294644089776305e-01 2.415136609588305339e-01 8.890991360518035735e-01 5.609947997597664049e-01 1.490732446772482511e-01 7.203052768504885073e-01 3.018056295468973804e-01 2.899847399742333520e-01 7.952306260522014059e-01
6.264537087720961628e-01 2.281466640562973547e-01 1.820806296253472123e-01 8.889316683425130261e-02 7.221962110031268089e-01 2.903078046394890199e-01 9.019286810096817097e-01 6.730881803690131893e-01 7.680653458901975927e-02 3.121023751760323428e-01 9.596663782268497478e-01 4.686439990153490331e-01 9.694702822462275549e-02 5.547787477185950333e-02
3.665000473004685899e-01 8.456002151959616242e-01 4.618967082213806252e-01 5.077188265922127908e-01 6.397080696139270106e-01 7.322216319386183336e-01 5.163303930519650420e-01 5.800297199604832477e-01 1.129736243983792132e-01 9.717448170904258165e-01 5.797233132859993532e-01 7.780881046444527716e-01 6.204356864345762501e-01 8.845411990300238170e-01
8.269622046239101243e-01 2.750500279056101727e-01 5.856942655349917093e-01 3.657579792933700613e-01 9.622806806792320033e-01 3.481740124984665785e-01 4.276853681299319643e-02 8.025345360139379824e-02 2.587671911199042052e-01 6.325196895252096496e-01 1.668520369203911891e-01 6.980464486268855850e-01 7.319172420608832663e-02 6.272537815269344508e-01
9.035264600619783426e-01 6.694045974438713742e-01 9.922185809587192873e-01 2.104201438510239219e-01 6.013978120167524644e-01 4.510713648978640355e-01 5.378674293892937719e-02 3.485870456334769774e-01 6.110167232282215366e-02 9.136501998872796904e-01 3.852407543745073326e-02 4.140167305268136477e-01 2.286385811622078101e-01 7.005931071546636080e-01
2.312957662817239912e-01 4.959212870468404644e-01 2.421442645862611487e-01 6.102848657008163036e-01 2.101446723036552999e-01 1.750965958655359422e-02 2.185020351735145194e-01 3.263797770814784727e-01 9.927211131199461525e-01 7.249618663907695382e-01 5.823211918877311266e-01 4.415798279553290184e-01 2.972984568119549920e-01 4.366081428319591451e-01
7.034345874413638899e-02 5.156379926740572994e-01 1.931174590840188943e-01 2.694903314837928665e-01 9.014304783544515587e-01 8.541759261963204342e-01 2.573771801288853300e-01 1.030228065326989073e-01 6.178777158129459268e-01 1.015729435231623734e-01 5.147815859480018297e-01 5.646454912548439786e-01 7.944799021105030112e-01 3.730219168818323938e-01
4.515353110273772064e-01 3.058992352579036345e-01 4.804992709711450871e-01 3.414908067688515736e-01 1.086363906155983772e-01 9.383604227450675905e-01 3.481725711960619307e-01 5.274278061328308009e-01 9.921734543996851841e-02 7.774134723089841659e-01 5.896702272831687575e-01 7.226648611114653287e-01 8.523667758639823511e-01 4.414448689194243602e-01
2.848156371204034754e-01 9.892509865280136871e-01 2.684069235273660592e-01 1.765572600070264286e-01 9.619674401325680746e-01 2.821641515611175155e-01 6.790713969879891287e-01 3.566281522483594202e-02 4.490797472333588614e-01 8.041429128005177507e-01 4.128792697901377817e-01 3.048259794034703374e-01 7.538276152671110619e-01 2.305536893384434460e-01
5.324717585348951454e-01 4.860868047270273662e-01 4.189090833590963792e-01 3.446678395933312489e-01 9.648117876527556591e-01 2.541142053232881004e-01 1.824322463848768727e-01 5.183394856824128372e-01 7.669067465644834325e-01 8.185258999323030693e-02 1.924125583704328069e-01 6.775731722040890803e-01 2.504911831139733369e-01 6.201458104473633881e-01
9.839851288115877281e-01 3.468899639402808210e-01 1.216080015181657537e-01 8.311950048096342636e-01 5.031997726476399313e-01 4.918482571440122575e-01 5.081783314974440691e-01 7.568764896144375420e-01 6.434113124239418946e-01 9.510354999940526799e-01 3.006341140228824260e-01 5.151172461453357165e-01 5.679191798900030674e-01 7.567236109888620943e-01
9.170952515440755626e-02 7.644400797957230376e-01 7.955704109911277966e-01 1.335535664719816884e-01 4.391218923774222738e-01 1.773724825429590091e-02 8.886597269751450590e-01 5.942842638990774029e-01 7.130437478894191550e-03 1.997615635902891817e-01 8.262014843315956814e-01 3.813206352096154550e-01 9.777312884959353800e-01 3.641587705082348636e-01
5.974652703365412876e-02 2.437857264054091866e-01 7.700110563874241754e-01 9.245374003306171540e-01 2.432402508528764828e-01 4.991401306987574005e-01 6.097228323364111136e-01 5.371460162968842988e-01 9.328793547866272018e-01 6.095024644482717191e-01 7.992029892892238419e-02 3.041880633643878618e-02 9.160349181956121134e-01 3.545352738071946286e-01
7.091345122427783476e-01 5.649071076013967296e-01 3.510150312319852972e-01 1.844836570178974844e-01 7.153943966310480906e-01 3.197145696022649641e-01 5.127765796012878630e-01 4.719752099155205549e-01 3.815203577784606059e-01 4.171043816205457500e-01 5.855220173170669895e-01 1.479874351688714729e-01 4.629127088695281778e-01 5.571124361742686437e-01
1.094923319069538437e-01 5.159795379044920249e-01 5.305206646980816787e-01 5.030831361048683226e-01 8.572163015186201607e-01 9.357190794377464593e-01 8.829384620208902135e-01 6.510935953280212463e-01 6.356190326077918451e-01 7.396123166255743620e-01 8.498651155734262552e-01 7.912375342334346806e-01 1.850918123310077990e-01 6.871075425435805295e-01
2.475554633966333684e-01 4.809247081228872345e-01 3.656331216771578907e-01 8.240401918650390733e-01 9.080129456096064366e-02 2.434757834599172721e-01 5.514962367338042126e-01 8.216522975319503486e-01 5.646658485059641297e-01 1.238976430880953661e-01 5.770247569782519514e-01 9.496689215568892006e-01 8.358279936517323261e-01 3.014500739537825380e-01
7.339204304247255450e-01 3.481605977428684495e-01 1.545086736250959047e-01 6.604026004080628676e-01 1.320140621043723872e-01 2.045014862155328794e-01 2.693238289108336181e-01 4.914587793613041100e-01 6.890680516122673627e-01 9.891735124440932392e-01 5.114021672115058870e-01 8.142548052836577899e-01 9.959818712173681421e-01 9.471889038993691612e-01
9.840419316107246184e-01 4.569312883180813856e-01 2.713702896855436641e-01 1.324022015718679945e-01 2.923794066993945506e-01 6.222786958816030056e-01 6.069930470051543292e-01 1.576882774684635891e-01 5.682350587003724973e-01 1.094005985954309423e-01 3.367205252487283085e-01 3.143944808693538429e-01 3.336782877970603245e-01 8.016421068695417373e-01
2.983475254745310279e-01 9.648721677182228174e-01 8.719610792941779875e-01 9.443996942123920046e-01 4.563079812687990122e-01 1.948314115210151298e-01 2.097728567127682409e-01 6.535253165254103491e-01 6.398186532477951882e-01 4.890014319485670446e-01 2.322678712718407867e-01 5.272364533868718617e-01 2.960462955361613524e-01 5.097605257104477205e-01
1.565257610258635745e-01 1.655107440547628483e-01 4.909371130240146597e-01 6.612793958224854052e-01 4.567522996935931001e-01 2.402692371723254006e-01 7.520611987644149066e-01 6.711837884746088001e-01 9.205189784405863884e-01 3.836331897556549686e-01 5.062830406731353428e-01 4.452261527599594704e-01 2.694498763165656952e-01 4.353862562463738373e-01
1.956690290562457246e-02 7.623983530037473644e-01 7.596698824322545285e-01 7.957580343489817354e-01 4.277910632433541416e-01 3.873419045958095275e-01 8.569905610007184649e-01 3.117082162957820479e-01 7.651575915096970881e-01 2.253068857938023140e-01 5.649719985200284400e-01 6.511867750868194360e-02 6.772608863872776608e-01 9.627831991570697800e-01
8.051558968405692074e-02 6.978737994602611794e-01 2.671519383050358076e-01 2.814084971003829594e-01 7.773697641577160811e-01 7.678061485836947808e-01 4.173505640333241562e-01 2.768273087278829703e-01 2.103193929150535268e-01 8.017643804366424432e-01 1.329963167644423461e-01 5.789337697497107804e-01 9.947431983366550323e-02 9.577740709875213199e-01
8.020793708420701495e-01 8.302234630500049395e-01 7.393362936138831998e-01 6.325447619278795619e-01 3.702390119511373978e-01 3.264792610027111852e-01 9.087932767956122815e-01 1.857787155777811394e-01 6.300742700461725576e-02 2.636017394180814044e-01 5.569470370866059783e-01 3.054151802957656425e-01 7.924040504691920450e-02 5.469612522062510251e-01
2.835239509386547896e-01 4.772021713608913807e-01 2.423639466663302100e-01 5.746675942177786878e-01 8.889255030883247422e-02 3.097718488335665654e-02 1.661100450591304067e-01 8.021860111209361266e-01 9.932544071225436477e-01 5.646489801424214861e-02 4.764107015758771713e-01 6.863180789522733694e-01 1.750886960519538738e-01 2.159122580654879719e-01
2.062448586585320376e-01 1.853419728414941181e-01 7.876476270315255768e-01 4.764602214491906462e-01 9.398576998981106323e-01 3.388918183170146481e-01 7.572570593355536506e-01 9.139423427862465310e-01 7.656414914802470717e-01 5.395758337478366862e-01 6.379961606362524185e-01 5.616889561530535868e-01 2.820026692249791855e-01 2.201487214701369766e-02
7.236358433768836917e-01 1.236939989746249635e-01 6.820762345943776062e-02 8.364229185110361176e-02 2.214817191194518031e-01 3.870387027972584937e-01 9.136746069609921195e-01 4.956377639692485237e-01 5.540184339409314207e-01 1.687957639342628768e-01 1.913076106768638596e-01 2.702721451533212083e-01 9.393014653797964186e-01 9.762713604824726499e-01
2.232914406421304676e-02 3.414625558492090374e-01 3.468936465280844095e-01 8.867795458490540517e-01 8.074518281418120447e-01 7.788635872839791974e-01 1.729831611903098754e-03 3.271623253008552057e-01 1.655922029297466347e-01 3.625273349872853990e-01 4.046555394441228026e-01 9.581090181071938439e-01 8.836863234619479757e-01 4.507951844052661139e-01
6.292702282445339357e-01 1.463994291799243230e-01 5.660023320297926652e-01 5.091356491773779691e-01 9.955859048078135043e-01 5.711067323585394817e-02 2.696781215516530494e-05 4.917042903930978204e-01 7.739796095436609624e-01 4.564720106325123039e-01 4.951927280190894232e-01 6.789294242103041110e-01 3.831963620566057882e-01 8.650730260480473666e-01
3.722480052237817638e-01 8.494889724815736232e-01 2.316309155684473930e-01 7.530265110710616661e-01 4.910864192424175823e-01 7.726261164350689548e-02 8.227294622912182387e-01 2.817612137677812933e-01 8.282905486669750461e-01 5.174402281446649488e-01 3.002528006241791392e-01 1.667832800926980497e-01 8.415496658700115651e-01 1.195213842198716847e-01
4.494928576765356842e-01 5.645029191214312458e-02 6.141941469150102861e-01 5.966301214103377770e-01 5.647127430476279741e-01 4.404510885431879297e-01 5.299517027073211706e-01 7.537021817688189795e-01 8.215128703744404293e-01 5.635671034898881437e-01 6.044084076716205178e-01 9.330236799810589510e-01 5.520203183876122299e-01 5.647248712035732865e-01
6.785960820561753870e-01 9.889947863887132984e-01 7.066887048593479825e-01 4.268670459443272280e-01 8.250778099715663227e-01 5.823892472886569305e-01 7.184474212905899160e-01 5.691508924503280165e-01 4.836509075705858196e-01 9.265397412706788405e-01 5.098571172861893208e-01 5.343538870982635913e-01 3.375208831890176286e-01 6.966398460200465825e-01
4.340154330325018961e-02 8.379294011849114376e-03 2.293043387464154259e-01 1.643351173874998405e-01 9.639507270540532691e-01 3.381169385255209381e-01 8.864989448364839486e-01 7.032199101389448037e-01 6.979074753352013660e-01 1.881274015135105948e-01 4.237716228675292296e-02 5.434447236774059276e-01 9.294860480508668754e-01 8.296898523338956943e-01
7.433289875173452188e-01 9.691736962987843595e-01 4.178194826197079159e-01 3.668793008370075936e-01 6.222787189018064158e-02 1.823073160463449804e-01 5.251298849166700089e-01 8.725248278066062291e-01 4.695758822482787309e-01 1.458691213096386941e-01 4.291469416756228394e-01 6.747498787889688598e-01 6.270257964593759503e-01 7.460502052294626374e-02
3.990731697344699347e-01 6.956002137903122273e-01 4.132844238361663702e-01 8.496776368995601070e-01 3.982685396219209917e-01 2.764918942938796587e-01 4.475256150785571485e-01 4.479512817991524454e-01 9.290152448303443666e-01 8.611588773643051864e-01 7.356546280469777876e-02 2.569107479547619866e-01 2.900422264308014642e-01 3.356114398343472693e-01
3.504985673431770810e-01 1.988010604480557886e-01 2.842895567393263212e-01 7.764537316437962744e-01 5.654161343425769815e-01 5.705452641205175368e-01 3.660886768344189246e-01 9.902044321959529993e-01 1.975497060852836606e-01 7.947193166587450674e-01 7.479918734459863883e-01 1.128722690924290895e-01 4.822059816507116015e-01 4.563023639617306282e-01
5.453681703202382103e-01 8.976110605095918293e-01 4.555804359254398417e-01 7.176863059396680899e-01 5.091015863234352734e-01 5.416078227232655751e-01 2.396117818971839064e-01 4.884750759064763193e-01 7.759373311904297355e-01 5.879892094283893922e-01 1.395636912915206862e-01 4.406138321972096206e-01 6.710879580433468661e-01 6.724359357776343860e-02
2.773850928039980346e-01 1.100911899351921797e-01 8.986335878465188109e-01 9.899530519921108107e-01 4.368263454986561767e-01 6.085682858333457679e-01 3.710690788760850900e-03 6.203184638856437116e-01 1.157205368053237926e-02 9.875236208517315095e-01 3.430967640358550952e-02 7.715474077468822411e-01 9.440430142906484079e-01 6.287367064643943904e-01
7.727451156399768317e-01 5.496399136716011435e-01 1.271968420657427767e-01 2.911630305132842933e-01 7.245122498522255094e-01 1.646925538658677857e-01 5.278123856422387572e-01 2.369052691361579477e-01 9.545437291846737837e-01 9.332556410866996721e-01 6.265761767630192436e-01 1.990599994498351011e-01 3.861209573945334483e-02 1.273148531172294540e-01
6.012608534189382015e-01 1.374744922435117145e-01 4.749777783010946663e-01 8.552362384169522880e-01 4.152483492776968266e-01 3.746793749808452478e-01 4.213090485606652003e-02 3.743462599141952341e-01 9.987113941880297885e-01 3.116708959848003557e-01 7.142892190324872104e-01 6.626032954492111493e-01 1.878269445783986580e-01 9.975666245395015119e-01
8.424463873559945304e-01 8.922665599332658681e-01 3.216614725883479853e-01 9.634525388232441090e-01 2.102265293163145810e-01 9.112677290008677211e-01 9.630309236645487880e-01 3.912478512573840383e-01 3.395474763500144766e-01 8.451088354290193783e-01 8.052464523872404634e-02 8.070311959765942289e-01 7.324194162469223057e-01 4.576387665059736820e-01
8.269101596415120436e-01 4.359815074556591119e-01 9.274773076579393427e-01 3.325272995533857801e-01 6.002314269599662300e-01 3.197904391894698106e-01 4.984290560662270053e-01 1.158305071832577138e-01 1.486543142398062400e-01 4.893420687273452030e-01 5.948063664359152236e-01 8.820682911747966815e-01 3.486623027741138081e-01 8.428690354119348083e-01
3.830599198854538479e-01 9.232383698834758512e-01 9.650858416547484220e-01 9.830515825081013181e-01 9.622192782349809903e-01 4.102337281234675892e-01 9.290615648588534947e-01 8.097502250283510339e-01 8.343081776649333703e-01 9.147373125063096300e-02 7.470517779466037123e-01 8.750959743445299033e-01 1.469329700602327593e-01 2.716414511188007808e-01
8.095852603114961354e-03 4.214027981446015758e-01 5.342967705276031598e-01 3.757611659483962585e-01 7.349021065276293285e-01 7.831599552201584657e-02 3.300400098834045393e-01 7.252169283106150166e-01 8.015931165803890091e-01 8.829421768533829429e-01 2.349921858035203259e-01 2.640957762478064463e-01 6.246889583865268269e-01 6.127469906463463012e-01
9.850127344248146288e-01 3.946328951257993545e-02 4.650301326408571301e-01 6.096828860498038072e-01 8.769917465676922985e-01 7.411921446712620432e-01 8.593041294061934954e-01 4.399957242307728222e-01 7.354070870519718861e-01 3.670686279300073851e-01 4.640378889873104651e-01 2.905841590108132477e-01 8.032267560399308781e-01 9.883632107102152675e-01
8.964430062568431445e-01 9.651095132256775067e-01 4.160780271436304023e-02 8.341288766194147053e-01 7.718865166771106123e-01 4.411380097692428892e-01 9.345252403184172163e-01 1.176187252760015900e-01 8.539519421148877854e-01 3.685784271889808172e-01 4.874948065062407743e-01 4.645214636849958056e-01 1.345561229847814788e-01 7.058460890954458833e-01
