5.630284684463839895e-01 2.109176506800773954e-01 9.763290869755164580e-01 6.845639056991668081e-01 7.098094539521363489e-01 9.390171538996645584e-01 1.452142356571115567e-01 3.881084684960151021e-01 2.525753616248571642e-01 6.872299658914637899e-01 5.106068188362274940e-01 5.179050705378354102e-01 1.810487138617931091e-01 6.644567640416277898e-01
6.568847546169693796e-01 2.705668143124332348e-01 4.948499968537602989e-01 8.295335163722611371e-01 3.132986115733515931e-01 2.929930112307910228e-01 7.800958648997917688e-01 7.614637377676665153e-01 4.117031251568454842e-01 4.805344876667259069e-01 7.142219839766763556e-01 7.107693372428588452e-01 8.950399859030733207e-01 2.570027639806915509e-02
8.564254144426314275e-01 9.110376152966227492e-01 8.265768552835065508e-01 4.752562973727335605e-01 7.134416826804895750e-01 6.185637873207951998e-01 1.121959343920952978e-01 6.200712144711673091e-01 8.974431176345570860e-01 1.173516571705371936e-01 8.474314014832149411e-01 8.549498296026113442e-01 3.087452430421890881e-01 8.723801234360988310e-01
1.083311538400174578e-01 3.374915059230688685e-01 6.844661005676373478e-01 1.338940738367944139e-01 4.146976782153894980e-01 8.962409598117788700e-01 3.567270845293905035e-01 2.008158533712187666e-01 1.764816001603137785e-01 4.103221367371724382e-01 2.116379361429920891e-01 9.714408460022631031e-01 6.066878306293853607e-01 2.148365562174910925e-01
8.532905582400929223e-02 8.386646666073438450e-02 8.944508011917107204e-01 5.495498478470923764e-01 5.043083998039583626e-01 2.238404562251327112e-01 3.278342298394657517e-01 3.439920520197496945e-01 2.957487507977243357e-01 6.021956866363116223e-01 4.393327574699787963e-01 1.963585923767884323e-01 3.817763163791786374e-01 5.713953779409550737e-01
6.995126125681427887e-01 8.962416228245864147e-01 2.036997190475657860e-01 8.739369290012743985e-01 5.896433193210430801e-01 8.027347729545242228e-02 6.515032141059761139e-01 9.776296933805364020e-01 6.454066738857077157e-01 3.866445294289441170e-01 1.360103553411828869e-01 3.004287953861003446e-01 8.953322672944817873e-01 7.073967823904429020e-01
3.923220114933645419e-01 3.444334023431213643e-01 6.076550245562702957e-01 1.137149279287318349e-01 7.319398468181229633e-01 7.647500366827527651e-01 2.798286753618292044e-01 7.661325520452137994e-01 6.784803476441980674e-01 2.358804792360530422e-01 1.377280574399982749e-01 6.568012781586503035e-01 5.883930379308134340e-01 3.712967671190045005e-01
6.300709477350827648e-01 6.124193768028163287e-01 9.854559672599177977e-01 6.613817568213368192e-01 5.293081519639997179e-01 2.462613429755846628e-01 7.286896924003989362e-01 5.106381710287328790e-01 5.719714978974698161e-01 3.436231717714224310e-01 1.005651924367505501e-01 6.268170574262631467e-01 2.646217151355502173e-01 7.578601173645818090e-01
7.289830223854080193e-01 3.340869044458375514e-01 6.032631394870254793e-01 3.787555218518298128e-01 8.296518180411895926e-01 9.243175071778210183e-01 4.678811974916429195e-01 8.241304630839938472e-01 4.966125326451996669e-01 1.549792309140736180e-01 4.367158319975281699e-01 7.141548427811641453e-01 4.037348243157732330e-01 6.086770749385747026e-01
1.692611118520672697e-01 1.592935934742414350e-01 3.412089148430674790e-01 4.816957564234350953e-01 9.440933739022409066e-01 9.863554531838611972e-01 1.665607044080897881e-01 5.565662643373612273e-01 2.946280376044331240e-01 4.586528818408603936e-01 3.624854860116863975e-01 5.060768255762049250e-01 3.708008894557141000e-01 1.810421190134957614e-01
6.362736254749943310e-01 7.167318976597001345e-01 6.335331387228319011e-01 6.012950606401655795e-01 5.645559165136213586e-01 2.507433990796753553e-01 4.892125854263814633e-01 3.210763974968307011e-01 2.323231443828588372e-01 1.709216034759855063e-01 3.231657568933228308e-01 5.686643098676645858e-01 7.846224941551316334e-02 7.489755076614001972e-02
3.189732586629279165e-02 5.512855932506111056e-01 1.147111253379951012e-01 3.858098499259809966e-02 3.601470044388390690e-01 4.770371461159924609e-01 1.793476644537767006e-01 5.561230847460574278e-02 7.788627080578974793e-01 4.591268592270886240e-01 8.077130898041404716e-01 2.678964651300054234e-01 4.295186997577319366e-01 6.322088162404161382e-01
9.920391076378983763e-01 1.589559751138760468e-01 7.321152938105426333e-01 4.137322576961622866e-01 5.997151988781916909e-01 9.262408853848951296e-01 4.909999146210083376e-01 2.747038833453951945e-01 7.393047141659204735e-01 6.174402376485498278e-01 3.705876262621852213e-01 9.599845050888548004e-01 4.303562338392445952e-01 4.872388726105847390e-02
3.966290203677327320e-01 9.374508263143984665e-01 9.742399494117577330e-01 5.186354271818762740e-01 4.984024892154107489e-01 7.913986947232376501e-01 6.995891056660019647e-01 9.086228692903430826e-03 2.089012779472396719e-01 2.314507691678521217e-01 2.475847289064166956e-01 5.597388392137879753e-01 5.950848843083685891e-01 2.822346855754301886e-01
8.174071424943000208e-01 5.949549806193560331e-01 9.531485456769923648e-01 8.661263962717932197e-01 1.626373077075647933e-01 8.705297774505978969e-01 8.745681543232113331e-01 9.710304366611856031e-01 9.930491602084623448e-01 1.595191654313721230e-02 9.053346858920695572e-01 1.898650872594406236e-01 2.310268981492725748e-01 4.921695684924276559e-01
8.845170989187366439e-01 5.312935443749439157e-01 6.852057598238614489e-01 4.266478294469500110e-02 2.049717100129422320e-01 5.894533268485667721e-01 1.928449763622102076e-01 6.574030538839387150e-01 2.333427385435169477e-01 4.364581263491355001e-01 6.720607871735592154e-01 2.026387869358117211e-01 7.111192159411744429e-01 4.220731090331826252e-01
5.519541572763084769e-01 2.768833979253668698e-01 2.283160506498851383e-01 1.680359958819387378e-01 1.172008963641920642e-01 5.438548746828619773e-01 4.427430956775779691e-03 3.550482292168658516e-01 8.267159453233499100e-01 3.588243152193401064e-01 1.737872147881412976e-01 5.012031611401355224e-01 4.100180387190257569e-01 2.123602319992564658e-01
1.227079086166813493e-01 6.800162237443948543e-01 7.280462264747306067e-01 6.315915043462254630e-01 1.376102536523937658e-02 4.402185749849326646e-01 2.193436616871532463e-01 9.797442568321573786e-01 9.627733015469597255e-01 7.430882560440236206e-01 7.059889336944513705e-02 4.867324213982682224e-01 7.854854311162914327e-01 5.850453418022560914e-01
2.108298304536390111e-01 9.114365446270058513e-01 7.309523334218174240e-01 1.359189323043219488e-01 6.197923358606716171e-02 2.573923468302842243e-01 4.206300832987215355e-01 9.206998432859780923e-02 1.848526450056310333e-01 3.536443613979045608e-02 1.004342537448028594e-01 5.034020613989756976e-01 1.134120041955991587e-01 3.468092781095066801e-02
2.715771251415145526e-01 2.803009346483176234e-02 1.555790002692373220e-01 4.300321256105921197e-02 8.501352707410853027e-01 3.405067911924741786e-01 4.767070054058097917e-01 9.803828304123487491e-01 8.273172099315073691e-02 3.055737267771407861e-02 5.910623927188741744e-01 2.016098326465043389e-01 5.019366211748164108e-01 4.912670605342750463e-02
8.983058962243398726e-01 1.643900882043860534e-01 9.959984572374910305e-01 2.344390123239616930e-01 1.507932408000104418e-01 9.512811584270005616e-01 9.274851922358454681e-01 9.234107795512722650e-01 1.676445524365262063e-01 7.665074403144144233e-01 6.233514794271504122e-01 5.532548522970429650e-01 5.455728473228651509e-01 2.645813056587493772e-01
6.816879588051527605e-02 2.094844274855245381e-01 8.416280485028482250e-02 8.056080244268705171e-01 6.642719451165183253e-01 6.530301576110523198e-01 6.616891647413017941e-01 6.853954909447113053e-02 8.009076006837776429e-01 3.035748174147527845e-01 9.902546050092724261e-01 5.853219083737228878e-01 4.960802086602154048e-01 7.360700027987704397e-01
3.274919356188120689e-01 1.388437107891846711e-01 2.279772746711592468e-01 5.890253224777277641e-01 5.093589326365243197e-01 9.169165376908424703e-01 6.694541970860503621e-01 1.741870645493082126e-01 4.162205509203061871e-01 1.445633174932166032e-01 6.913571342142339482e-01 6.089420934857674439e-01 4.969312147044512296e-01 1.658335796807827167e-01
2.888693592755936512e-01 1.106565610211880379e-01 7.909105101620019784e-01 4.716347652092554021e-01 5.381851514122347746e-01 4.089976180278138695e-01 1.679639199047591180e-01 1.343164145250411723e-01 9.846018519312994544e-01 1.207541738021753464e-01 1.135088996836112196e-01 1.582259883983164750e-01 8.983134004439348175e-01 9.805818562703149111e-01
1.889711559412068365e-01 6.729250301963662917e-01 9.795841853787228271e-01 7.127779968251003462e-01 2.838967430747675325e-01 6.827030604494799260e-01 6.334945665957570915e-01 4.120963159325307101e-01 7.483009845303658647e-01 3.994514194890831371e-01 6.434898290937314247e-01 2.857612765233181751e-01 3.795498673811881218e-02 5.926541237252016536e-01
4.736528841037552784e-01 3.922423193733040048e-01 8.502835801520569614e-01 3.953431978430581584e-01 7.597165683467685948e-01 9.663271241315956050e-01 7.138024625071639484e-01 3.226661308088829561e-01 1.827086042383085918e-01 9.143056917297439634e-01 4.624570348589188695e-01 3.137247671631900880e-01 3.536672774916165274e-01 4.559540157217021328e-01
9.562110161759259652e-01 1.485568060304568450e-01 8.543691188804067860e-01 1.965842658736183246e-01 6.776113156046871255e-01 7.112133467263412889e-01 6.033093011665842109e-01 2.949727355081106506e-01 4.167149003808806595e-01 2.112325867789980327e-01 7.393663689588159116e-02 1.927832664855474443e-01 8.598395237476067487e-01 8.995127835012514117e-01
9.791545885729270315e-01 4.667101889114682045e-01 6.768940748411579333e-01 9.343570246346356578e-01 1.998062014969597122e-01 3.982076724676250068e-01 3.322114611559214836e-01 4.981610094366450969e-01 1.950940540653075539e-01 7.394037317214791072e-01 3.858928905397684961e-01 6.206994993493131219e-01 7.965369927376099168e-01 9.881273567697856919e-01
3.084737647918286418e-01 7.314775023356957506e-01 7.087299254510509572e-01 3.327592585936524072e-01 5.060987244965005072e-01 7.468497592645563232e-01 8.042612015600558717e-01 1.579560567429794116e-01 5.455301547166332421e-01 6.971760698205774487e-01 8.219182450043641674e-01 7.592109360161123366e-01 5.194896025278300522e-01 2.265676990252936118e-01
4.379332981661304691e-01 1.126538116640281029e-01 1.141273252087521284e-01 4.259424428957221398e-01 3.669230174249357157e-01 7.364360629933464075e-01 6.504074325630690989e-01 5.596329685624357175e-02 2.746909492634224126e-01 8.341140180481431132e-01 5.048545056850366475e-01 6.260060824852693440e-01 6.244813308438524890e-01 8.584513437062748498e-01
4.332291173221675118e-01 1.641844530423752779e-02 5.566483008104931018e-01 7.281126176145044093e-01 1.444417658337338040e-01 1.162698146468167382e-01 3.094171795185713947e-01 1.135037226905877272e-01 4.632579628257531557e-01 1.926232313690225961e-01 4.420557779414853172e-01 5.832369765448436327e-01 2.232979968265880188e-03 6.739031367303986997e-01
5.067053423137221069e-01 6.958310629687119997e-01 9.519958016562291014e-02 7.317964780180203910e-01 4.805436339097823861e-02 8.237724276890514563e-01 6.262448822042971930e-01 6.936187697756796000e-01 2.463569764611309720e-01 6.000374234280343444e-01 5.425576340177795664e-01 8.559906350268049469e-01 9.578324944276472852e-01 9.111584944952064724e-01
1.071905929092868970e-01 1.132060531355469912e-01 4.607885675754954669e-01 7.070865665861358895e-01 7.418859715102775754e-01 5.753907355419872749e-01 5.971983580649071754e-01 6.072022223871531565e-01 9.608781675156459201e-01 8.351724466849703710e-01 9.881245131896985168e-01 1.947547699568126234e-01 4.491627028368768704e-01 8.088232642780559534e-01
7.203495129108639095e-02 5.187919636987297078e-01 1.325541947552675293e-01 8.372685458150315174e-01 9.831401550531702060e-01 2.330783805046908741e-01 3.423006943547337588e-01 2.431363185627510859e-01 3.279920062554055882e-01 1.507389367448529471e-01 3.004385654970201935e-01 6.858299984872506805e-01 2.276902431215815925e-01 9.945129147658077207e-01
3.368954343081492775e-01 1.132899682646837380e-01 3.208789860732930155e-01 1.661866658284308906e-01 5.753673881607749285e-01 9.317690553520092678e-01 2.545509457682627596e-01 8.977103912509015737e-01 8.122151732532453261e-01 3.409410880801950761e-01 8.334058868895638517e-01 4.552121954879441157e-01 5.232696810805892440e-01 3.745632512974890194e-01
3.496224469363728993e-01 6.823015586975700320e-02 9.254394373358530990e-01 6.546125691074918818e-01 7.792767867743388699e-01 4.228468465505250684e-01 5.093189691803162722e-01 4.281898589461136106e-01 4.966915446006018309e-01 7.366161521703065151e-01 4.413656002651875632e-01 8.813364412027001604e-01 5.703413480371655186e-01 4.674437122250258980e-01
5.574895779782997884e-01 2.521265096046581000e-01 5.018642915168393115e-01 9.656110626936522667e-01 7.828270688973901770e-01 1.529026240787709767e-01 3.308081002712357499e-01 6.797790281953044467e-01 5.322450460560984586e-01 5.428339925538999688e-01 3.388929511565815789e-01 7.437427229245473503e-01 5.893782953269455227e-02 7.182076510250008372e-01
2.627998642296560661e-01 5.806330446534931911e-01 7.502721759697481563e-01 3.179111525033118113e-01 3.080054789983256436e-01 4.757223352462035537e-01 2.888071539354055695e-01 9.580530307300638704e-02 9.579123969509183434e-01 7.667369900040743591e-02 5.144561566134822073e-01 9.901592107767503981e-01 6.088024371807014834e-01 6.709660463737461278e-01
4.404486467542623185e-02 1.912929007687075300e-01 1.143796165892342342e-01 7.474340174205129639e-02 3.033592067863425390e-01 2.862535151617586759e-01 3.341930970989381855e-01 5.069975037707983301e-01 5.749862464322523792e-01 9.433881309205913723e-01 1.833399289864001691e-02 6.365966648106609060e-01 2.645903306680000844e-01 8.009150437456014071e-01
3.981377308939706428e-01 9.188139986429706418e-01 7.770913685442666363e-01 9.457638167723233513e-01 3.132944222181963667e-01 9.556756296641627513e-01 3.013464806367688320e-01 1.940818678674628428e-01 2.151493280779326334e-01 4.437485335891478977e-01 3.303497045125201037e-01 2.250807302940772692e-01 2.680059486037912331e-01 5.939950320432041408e-02
3.471223138183281431e-01 4.953694952335001567e-01 6.425237189847332608e-02 6.945188024565602802e-01 9.348997821339799508e-02 9.744810358016036123e-01 7.552554137053359984e-01 1.710344329688383569e-01 4.121380364793564288e-01 6.585738529230061866e-01 5.256303960880561732e-01 6.051829000989866758e-01 2.730560910523120999e-01 9.048511436994746138e-01
8.721653216784968077e-01 9.222197162086686051e-01 2.575229095613530417e-01 4.513136937498033463e-01 2.779156541121423629e-01 9.077200594227186059e-01 3.707286824526545566e-01 8.421634120073082652e-01 4.470266925766963606e-01 9.769259444295657069e-01 4.395570731621880611e-01 3.149954225201170299e-01 6.817780885132883606e-01 9.325341296053138995e-01
3.363385500394380223e-01 5.278639063470782489e-01 7.312344039360514358e-01 1.257966939241625948e-01 2.273422891304732740e-02 2.425309697334421255e-01 9.635551741591508179e-02 9.682548392934461345e-01 1.725965260839636972e-01 6.442867884743146423e-01 5.244889553984499742e-03 4.664918050142037309e-01 4.912648198228751761e-01 6.514656699559367992e-01
8.222112133486386698e-01 2.894631999998893424e-01 6.045446368757303457e-01 4.412689855526513716e-01 6.274709192921185119e-01 3.344085560888151454e-01 6.488717824025103109e-01 7.254819701498884665e-01 3.994452809374674507e-01 3.229200012756228144e-02 9.196243326976869525e-01 4.149326580287204802e-02 8.950174216095617696e-01 3.337801025992026549e-02
6.458258777602350342e-01 1.126539368378376427e-01 6.188124290265312188e-01 3.235406020220007450e-01 3.531233180607303845e-01 5.504987714127265175e-01 5.116768717416090295e-01 4.335628965720418337e-01 8.716684721105837363e-01 7.729787081176408003e-01 7.705995161233271107e-01 8.390698483269987129e-01 7.498048299716236764e-01 8.037774350512624233e-01
1.425914012504746475e-01 6.242328745888908736e-01 5.315394867161743475e-01 7.773104895904922040e-01 5.439309651188004580e-01 9.427417138220828274e-01 5.512196976898919853e-02 4.502843093968007526e-01 1.330762391821947999e-01 5.017515872164695079e-01 9.293033988184995486e-02 5.454106350933677350e-01 9.585359039973965212e-01 1.583000181921362381e-01
7.416027630242165714e-01 5.727014832219101681e-01 5.065182338705330745e-01 3.956301066669164479e-01 5.197586992389279237e-01 1.728308549757533452e-01 3.745337112596980322e-01 5.751299860472638414e-01 3.902081354033479776e-01 5.550841332645026771e-01 4.596383686167012650e-01 7.396450995920328397e-01 1.184694580458318658e-01 5.398113817103713519e-01
1.303714216797686731e-01 9.931307223226255587e-01 1.124263786142792876e-01 5.628992905824617976e-01 9.828166154694842893e-01 7.504605658187224471e-03 3.655044425877603809e-01 2.069950173073804578e-01 1.181511711801416231e-01 5.252456480271128214e-02 4.148009431199831676e-01 3.067777991557247841e-01 8.716403659811990945e-01 1.866872708639247813e-01
9.173592188997451435e-01 4.911168611446458110e-01 7.026677234986116183e-01 5.422178153215495566e-01 5.253430526406804857e-01 5.879708315304343902e-02 3.677158700546686587e-01 8.417347663723119267e-01 8.020009879285228127e-02 2.488587461129824208e-01 2.923908258434744223e-01 2.236809609837608903e-02 7.690227010282976172e-01 2.067785269648425572e-01
1.423770411916476242e-01 4.136364119140334417e-01 5.571710494803145952e-01 5.028907387075498558e-02 7.895383609610628906e-02 8.929107533669977670e-02 7.513660686859821025e-01 9.905630071927602476e-01 3.609481268564884715e-02 8.968285617258152653e-01 9.389926566874676750e-01 9.394268720212233248e-01 7.801643480760208638e-01 3.298033703676738204e-01
