5.169358628770590602e-01 5.710426784908531062e-01 2.858043396699272432e-01 2.032802249096306024e-01 3.175018885391146517e-01 1.414390014371469384e-01 7.940055857483721002e-01 9.291199158903196142e-02 1.240755898636919374e-01 8.735799259060522681e-01 6.435559960892769382e-01 3.644086318343169317e-01 5.492182817061529443e-01 1.066962480763640198e-01
2.610638231070324666e-01 4.064525667854631541e-01 3.150177478301946499e-01 9.809155952580996818e-01 5.506794252550362145e-02 1.929965021911623779e-01 2.063737117847930236e-01 8.976272938093281528e-01 3.041940760423554879e-01 6.423263373436874923e-01 3.488290201950744462e-01 2.831503696049817442e-01 6.355079180335643230e-02 4.874821288249113760e-01
1.570918106686730598e-01 6.635111263308204332e-01 7.328744271995036863e-01 9.090334288321547662e-01 8.133426619535429891e-01 8.156359297076921644e-01 3.796097456721641006e-01 3.009424098621936716e-01 3.745568176275677619e-01 6.836961327769778274e-01 5.714979449716037774e-01 9.153383698800718893e-01 6.281540583124540778e-01 1.566439748911038210e-01
4.201848622128945276e-02 3.563270397803155465e-01 7.462145053119714211e-01 7.922602861661210971e-01 6.929337623790631229e-01 1.917226262038086437e-01 2.045081459239281862e-01 3.592623924695803606e-01 9.094131609818333351e-01 9.370858097289733735e-01 1.285675027847613672e-01 8.464644799461397140e-01 5.470148763732346486e-01 4.225518955867186843e-01
7.682499412100227687e-01 8.861160082604292443e-01 2.426136144709282183e-01 9.381760666118379444e-01 2.736285374256763880e-02 8.413002362632437947e-02 7.439539377203108206e-02 3.488421011433645580e-01 5.175444931080397382e-01 9.233779984365695359e-01 3.236866264340627630e-01 9.257421246821629923e-01 3.351797011000863247e-01 5.980007833505166515e-01
2.393291862211305299e-01 8.528161449341120637e-01 3.961605144003129686e-01 2.323892550679516056e-01 5.607394882007532555e-02 6.672519061576520638e-01 5.787851663789544965e-02 9.085189710500896076e-02 2.725582675237387953e-01 7.425056782234525921e-01 3.457160328376939207e-01 7.644013738225341470e-02 5.452218081293158658e-01 4.363949537158962055e-02
9.706472807920639712e-01 4.428264917970199388e-01 6.425227527336959676e-01 3.072805651289414186e-01 7.993338218956083097e-01 1.837139700719284674e-01 5.965435782206329751e-02 8.259926532243178077e-02 9.302138073862924461e-01 8.613152716327635572e-01 3.252208933764243470e-01 1.584086768646244536e-01 7.891823988920735333e-01 4.358427338176932286e-01
2.216633021097530465e-01 5.148229245690916223e-03 3.670976956820132253e-01 6.303494938003664227e-01 8.637638814052474023e-01 9.083435112272889578e-01 4.131435529993099376e-02 2.559249827793180776e-01 2.496765506133025170e-01 9.590036196832475435e-01 3.842939706208448047e-02 2.104738942105561783e-01 7.233118776161076013e-01 9.600425963435732513e-01
8.378363363765493066e-01 7.400816651500885524e-01 6.041156164849292853e-02 5.901848125735628114e-01 1.196005884286808207e-01 1.965320426547103594e-01 7.513116291559993609e-01 7.173233419424429602e-02 8.351008926022407408e-02 5.279485002554935580e-01 3.112408884236668172e-01 1.115451157237676849e-01 3.433114880036903793e-01 8.864359643192090132e-01
7.341961967911837528e-01 9.304637769669350522e-01 7.740429491110205618e-01 5.824466121481052250e-01 3.468872534422973164e-01 8.833733573650389692e-01 3.258989555368706492e-01 7.810170868133208266e-01 1.114083038313148366e-01 9.786079675769557840e-01 4.619377817047024548e-01 6.230087778703498058e-01 2.056119160290940107e-01 4.318661024478409605e-02
5.083300866289730546e-01 2.302441620513648868e-01 4.679957067834552564e-01 3.979562127214955058e-01 5.399405918356345868e-01 3.127138079195479481e-01 6.827914421909015985e-01 6.137812246642766478e-01 8.743988343004834851e-01 3.205031550338518498e-01 1.484038190573181426e-01 8.861860974266311253e-01 8.398868064578901560e-01 9.117630166682180182e-01
4.331719490176355603e-02 4.718257425569996055e-01 7.102834096653947160e-01 2.915635036941546243e-01 7.297277199735696662e-02 4.812323155956782506e-01 4.465948048830634676e-01 2.151885629302878744e-01 6.222467717512819574e-01 2.760028102676398420e-01 6.171914242844667164e-02 2.708295472619407507e-01 3.642735838473287746e-02 3.886148348653385431e-01
9.309266455091791403e-02 8.830788975167426225e-01 1.401624129163048238e-01 7.501824185362727659e-01 7.098901156030164028e-01 1.690263623389132164e-02 7.814913827858191997e-01 2.886142492475126664e-01 7.524060895336626142e-02 2.412653051271473892e-03 6.989393528663452315e-01 4.842842653001133701e-02 1.819407327311591827e-01 7.692623671780095540e-01
6.315875281233473970e-02 3.853540757320292887e-01 1.031225039673437927e-01 9.143289885697811759e-01 1.767626083667628301e-01 1.766788605943788726e-01 1.629309701333863103e-01 8.915549993959643871e-01 5.325865597390555539e-01 3.280375274118401130e-01 3.004406455442614199e-01 6.822233800021505479e-01 2.628948735887647326e-01 9.803863608170417798e-01
1.246157359592847680e-01 7.080848893670662614e-01 9.500282057528067758e-01 8.978060857785700177e-01 4.306542293955506473e-02 7.735041165109257655e-01 9.692062387128542733e-01 8.890192865373665043e-01 6.612500245340393601e-01 8.924369315731228713e-01 7.536911437430257044e-01 3.819603278300572891e-01 2.640498803758386526e-01 2.105239620139026657e-01
9.921054869849940117e-01 3.439896703948175372e-01 7.965220613603354316e-01 8.659166990914983764e-01 1.744740581419442771e-01 7.868448065058337715e-01 6.231035103405061504e-01 3.244723594681973022e-01 8.663894885933328682e-01 5.706347979009734894e-01 1.264665540066379767e-01 6.263969701686582514e-01 8.107312816790743781e-01 9.934966655198643748e-01
7.829961803691878330e-01 8.071624300605685365e-01 7.237282934620949959e-01 8.963803969703099117e-01 9.255098249453208581e-01 5.502647366905168980e-01 6.135596489445490631e-01 6.943002081874175557e-01 4.594808459974463188e-01 5.819568985275757056e-01 7.913784533361195583e-01 3.172456661058100646e-01 6.508299392303200648e-01 6.396143010687432851e-01
2.910057306015777501e-01 9.657593359575978864e-01 4.559149414747776241e-03 4.200365298950040627e-01 7.471965787225350875e-01 7.938607506203091413e-01 6.719364858212641956e-01 2.504709844679664510e-01 2.586713660875503695e-01 2.474265937515831570e-01 7.557075734398143174e-01 5.881124566092528205e-01 5.637292911504243609e-02 8.888124192490856057e-01
8.206110786451199512e-01 8.460095652613409678e-01 3.116365149202691143e-01 5.530753267277068730e-01 7.919906446695799129e-01 2.463737445521799740e-01 5.352815640720570700e-01 2.743426772025788773e-01 1.088791251292359208e-01 8.937371800881802608e-01 7.669591453425970151e-01 9.231871799837529924e-01 6.035558777351008874e-01 9.244208702538975198e-01
7.256424827201750638e-01 2.412782621040745479e-01 8.155817024431735174e-01 8.628657255294961415e-01 3.327322245699294578e-01 7.055147729696712444e-01 3.717638610535952681e-01 1.936687227434248371e-01 9.879325340465913152e-01 9.249303082061298698e-01 6.112763684384878715e-01 6.554222842768586688e-02 3.377037517494031471e-01 3.404763904216209225e-01
2.424661178376711357e-01 4.087707885545418529e-01 5.161852602702646786e-01 5.663728468413806727e-01 5.947834610766901120e-01 9.066544401878674497e-01 9.538518936877133925e-01 3.471502590804168564e-01 8.578121273114726053e-01 4.268525570478863829e-01 5.207966766119966895e-01 5.334227663063950686e-02 8.929846703148136555e-01 2.914650829227224405e-01
4.542643836506223831e-01 4.728468036239038552e-01 4.937683585990118029e-01 9.320123651664257158e-01 6.420823226234629866e-01 6.780540749003838297e-01 8.940875263076077939e-01 6.216107089633889915e-01 7.951011113585584322e-01 3.843485924394374198e-01 2.798533205656008604e-01 7.690663998358993059e-01 7.641715971463391988e-02 9.326529136459028591e-01
4.418427715825077318e-01 7.551948254986841080e-01 3.914993792590537591e-02 1.306753289320180533e-01 1.095572555803230319e-01 8.222152321417240950e-01 2.179212137354191725e-01 1.230630548288483839e-01 2.563214352183854627e-01 2.713771327438602166e-01 1.529165445613827057e-01 7.097667147829616052e-01 3.629378044741209397e-01 7.878731849158286948e-01
4.027360134751204468e-01 4.926679068368802206e-01 7.732544393743040478e-01 5.683546938878447641e-02 3.133928914076089534e-02 9.193054910458445805e-01 3.008625465369326735e-01 4.982145497608210238e-01 4.368931585251667471e-01 4.023378462969002811e-01 6.692535659943885662e-01 5.686234367606090023e-01 1.867888403708639622e-02 4.849851995010255878e-01
8.037208548754111170e-01 6.469064472158452261e-01 9.891551255497785800e-01 2.418980021195282770e-01 4.690076645633145525e-01 9.216365741098286879e-01 1.055537003147620778e-01 2.240931782712345388e-01 5.137088319072998788e-01 6.812421709274052439e-01 7.315669573327269193e-01 8.297565076283099916e-01 7.549812984086956558e-01 6.052553310840990131e-01
3.710485821990742172e-01 9.023170715929318408e-02 2.084957972030411222e-01 4.657062018686366489e-01 6.448439869799602597e-01 7.793634120084356187e-01 8.158353595836224104e-01 2.442146859441763906e-01 5.772913836000145293e-01 3.454961444876114562e-01 6.837373859024113987e-01 4.387082374691034792e-01 2.614279554460279265e-01 7.153320329836473368e-01
3.989062960221612109e-03 1.755076320159353331e-01 5.383671229886161091e-01 2.647512601853677650e-01 5.208061066513398618e-01 5.391486764312732882e-01 4.839132128820178291e-02 9.639128281945834598e-01 5.032966951093235108e-01 9.597371881580196717e-02 4.516740027193459905e-01 4.888171267721478364e-01 5.475109301414856633e-01 3.517876791920413471e-01
4.666915781186239398e-01 4.399364850142796213e-01 7.064921056777250241e-01 8.007297809187384763e-01 8.529171134887280070e-01 5.485961988597636285e-01 8.072345527197397619e-01 8.177676700503225815e-01 2.501979860335823425e-01 9.705983781016116474e-01 9.310296136747234774e-01 1.045502869801776535e-01 3.390111986771633390e-01 8.096060602180872312e-01
7.430790035798070514e-01 2.542258677280347934e-01 8.917212526408404560e-01 9.790640199878393179e-01 9.560036603790128540e-01 1.395768782235140559e-01 4.990984560233612255e-01 9.255790379748434216e-01 2.266470768875544772e-01 3.294312727350827696e-01 7.888408131523906297e-01 9.287365036384397365e-01 3.327778492847777159e-01 4.640828115734374482e-01
6.585622267051445267e-01 1.855527465279281918e-01 5.702562583041971278e-01 3.656003222213942694e-01 2.253677587313138719e-01 3.202551203689253390e-01 6.832998162123993247e-01 7.858756871445384817e-01 9.127577971664661005e-01 2.853967629973697129e-01 2.290619831485850577e-01 9.840147532256582341e-02 1.194355501658694862e-01 9.978427683179705854e-01
5.688209091287562691e-01 5.850949046225292216e-01 8.686717551521050407e-01 1.615988746803458387e-01 5.768143315881144595e-01 7.072562613222316275e-01 1.972389090539963252e-01 8.273252259759965588e-01 2.767709341861818162e-01 9.298311008779995834e-01 3.520079510230487152e-01 3.887202436819133800e-01 6.954825264002524321e-01 2.064962598082220602e-01
9.596014432833732677e-01 5.188592535093228264e-01 7.111448279449021914e-01 8.156160541299114497e-01 9.218191789590715057e-01 2.274995995507840263e-01 5.388437221012797318e-01 5.168823657954068063e-01 1.287684910695453544e-01 4.040557791827650291e-01 7.264913869666344004e-01 5.982796049434394581e-01 9.814374177278475386e-01 8.824806578219219766e-01
4.896509688670050986e-01 6.979616575275925383e-01 2.433517840588379499e-01 2.455824013362184477e-02 4.550340179188712142e-01 5.069260601363371199e-01 1.243868147964259929e-01 1.784747819814447301e-01 7.303991555410659364e-01 2.542371950004403969e-01 8.041708586904147138e-01 8.189029000243358558e-01 7.355585480444004620e-01 9.394550928626830277e-01
3.424385352515174619e-01 7.734672958149348965e-01 6.729323810046362597e-01 1.836577224206827896e-01 5.603610495450674911e-01 9.190168064949026938e-01 3.207695428660040093e-02 7.916644131359014125e-01 7.392390152969219308e-03 6.880117330935947573e-01 9.950916908855939047e-01 7.029533792731509356e-01 2.532760372418663142e-01 3.305682991926545133e-01
1.301205574413494270e-01 4.307564551163225453e-01 3.517334154510488586e-01 1.600577367437495679e-01 1.528853446544999883e-01 8.299634200295525899e-01 4.386523964043687052e-02 8.656609532280263863e-01 5.728461382979185279e-01 1.321605085919836942e-01 9.710331721803910909e-03 1.283209610165634285e-01 5.759513027899674231e-01 3.626476758609353812e-01
5.112446062999721486e-01 8.157818615181108290e-01 7.325998314569054370e-01 7.753891809878986630e-01 1.153464782497555241e-01 9.941569421754291591e-01 4.471369879302812267e-01 5.887009128728668550e-01 3.880891048153801703e-01 6.986226305135545545e-01 5.774296030044829831e-01 4.981461536488789310e-01 5.305446713631299938e-01 1.200343258735074858e-01
2.031694608777652178e-01 9.002568635233674232e-01 2.709222063600497110e-01 7.362902837542454337e-01 2.663149289821022947e-01 9.747521050892097305e-01 3.292836551061756323e-01 7.145409476897506273e-01 7.113584303801373521e-01 5.184314112384155182e-01 4.525305356210462815e-02 3.684692193748215772e-01 9.334893111819226874e-01 9.382044628986890844e-01
6.492358108384691517e-01 3.751888109524432746e-01 2.091749372743660906e-01 8.628317856689223797e-01 6.672290013071199288e-01 8.624213363641261010e-01 9.756717400526219164e-01 4.671419435797871111e-01 3.805901062871788199e-01 2.560160057601021943e-01 3.115430856979313212e-01 9.236105839114269189e-01 2.860339925617759738e-01 7.656698354209829915e-01
9.225395015421108402e-01 1.398899869624350423e-01 4.714763233034456880e-01 6.705757789631718868e-01 4.454725864602308016e-01 7.105395809919955452e-01 6.235867314610716861e-01 5.138762336360556127e-01 6.666243766080603983e-03 5.922291910865273845e-01 4.974721489798350493e-01 8.473704077152108827e-01 7.038040566708569923e-01 5.651633218620046861e-01
9.466561696687866290e-01 8.193306008899658988e-01 3.909494688640896554e-01 2.458363769597422532e-01 4.102542941115393527e-01 2.618508651250504027e-01 2.447059202315811088e-01 8.780804252645412200e-01 2.696031799777308668e-01 2.736999734556860853e-01 1.704496771768788665e-01 8.400462787976813450e-01 4.258861900969423964e-02 6.205629126760825454e-02
1.605227656362117061e-01 8.459934655955576588e-01 1.527704755352488064e-02 4.081323266453962262e-01 4.578909819546443938e-01 1.875227652397252198e-01 5.658809445678427696e-01 3.594926910615461324e-01 8.417622118312739765e-02 5.478518326910626346e-01 9.386488799264410821e-01 8.023406648942380537e-01 2.325591300272806805e-01 2.645963288652077861e-01
7.157952018792153037e-01 8.939732898117843662e-01 5.840887006350965471e-01 8.352917672712824038e-01 3.139194836040755110e-01 5.013895544687541062e-02 9.946817288644791422e-01 8.364190879899899844e-01 9.265073038307005682e-01 8.362775955347155898e-01 2.161368238814758147e-01 4.202053864685236784e-01 8.799119311192074022e-01 9.422126225951066303e-01
8.472506315536783017e-01 2.414661324325773073e-03 3.452804804126754501e-01 8.232018972962150682e-01 7.777504050499775001e-01 7.527959610151713221e-01 7.456591585245184728e-01 1.803956144381301252e-01 1.263460408415280067e-01 2.219263324373211832e-01 5.300656077586428649e-01 6.625323866382069049e-01 7.063414449325343680e-01 6.403825658087691775e-02
2.979159188500954958e-01 4.929970206129484778e-01 3.763050524222073534e-01 6.906011603628210427e-01 9.102676767157574789e-01 7.924511745481038760e-01 5.804893822153972538e-01 8.769447215697404596e-01 3.203067794664341550e-01 3.200812488033019099e-01 2.617319843438815630e-01 1.449470628777238534e-02 9.239487228142717612e-02 3.880309187398077730e-01
5.563069499814308205e-01 4.801705273321492662e-01 4.611702506636206067e-01 7.313589789806700381e-01 1.318907811202586489e-01 2.070996109720026901e-01 4.667457571559291418e-01 5.319689387859070084e-01 7.266400255506918482e-01 1.547763281311868022e-01 9.180586104348958942e-01 7.997480930744904626e-02 6.401621644251689336e-01 7.526033984122327825e-01
2.191974747809877222e-02 2.281602386354888434e-01 3.229147146166104765e-01 9.404079752084332222e-01 4.388585720295216097e-01 1.403950993026648053e-02 2.221525247651541246e-01 8.714687109941731125e-01 3.450584031309897881e-01 6.492954921734361839e-01 3.301524372679744967e-01 3.029546608290994980e-01 6.974320216675305995e-01 5.888759896512123504e-01
1.676364384855488776e-01 7.893188420698231678e-01 4.229618668368869683e-01 4.849414931213149593e-01 8.300812110986910408e-01 5.483691049760217595e-01 1.158904176153942034e-01 3.299591697404987700e-01 2.295446145508103220e-01 3.685701847050143476e-01 3.803006517061952030e-01 8.281076006384733290e-01 2.824435691381304014e-01 9.433071991854368177e-01
3.548561870201560886e-02 4.019722200230499976e-01 1.692514477746502877e-01 8.725134966959567917e-01 1.674253291317798764e-01 5.508947507117339937e-01 8.073011826532012769e-01 8.854096795938960485e-01 2.342257599428194670e-01 8.391579895432069724e-01 4.230221050944180661e-01 5.452161874413886666e-01 7.268333294976030423e-01 7.916393358740055897e-01
4.928063987809178093e-01 5.523778347176430126e-01 3.598048997847103081e-04 6.862609999699222918e-01 3.263180248775808812e-01 9.821731966782168977e-01 7.186867059102421962e-01 2.084389829531250182e-01 4.455761346076974050e-01 4.388312399463766278e-01 1.134727899419186725e-01 8.314933438338001359e-02 8.378636634941211137e-01 8.812907010015214038e-02
9.325902145141705679e-01 5.882449118772736796e-02 8.840724076255087605e-01 2.101860126947102669e-01 8.068489968705898630e-01 9.407586580545193033e-01 3.806383529840910995e-01 9.747923363293888865e-01 7.871658832079387880e-01 5.592867404108573526e-01 3.578848333801211146e-01 4.926313436926421652e-02 3.502942987332472446e-01 5.216307250775197302e-01
