2.581649404676483739e-01 3.356204256070445258e-01 9.422229187523279981e-01 1.101497915620348600e-01 2.165220249023650512e-01 9.973361421483651901e-01 1.779362722805349906e-01 3.323820673885110599e-01 2.624874904041698542e-01 6.374789446252662195e-01 2.597470699311279496e-01 1.141160091943576038e-01 2.619055838581220153e-01 6.695696357568485801e-01
5.380013932426148671e-01 6.380105167505870645e-01 4.620049151719537450e-01 8.263181822236017604e-01 5.298163983535963961e-01 5.288767554696076623e-01 4.480476388982562730e-01 2.030979468353039108e-01 5.291042243832873027e-01 9.538965395941423342e-02 7.971882647509925812e-01 3.275922848525502085e-01 6.592460124920320741e-01 4.551874282017883688e-01
2.920231639297365955e-01 5.859334471125903221e-01 9.246734178056559283e-02 5.032450202326806954e-01 7.579297041244527078e-01 4.925159805562691062e-01 6.148567473142348971e-01 5.728716309316852495e-01 2.307162373222959584e-01 7.001882384545521365e-02 5.728776193979782105e-01 4.962932494494276536e-02 6.404822333794634170e-01 3.351557237197271277e-01
3.557669112155433799e-01 4.871017238801301774e-01 8.431175448851069287e-01 2.877456863403329290e-01 4.114261082435008987e-01 8.609000853376338469e-01 8.058973254639345551e-02 5.827808281672297586e-01 4.199518142044561531e-01 2.036336592607758122e-01 1.494676270629586856e-01 8.428972990668671672e-01 3.965085063188811265e-02 4.400323264624035335e-01
6.975704098177654133e-01 9.279948225311615007e-01 8.787982434221410788e-01 4.599764277094594567e-01 4.267791942195777732e-01 1.320731050842310905e-01 1.368969975213233381e-01 8.776455475668105688e-01 4.322802978403680330e-01 7.614260348238401921e-01 4.058142460456553025e-01 5.421489503379162134e-01 5.255146361431904944e-01 5.811887970189903996e-01
5.467815741538519791e-01 2.716478026754697295e-01 4.777472356068422910e-01 3.301257862614024319e-01 3.751227769805550727e-01 3.203609098166028124e-01 1.640300196754483908e-01 1.200669558489907418e-01 7.454007571043809177e-01 7.389185254596877250e-01 9.556882191268762927e-01 8.711958897671842061e-01 5.324260216711040883e-01 4.432963055679616238e-01
8.917322607409916557e-02 4.579257183732714509e-01 2.561169635009588053e-01 3.281184458626484890e-01 3.290727923798675292e-02 6.369220067277705510e-01 4.881981478840224931e-03 1.982759803777154328e-01 2.097261617036134673e-01 9.729793028659339260e-02 9.671281894825336511e-01 6.660538240787932107e-01 2.507646921406484486e-01 6.554490690670666808e-01
7.001368092409018251e-01 8.573335586074203318e-01 3.611856286511272440e-02 8.147499599524110625e-01 8.933353499044264234e-01 9.559992369634319198e-01 8.966920113171797935e-01 8.392917580772553121e-01 4.608653765260228852e-01 3.971063867421920079e-02 1.483523885924589170e-01 5.442255802903503970e-01 6.721962818611462165e-01 7.583581297404768939e-01
8.476478886109064526e-01 5.847568199066656147e-01 5.822534123699092401e-01 7.870002978838643859e-01 3.267465824101143390e-01 1.033241717774426860e-01 9.915859255137160488e-02 8.679823846724031844e-01 9.482422075143348561e-01 9.871450245986134187e-01 5.938362369701364329e-01 3.175133843045366833e-01 6.342590976676603098e-01 3.022413032527137000e-01
5.939171015467115122e-01 7.931822172183305986e-01 2.587650800735803447e-01 1.616943200621301369e-01 8.510725948230741800e-01 2.644324108416610253e-01 4.705843665892439631e-01 2.889303394625972743e-01 8.451648497763688539e-01 6.256790889225339880e-01 7.590122635666631812e-01 4.892873216813942161e-02 7.591063672511211280e-02 2.401608211814690863e-01
2.756749314175597210e-01 2.683378720419317132e-01 1.781007404306065300e-01 7.172495279577409955e-01 3.400163393750280649e-01 4.709321003217609158e-01 9.065741098456141511e-01 2.255107156788804801e-01 1.079360051199099724e-01 6.441541051263921513e-01 1.581188588447062227e-01 1.725599310002332576e-01 6.264061078580739350e-01 2.767720387880167054e-01
7.385634629381723215e-01 9.719663494791206393e-01 3.937876437189743450e-01 3.463777348378831444e-01 1.972824635631893475e-01 9.614348750654488907e-01 8.226146592164991223e-01 2.728504658829733476e-02 6.999219791362674137e-01 6.663541057318987937e-01 5.579497645628916924e-02 4.077029277599503176e-01 2.923302787423596172e-01 5.205286931967338937e-01
8.197939752291156790e-01 2.438225538111593593e-01 5.059949256073233981e-01 2.761959072968700468e-02 1.484875224066493082e-01 7.649918815783828263e-01 7.889341989185311155e-01 6.079994296983929347e-01 6.704533688970969463e-01 2.405500558684422474e-01 1.872642727927982254e-01 7.510107084081574236e-01 2.750605317748687773e-01 9.772135350673216703e-02
8.568840186843365014e-01 3.864072458431500046e-02 7.486439966452693717e-01 6.445191792318309965e-01 7.791813606962658678e-01 5.370042468162525839e-01 2.349301617299726086e-02 8.190525576130637253e-01 4.465024745291145125e-01 3.794565052496149393e-01 9.763163132468131167e-01 3.531269821317696289e-01 7.140742024296053980e-02 2.536564224129403966e-01
2.770317843804804836e-01 8.446569393371418100e-01 8.270394712991124830e-02 7.746901273707604840e-01 9.549478979349405039e-01 3.240136352374383133e-01 1.811371735299260877e-02 7.997434950388238040e-01 9.422525938902710507e-01 1.654008220520450934e-01 7.983389797872105786e-01 4.477250436192676819e-01 6.270021696515049037e-01 5.676443602412815093e-01
5.075902480205256584e-01 3.522830012571311897e-01 9.982602484789881991e-03 6.861463192894290408e-01 5.584048525006266583e-01 8.704260816737428019e-01 1.539352566486811291e-01 5.337285527461951284e-01 9.444850645347979690e-01 2.394542752685142606e-01 4.578938081279514405e-01 4.269733963141364441e-02 7.696410314821631182e-01 5.268952685061251140e-01
9.329230776379047185e-01 6.345044713713072770e-01 3.761865754547094598e-01 8.834546439394851403e-01 2.596262988267558081e-01 5.188217032099169401e-01 2.340016361331234140e-01 2.506708712155603092e-02 3.017542741797417660e-01 5.212093245644103812e-01 6.847972628236912440e-01 8.607045393744712225e-01 3.240705518876078051e-01 9.718597019138766058e-01
3.097296079718592221e-02 5.073954995535737700e-01 3.015404310838099011e-02 5.163663504887638922e-01 4.382929055612430069e-01 6.592561709610168519e-01 1.811736470367232288e-01 7.264318058699913427e-01 8.745885937777930774e-01 5.221873280640904058e-01 6.542968386600839237e-01 6.005595683481417257e-01 7.665962875356540085e-01 3.820515123075718389e-01
8.693478181859589649e-01 4.574382529707365919e-02 3.550019887971564980e-01 2.136723232805781691e-02 3.678821916877420550e-01 5.654962185055594226e-01 3.431947441181663061e-01 6.592120292004201021e-01 1.787572714369202176e-01 8.196782842052537932e-01 5.964429378063007547e-02 5.367740106097484976e-01 7.979853992478608271e-01 1.616919506419467467e-02
4.362501473342268454e-01 4.226673725235030599e-01 7.422047528022327478e-01 5.010885432061343847e-01 6.963269470060532429e-01 1.622959005039915636e-01 1.151356652758285248e-01 1.359199897757722431e-01 7.885545736409514950e-01 3.163174982546265168e-01 4.314773530158783066e-01 8.221332080483398919e-01 1.975224053934949708e-01 5.642481162139580952e-01
9.477978050789762632e-01 3.007038793724792214e-01 4.861233198081723605e-01 2.433501149100875116e-01 6.260415009469644243e-01 2.964102972216074994e-01 8.935938250878796563e-01 5.474524181625474162e-01 8.629048371435489306e-01 1.693223163670969367e-01 5.185408181174672171e-01 1.697014896047950305e-01 6.237073966816452097e-01 8.865873614120683976e-01
6.229317144878883106e-01 4.213105740009438493e-01 7.487965548649562209e-01 9.928328859012741647e-01 7.469526364961747156e-01 1.252364563306818113e-02 6.080366907001660826e-01 7.984020131531069930e-01 8.205360791225069228e-02 4.887571037193971790e-01 1.718924344917284186e-01 1.573359486007734898e-01 5.439795442401788028e-01 3.827534800989285113e-01
6.562820590728650760e-01 4.261363772571037378e-01 1.538337085810518312e-01 3.289027178091680215e-01 9.707209175222686337e-01 6.881338943591374102e-01 1.008749954993991560e-01 3.339068290731280753e-01 6.306512761037008641e-01 9.138189101561098315e-01 7.256502899355197211e-01 4.292588757598113647e-01 7.180031602670897684e-01 1.890361498265469287e-02
1.295604940471656308e-01 6.730707652497284199e-01 5.004422649887407815e-02 8.159454458475963179e-01 2.748854146296778600e-01 8.416221029185591007e-01 3.137068342752060701e-01 4.918503644231332350e-01 4.151893144257571278e-01 8.374120737628002464e-01 1.622741773611358074e-01 3.855157327154639102e-01 9.495437859286098847e-01 3.543757590893352738e-01
8.460871673254242165e-01 2.618298093688213868e-01 4.889536391576067009e-01 4.658366952882475598e-02 8.868785527708045180e-02 1.300284007399710173e-01 4.382720730813798315e-01 7.264883538081677861e-01 2.438297464712347873e-01 2.627154115269236812e-02 8.003880655412487499e-02 6.769047836905874860e-01 4.250188191337278543e-01 6.116914994048308074e-01
5.435707336834666448e-01 9.372247232884486356e-01 9.501555187431143246e-02 3.827094491981613000e-01 8.000997971818518684e-01 4.424207050787555273e-01 4.101225657902441979e-01 4.103356551638430716e-01 9.800621689578419282e-01 1.095724265067155034e-01 4.157510125375661891e-01 2.997634550910961426e-01 1.149352636714690012e-01 9.126612145901403794e-01
9.572591569755647400e-01 8.246708947528904599e-01 3.062947633529389257e-01 9.015598172471918081e-01 7.574214685532566493e-01 8.438897947087610207e-01 9.743674820724490537e-01 1.841880460865956692e-01 1.982490700785002335e-01 3.227324902841316456e-01 4.006959187609837603e-02 7.436686443005494640e-01 7.483990131471218721e-01 6.134674390854625292e-01
1.135967161718896001e-01 2.924646394609886624e-02 5.096387009197382856e-01 4.661186154442041873e-01 3.550987673739781636e-01 4.729801774960529226e-01 4.515836660790759627e-01 6.868062859826717936e-02 3.261742139293158926e-01 7.032791063111080154e-01 9.027324928947025873e-01 8.436440745344065961e-01 2.121572454174466271e-01 9.297804892223709983e-01
7.983814408669531737e-02 4.291971146625029876e-01 5.347586630313471145e-01 6.777194393575667331e-01 2.756746186447702751e-01 2.520790684819258498e-01 9.995607596578597320e-01 4.220086401610243509e-01 7.289317258334314653e-01 6.231477125914424153e-01 3.002706367913807739e-01 2.216209476248880428e-01 5.296035692961054142e-02 1.439555972134678452e-01
6.940206068329385358e-01 6.713608061529823257e-01 7.040004894477541741e-01 3.294608328799445429e-01 5.500749772660992187e-01 1.300448006735206441e-01 8.360035436021568955e-01 9.978141411649077419e-02 2.113131804815301384e-01 6.172349132483064826e-01 9.076872155622874860e-01 2.659184560183716073e-01 9.328755501661976091e-01 7.566822113724770427e-01
8.596917386938878192e-01 2.038309363067686286e-01 4.018070920821400493e-01 3.063560240031787396e-01 8.029425708261610506e-01 8.751164952042594924e-01 7.022319969781352089e-01 1.738880790055078451e-01 6.801083461906276550e-01 8.315664153711835871e-01 4.351340209489240607e-03 9.362544862679934576e-01 9.400320002705651046e-01 7.266793054084335068e-01
2.687316621723437882e-01 5.376992405629213989e-01 1.454785723085876281e-01 8.414877915626379767e-01 1.006487073733817184e-01 9.487186456390604983e-01 5.219895130781060377e-02 8.736334978847681842e-02 6.494548404963625954e-01 7.000109123277536982e-01 9.712038494100099228e-01 6.358749099239139335e-01 6.410856237738192798e-01 6.418852246217734425e-01
7.824588956061584444e-01 5.987886254858740820e-01 8.339415996308696677e-02 9.578757853451437265e-01 1.871979715748023354e-01 3.820275424156431843e-01 6.621734198498366863e-01 2.314898425823643802e-01 9.695281755779011634e-01 7.827696277033021621e-01 9.798790584281319438e-01 1.482904498205938060e-01 7.250230983429812870e-01 9.057156745681094190e-01
6.527992203787202907e-02 1.640640301456266492e-01 8.956284978131836549e-01 4.781112981484685331e-01 3.290990197625693892e-01 4.842112170851430308e-01 6.076344498829278074e-01 8.148192219360316235e-01 1.258479599488485645e-01 3.063465625385485280e-01 1.827149099848141001e-01 5.666182812862481377e-01 1.227212590231825384e-01 9.178441728242670017e-02
3.750219231825792088e-01 9.911287807497937141e-01 8.391141331716703844e-01 7.745312870825605822e-01 7.803099557115883433e-01 5.327491432929287729e-01 7.303162321190930228e-01 3.681484578142172337e-01 2.651973911376382942e-01 6.597497469425931405e-01 1.170339464563342480e-01 3.113194704046222672e-01 3.187264764810824325e-01 1.562499265481028798e-01
1.313325740865348701e-01 1.278944068398841782e-01 7.024332705010798428e-01 4.112965069323295531e-01 6.732316072839432675e-01 5.541192480596909276e-01 5.739228368589353035e-01 6.274662197377164352e-01 1.945625522836657018e-01 2.203073481735084993e-01 1.050491646078491881e-01 5.833942837552511529e-01 8.226316471637654670e-01 6.547066441189063335e-01
1.769879445286924868e-01 1.069165505390207160e-01 2.842842955202666833e-01 7.427685115933768678e-01 6.184087072194680568e-01 4.443783985053295638e-02 1.026023345826174715e-01 8.101179749367748428e-01 5.405804602229886680e-01 8.044213753441775694e-02 3.553212033502504141e-01 5.559050737067063874e-01 8.728699352461151140e-01 1.150646041839025191e-01
3.963505816231829293e-01 6.127282157789577521e-01 6.885196789934191486e-01 1.220975901625551696e-01 7.889632239811372738e-01 5.468571065252217922e-01 3.798670987707742919e-01 9.957173170007571628e-02 5.652707358175524943e-01 1.351617999918364177e-02 2.452979038739181439e-01 5.203348068223930811e-01 4.478145856779658374e-01 4.493273919420505136e-01
6.054089067835367599e-01 2.898640798829321685e-02 3.655742457758877073e-01 7.669172156797616768e-01 9.645459082057897815e-01 9.165152660020765563e-01 4.450930590870677550e-01 7.701219753117937161e-01 9.312090950578123527e-01 9.197125585423292504e-01 8.586116214880523678e-02 3.110973774701495387e-01 3.456459374983319455e-01 5.789211161804393990e-01
3.068858562355472053e-01 2.053352964185441998e-01 1.534255610426230598e-01 3.232586972331314978e-01 7.866936732569442814e-01 8.168128602411067751e-01 6.489255883872983022e-01 7.871071827328213200e-01 3.380404228212743334e-01 8.080022867158220823e-01 6.855140070635074023e-01 3.568977787970954996e-01 3.283231403250553848e-01 7.517409074399583613e-01
4.580777458461121610e-01 5.776728465167458859e-01 7.303392546904221572e-01 5.707914157711710956e-01 8.494681605199505547e-01 5.107242892522529942e-01 9.703831625030048258e-01 8.316338298668879414e-02 1.761314631571186951e-02 6.214813408395934990e-01 9.494618461728931980e-02 7.427310777474116499e-01 3.102183308562814767e-01 6.815508708354368617e-01
8.288093021290354745e-01 6.658437423900016583e-01 6.003428212179965362e-01 5.967746772444472159e-01 8.018532195097124449e-01 3.742512898992966797e-03 7.187812693077783033e-01 6.024938254027580875e-01 7.062293340079264237e-01 2.077246581787165480e-01 4.162879004295799712e-01 5.300413519127689099e-02 2.999753168790930680e-01 5.333700367211041682e-01
3.928298124420300796e-01 5.616139563874459339e-01 2.799494842279230955e-01 1.614368036219258062e-01 6.275854970201787397e-01 9.282483200411095758e-02 4.661242190541092789e-03 9.897580261393136292e-01 5.078106483615085764e-01 6.197824767598647533e-01 4.812828564691075117e-01 8.174865486123357172e-01 8.104100787845039955e-01 8.429656666783940100e-01
7.729407088109802038e-01 5.422257409967969899e-01 7.285450550728725938e-01 4.110702982415668227e-01 7.173932918249226187e-02 7.245943307127677979e-02 2.989204574586082908e-01 3.314302983824612969e-01 9.008663553839070248e-01 8.428093689465088190e-01 9.303171541834008851e-01 6.624217629141504471e-01 2.359359280738946296e-01 2.984562159405579340e-02
5.349263191651475458e-01 6.946655394350569335e-01 1.975596046193738298e-01 8.358374250645447257e-01 1.024154216687424013e-01 5.763287077300160988e-02 5.410043365237787727e-01 3.087780063267179242e-01 3.454941810986287276e-01 6.289992253594371974e-01 2.733989451868397147e-01 8.722858494844033528e-01 3.171221629432342537e-01 5.920707949467455267e-01
3.369921346174585830e-01 4.917503753496019758e-01 8.300905859509691842e-01 9.931518044611928886e-01 2.360888260163712671e-01 8.747543848148909840e-01 3.200066887616447309e-01 6.407876199590754052e-01 2.537523775656617131e-01 5.691329369380588865e-01 5.908051104662390696e-01 4.976901525377751545e-01 3.775254948663353538e-02 8.082193817743413833e-01
3.646120183625978228e-03 4.994636682399549166e-01 5.967664868433462111e-01 6.088336129452420753e-02 7.337834332260376735e-01 4.050235113041060764e-01 9.401462577022619005e-01 9.638169748745268883e-01 4.807316800236385301e-01 2.647840041863179783e-01 6.506950916816737207e-01 5.260921239027620544e-01 5.485226576546251565e-01 7.673462876080446859e-01
4.667284860061060581e-01 5.397286723460409386e-01 4.800057202716648819e-01 8.920998081312051520e-01 6.313133749574997289e-01 4.911221134359842200e-01 7.347415244133207457e-01 8.097115757686061954e-01 7.086087018929587700e-02 2.007021177986434424e-02 9.909382135324064089e-01 8.972951890627060001e-01 8.682182997182849027e-01 8.900868370122544393e-01
7.182872959139278146e-01 1.599728116444106840e-01 9.955802588503263051e-01 9.630166773038363326e-01 9.318978474745642782e-02 1.516912011031718022e-01 7.759800504467760929e-01 3.631176694157749463e-01 1.202020484289475499e-01 1.112235461950777937e-01 3.640688970105054878e-02 4.462471180257727710e-01 5.294067417442901435e-01 2.063338790100766040e-01
2.074206660964283966e-02 4.732646102477852113e-01 1.503243597490446781e-01 9.048174481773783029e-01 6.133913750069365234e-01 3.941584313247079585e-01 6.246925684151892755e-01 6.094712721277373291e-01 7.653136778482521052e-01 9.726273503171998236e-01 9.761991014265049005e-01 7.534555416275110495e-01 1.637746219807296733e-01 1.319789079930402398e-01
