5.146643264832325704e-01 2.427798655776955972e-01 5.824076339124868440e-01 2.973010360229855209e-01 9.637674710692255564e-01 9.638302676062149299e-02 7.043744502598213719e-01 4.245036180756653899e-01 1.171366141328711308e-02 4.260134616621329418e-01 1.154521274287373389e-01 1.605937263037156004e-01 8.730190189797281120e-01 5.462387282410253730e-01
5.506933198091008563e-01 1.683320678242836710e-01 9.903882261201507609e-01 9.805000297729900005e-01 9.533289747012284598e-01 7.048105901165547804e-01 5.550517613541727791e-01 5.354810337221331817e-01 5.910355564906182302e-01 4.068240119938300037e-01 4.885483618771185865e-01 6.550961911038126750e-01 2.788184500579645730e-01 1.605098700463243322e-01
2.419165913702885362e-01 2.552069713391431627e-01 4.824805111884155062e-01 2.479256894032322300e-01 1.523437172391839400e-02 2.417138350302472372e-02 4.074972419930965595e-01 6.450538388046743732e-01 3.595879365368401803e-01 3.953457072458295141e-01 2.799574313748501853e-01 3.850366852067860224e-01 6.764964346197308576e-01 8.463079097575214593e-01
6.608057065025610965e-01 7.233179337610855519e-01 2.168957284575546707e-01 7.055265352929840361e-02 5.396129227342438828e-02 1.631249757068004014e-01 1.704059599949415693e-01 8.000772095020997066e-01 7.009151957853227977e-01 2.898447719093346642e-01 2.352987947717241068e-01 4.485299851870580001e-01 6.889129433831990834e-01 7.384002962085044475e-01
7.989530658572494559e-01 1.587811613656431309e-02 1.997971740902850790e-01 8.683981073147052365e-01 1.650051150949346512e-01 5.748644602789279023e-01 8.312936453924846258e-02 5.788098033685665778e-01 2.948981790487309462e-01 2.528403520365422041e-01 2.790107557029338770e-01 2.493537018945448658e-01 8.524965877066662534e-01 9.122808278004193028e-01
2.241877544077078843e-01 6.710916873179417763e-01 5.490502750438238655e-01 5.689874259298037806e-01 2.494422022415776485e-02 6.407152648744021128e-01 3.462665466722514296e-01 3.187422776792029344e-01 3.571063571994964603e-01 3.826090878147019314e-01 7.698805242622361877e-01 7.395135103299276258e-01 6.850265885351165540e-01 6.495684846399932821e-01
9.876022654959382141e-01 6.588929455171207428e-01 7.475526750751364524e-01 5.566288187918775332e-01 6.636709686860426949e-01 5.129252994995163739e-01 7.793113876859664169e-01 8.534615327748149571e-01 8.341597009995574963e-01 9.302412290538966122e-01 2.923171744055725885e-01 5.112594787558853993e-01 1.658910153796764320e-01 8.465091540647510238e-01
6.250513466773942595e-01 7.713690418552132666e-01 9.883074204755526448e-01 8.375092147663455444e-01 7.242184436766275768e-01 1.441569145018349873e-01 6.182708429383054760e-02 8.573138896623598848e-01 7.275052962083308206e-01 8.717750769186582982e-01 2.135050224027776888e-01 6.909819665826789636e-01 3.250548192882312115e-01 4.772645124958475593e-01
5.524323570949581930e-01 5.418101605348035754e-01 1.697662157803488947e-01 5.646622759262025504e-01 3.773811368803846600e-01 2.054465265976834765e-02 3.496485542409933922e-01 3.409355889911730442e-01 2.118802631302209027e-01 8.193836271913249591e-01 5.085016628776329872e-01 6.840946196684766223e-01 8.933505419907655787e-01 3.000931602553472688e-01
5.982244271926118184e-02 5.436398140842872984e-01 5.991379989042936449e-01 6.230126987576217745e-01 6.953450787671877631e-01 5.190527884600817377e-01 6.580526469933745126e-01 6.760405387081900308e-01 8.652431262817072977e-02 9.100098107744996057e-01 7.547620107144282775e-01 3.945262524935263526e-01 6.750846572631271636e-01 1.578457024067270176e-01
8.911856458182624285e-01 7.889571220930262641e-01 9.497070077151420486e-01 1.081998245789810298e-01 7.195585530576636968e-01 2.229753965337082366e-01 7.429788382362871868e-01 7.148188794966292559e-01 1.564661474368751470e-01 5.817320518321663636e-01 5.825328618069217645e-01 3.174686302782759872e-01 5.198733749131042581e-01 8.982705045009171663e-01
2.494413211580583933e-01 2.985979850202511443e-01 1.829129494827096414e-01 5.228481831603430940e-01 9.586417940635519885e-01 9.977707509214456261e-01 6.398284610683050433e-01 6.146090071377589004e-01 3.006655095692112312e-01 7.628135501254194040e-01 4.983235109248836947e-01 4.311131333665536580e-01 5.627258320562682492e-01 9.977290269102581100e-01
9.402337638420770194e-01 1.393298109520194616e-01 2.216285067528795949e-01 6.654055327151541244e-01 7.280212300456773145e-01 2.382879671406286093e-01 2.322122273955570249e-01 1.272836497932250399e-02 7.718811179374771569e-01 2.771033160905249648e-01 8.551871682715573852e-01 3.013089157659543105e-01 7.895824370988451246e-01 5.944568271263062087e-01
7.117148112314889419e-01 4.467939608171151988e-01 8.282806301130183346e-01 8.356763116109253708e-01 8.536050680900940657e-01 3.412744264636001779e-01 1.621820185736428943e-01 3.766890875821530260e-01 1.335693543716586218e-01 7.003074552586112667e-01 6.119407604651975197e-01 1.229564833093886866e-01 6.005824241712474088e-01 1.779071415406431322e-01
7.873898697957538717e-01 9.953198723598033482e-01 9.098817809968228199e-01 9.396723441100341967e-01 1.090138745312930757e-01 2.734682142276659844e-01 2.678712316587406050e-01 3.721180878216147070e-01 8.875914673043960867e-01 5.962181102988333148e-01 8.990930757184284472e-01 2.536690967500873084e-01 2.009970298371855923e-01 7.912721721999547153e-01
9.960369116347930207e-01 8.501596162476596774e-01 4.671869056006197063e-01 9.930228817908701711e-01 1.674812006789003771e-01 6.167238712992733074e-01 4.876504455073038535e-03 5.118457889370330305e-01 4.164809697645085462e-01 1.730172558494654789e-01 7.527703806369901995e-01 1.382567355911301643e-02 1.997135278436965589e-01 3.692693553930163075e-01
8.268991378023785588e-01 9.085203925987448415e-01 8.727836655636630470e-01 2.065417675754551707e-01 2.653288775428596091e-01 6.267397209169088823e-01 7.599675230571155682e-01 7.999859069855804750e-01 9.481278342283134819e-01 4.054105405329078149e-01 7.288224368562540301e-01 1.531651077903890545e-01 7.262279641745975622e-01 7.137385722740335892e-01
5.247054388866572161e-01 4.338480568820718419e-01 5.767961258689521253e-01 4.600485632945705561e-02 9.656756048084202959e-02 4.943656026653698854e-01 6.236150015700034910e-01 9.879856215726545710e-01 8.074839333098843275e-01 9.965678584444696009e-01 1.450618901989165765e-01 2.687108634806589791e-03 8.990734830185211912e-01 5.233144821493731502e-01
4.598090949019694174e-01 6.191419300521969760e-01 9.998191397436154704e-01 7.808500862964695699e-01 1.934943497636526510e-01 5.421384136305734680e-01 1.165043868346615774e-02 8.254287166525375863e-01 6.246255138866272372e-01 6.752033444860636724e-01 4.565080448728531248e-02 4.526289721712473124e-01 3.997309773149314571e-01 8.858953371931083121e-01
7.736772579058397437e-01 2.110608717260084033e-01 9.433445377031809409e-01 1.641149020899774769e-01 5.788084556842927331e-01 2.924216263987404751e-01 9.527154513846542994e-01 2.808597141155847465e-01 2.001225659499574761e-01 9.934295007418569856e-02 9.696523667036872629e-01 5.489667445856554195e-01 3.217010406540541378e-01 7.286657659122518504e-01
4.119223270171027407e-01 5.927519237222277360e-01 4.125808435315690970e-01 6.194522635681033451e-01 2.340565685778565053e-01 5.805059681622748435e-02 2.661828080196462221e-01 8.262364370680530534e-01 1.642003761536792172e-02 9.720875128896477868e-01 2.606237950754898280e-01 6.644035483526289365e-02 2.735874792236503428e-02 8.575132221662444820e-01
3.885329771043173341e-01 5.112442024201533375e-01 4.635204730721431687e-03 7.454446566634601590e-01 1.707885402453591661e-01 5.729525559952757252e-01 5.055731720369166515e-01 6.737954507211435518e-01 7.156846238381640024e-01 6.748207582435404861e-01 7.472300220634346957e-01 9.835322722997132949e-01 9.471502476457117625e-01 9.851466578916742156e-01
2.923911053076626576e-01 4.566490071241158244e-01 3.619109053616650362e-01 3.289911746402982562e-01 2.339677290237085483e-02 6.867653722136242145e-01 8.575098035002026720e-01 6.159322579449373336e-01 8.154139893680734108e-01 9.826970851918015448e-01 3.088019582241098293e-01 5.010192597896080402e-01 2.281500058754543092e-01 3.296902390613257738e-01
8.261546934457408842e-02 3.559060066195312011e-01 8.067446840635238425e-01 3.710109059470557691e-01 7.889912117799413593e-02 6.615729411994550890e-01 6.800720946605132156e-01 3.504032937533615444e-01 7.126827870683559718e-01 8.512682274834677543e-01 5.431978374596858616e-01 6.026249753977853674e-01 9.760308845200175165e-01 2.018786653810257237e-01
6.457781096102832574e-02 2.366432788925210140e-01 6.648571408003767225e-01 6.079082215623445862e-01 2.344244926993389599e-01 5.569715495877017863e-01 9.986760842391829707e-01 9.836148927662318187e-01 7.278436174820607230e-01 8.808024226069892659e-01 6.555476230930916692e-01 1.829256349644120538e-01 2.087357682506550960e-01 5.416887775966245933e-01
6.267030502311717877e-01 4.409911109278509267e-01 4.521252965150153180e-01 1.184945573273021857e-02 2.826969503601083344e-01 2.771655140110219628e-01 6.242592226001582034e-01 4.962532608799855582e-01 9.784316656470023466e-01 2.797375620606347146e-01 5.156635247122607346e-01 5.468891842474493670e-01 1.919707624432996917e-01 2.179672404089024740e-01
8.679713117247467302e-03 1.287143034243375395e-01 2.791175069277049836e-01 3.318054340121825430e-01 4.589564014356624089e-01 4.918088809501955927e-01 6.550707758558027560e-01 3.711176744847832776e-02 8.863219022286048521e-01 4.209333738669485125e-02 4.571994564751732382e-01 4.707514565300111586e-01 4.140961895780193025e-02 8.200384991991127581e-02
5.614173302619180905e-01 1.982599520557994932e-01 2.995745882036119356e-01 9.210661978732037625e-01 5.614456555766722534e-01 6.496110565963787442e-01 2.115888272806278891e-01 2.985936865430819376e-01 6.401530705968394575e-02 8.998351166274719537e-01 2.949006688785361652e-01 1.589572812141515357e-02 8.988044504303719373e-01 1.541116556780249836e-01
3.347176516975487459e-01 4.310185472572091170e-01 5.230065413346617342e-01 1.902275922326909230e-01 1.224379081494928467e-01 8.628786070983619494e-01 6.345283682360596256e-01 3.112429440605183339e-01 1.436138266207664937e-01 4.616777833695602240e-01 8.652682102547878396e-01 8.014075493259379401e-01 6.444738205075906112e-01 3.776559083582334830e-01
7.757981185156093140e-01 8.887488279456936535e-01 8.839949512598221926e-01 3.266356356315468501e-01 9.680283586098438198e-01 1.914593196577240031e-01 6.194347238941663170e-01 3.868556524771905591e-01 8.657254829801492857e-01 9.122315659424578005e-01 7.034339563885652069e-01 5.501052773269193841e-01 6.283529062997007530e-01 1.860599141839867077e-01
7.071886639147607623e-01 9.710736010936684703e-01 8.707608979871617194e-01 4.043302016707107649e-01 5.149679858912048491e-02 7.456682716455768078e-01 7.593329324964868121e-01 1.531572852866469603e-02 6.928061621251867530e-01 2.481340646363799918e-01 2.109023706134799392e-01 7.678434222440113643e-01 1.001208316512873786e-01 3.617275399313346629e-01
4.089856133919556047e-02 6.234166970118872886e-01 1.001321567002987356e-01 2.694821478139636239e-01 8.602667262388993263e-01 5.188893881316618550e-01 6.727270391573105801e-01 9.312360654738547350e-01 4.433867317601368763e-01 9.011806557916685056e-01 6.233920059550662751e-01 8.271333578346800053e-01 9.167182684221965028e-01 1.446313611896143936e-01
8.160171529433465354e-01 5.185169425294549050e-01 9.906032657901731042e-01 5.743194369791816412e-01 9.769856879687004447e-01 1.493490541017387097e-01 6.364744921857549143e-01 2.052442346401940343e-01 1.219032816870512237e-01 1.562114804788384825e-01 1.210538509407189656e-01 6.647215650685716071e-01 7.667891089125079551e-01 2.043393104314394915e-01
1.198059172677110595e-01 4.801008877921451035e-01 9.426415262876278733e-01 8.024158610434853900e-01 2.674317906242585918e-01 5.047252874728493932e-01 7.973626624863914270e-01 1.338835721053148742e-01 5.840869867719924446e-01 9.998574372980655323e-01 6.412005405840351946e-01 1.738677748255677002e-01 1.953456713171910497e-01 8.665663516609449779e-01
2.226698221166723002e-02 1.001086845711149920e-01 9.542266159325178965e-01 9.795096337636985950e-01 4.754315720714766824e-01 9.459563117377256525e-01 5.465928644959107130e-01 1.604899976528094685e-01 1.289111378325291657e-01 1.129169732391543945e-02 2.283806735980934421e-01 4.205191337694593745e-01 6.834386433716136411e-01 9.639207148508442957e-01
7.315777054802593549e-01 7.181437188775622316e-01 1.273983714471712547e-01 3.579183550573771244e-01 5.791748497634601200e-01 7.459791553537962194e-01 6.081044682208071039e-01 8.370109201077273742e-01 1.370889636583290105e-01 5.509608649774864197e-01 1.307966152672657145e-02 4.019228905966756304e-01 2.799638277900065031e-01 1.430623030475399737e-01
1.576019631897805917e-01 4.864765698029640539e-01 1.651508280108632265e-01 5.416275766796980751e-01 3.113633171450329584e-01 3.925119689128669931e-01 6.489614566774949411e-01 8.485366322315529564e-01 1.743892763639151022e-01 2.612630641644647644e-01 8.950046584433293262e-01 7.711606822794263572e-01 9.183829250257664611e-01 3.551978142291755125e-01
7.323115640922021052e-01 3.888580911185295363e-01 7.299619638021473955e-01 2.734650386638727282e-01 4.539012761905902860e-02 7.452844651395451603e-02 4.509884263206772603e-01 1.143847925729420956e-01 1.542263222870535744e-01 1.991488678577223448e-01 8.510030751781769709e-01 2.006830082290766981e-01 3.329688923836572334e-01 9.748573778764658693e-01
6.651088317816453710e-01 6.470759477239853563e-01 1.295159101819777225e-01 3.331247510629150588e-01 9.534709614261666077e-01 6.534209200568728004e-01 3.181611966660703450e-01 8.674640252695084985e-01 6.501720493164413472e-01 2.083023606361089630e-01 4.899772670122500839e-01 7.600077314039799248e-01 1.287700703678947844e-01 9.302533439264585313e-01
2.694620369673795812e-01 6.860677352017466868e-01 3.244800881972969009e-01 1.744402069418310441e-01 9.530000513259206940e-02 7.879661917664215753e-01 2.404487951331248929e-01 4.572179947907305531e-01 4.880931161285052555e-01 5.083684291683668866e-01 8.020061174664522285e-01 9.997196969981456682e-01 3.302467864853957380e-01 5.775337902726780381e-01
1.876908101988128408e-01 6.856541937362669037e-01 2.033504589678485353e-01 8.558786714750592495e-01 1.500810429578879335e-01 7.100876000089960671e-01 2.059304144782967416e-01 8.667515624979073019e-01 6.820447412605319393e-01 5.629845364880616820e-01 2.608915537428360132e-01 8.296617608543618294e-01 5.959917454178539353e-01 2.292193482657937098e-01
3.444206482313174611e-01 4.848615268636589093e-01 4.737822983952058031e-01 2.973761936688849028e-01 6.514160960213962737e-01 6.829205365041335352e-02 3.988432138432134177e-01 3.336819171067937351e-01 3.522184393359300003e-01 8.932665305379969833e-01 1.350590647621408014e-01 2.422518867671653586e-01 1.334074977371277893e-01 7.500126281385033344e-01
4.180058392216671193e-01 8.739275079762087728e-02 2.245123931433452569e-01 3.497076244570358483e-01 1.590891939003230560e-01 6.492445870168237487e-01 4.971735080332028156e-01 2.361326228381567249e-01 6.381617376127938224e-01 5.863146458628153423e-01 2.031456095754216040e-01 7.492693181591681961e-01 9.099666681490163889e-01 7.277914185169317429e-01
4.537982288694113464e-01 3.687140655718793569e-01 1.589386239775995024e-01 3.495997727096709085e-01 4.723898227697498342e-01 6.915053023211847893e-02 2.378478521969372705e-01 6.604097804272430761e-01 7.377201404481312785e-01 9.663000308392984961e-01 5.831892344717943821e-01 5.558776119437131014e-01 7.695064022769840806e-01 8.912558217255550641e-01
7.779261366139696987e-01 2.505369693789795127e-01 6.241209851923125163e-01 2.967268346681364299e-01 4.821970481614966664e-01 9.025974617667631428e-01 9.393115363431758791e-02 5.303342052194072176e-01 3.593227072982475567e-01 9.122316474091082261e-01 1.405048896527268942e-01 1.158704947313657918e-01 8.870288637416045008e-01 6.446350280773367469e-01
5.039330098355291332e-01 6.842130450338033132e-01 4.695188666821781265e-02 6.699516102639553328e-01 7.785865514357510619e-01 8.515981407049610930e-02 1.990545905786884617e-01 3.018538288450167695e-01 8.334571722523476112e-01 3.182601020458462049e-01 8.898925920601630235e-01 5.619724176167738561e-01 1.460531607580682900e-01 3.369411523060894531e-02
4.818245666729258359e-01 8.822690625918400142e-01 4.813752160396898017e-01 2.204487350923656219e-01 1.021226697175735554e-01 3.707867636568628056e-01 2.232725817791451073e-01 7.754213053108420795e-01 8.969117986970256418e-01 8.407762770585143208e-01 1.721098791582620358e-01 6.045667195278030537e-01 3.377188800336763386e-01 6.430891178932367502e-01
6.054687169104524536e-01 7.083412238694632990e-01 5.338751022917908040e-01 1.591111520791359535e-01 8.354263384091955569e-01 6.030072622728255283e-03 7.722451168838604385e-01 8.994074230331328135e-01 5.195677695589913103e-01 4.632674582703780741e-01 9.722489224907149286e-02 2.404823978295276277e-01 3.410394492129820154e-01 4.057095222716464722e-01
2.273721169660369856e-02 4.978816203879149471e-01 6.398729198237642635e-01 9.436555512369293464e-01 3.970985594659321993e-01 3.828002695690785329e-01 4.685373160646982837e-01 6.577023113711156777e-01 7.171350544860801701e-01 9.098792726285954702e-01 1.239114241554876150e-01 4.418134865363008146e-01 3.772412836441982886e-01 1.378145388959113316e-01
8.772828814923523399e-01 4.165027915365639988e-01 1.278437485578631794e-02 1.384852514108464439e-01 3.061066689469584823e-01 2.766313277189008657e-01 8.055631809473819960e-01 3.671635346857917703e-01 7.957462309429417235e-01 5.788478193714293729e-01 3.815448739350105756e-01 8.838466535472312424e-01 9.622308212193141363e-01 3.710698600652401202e-01
