4.485975654723637351e-01 6.585292369044919436e-01 7.466597647870907295e-01 1.255312709277870420e-01 4.309162775740638107e-02 8.310320908505817172e-01 7.246595008427698659e-01 4.916734360010466265e-01 1.526739452465022406e-01 7.780077855388024544e-01 3.185980253026809983e-01 1.583245942654926131e-01 1.250247610044620261e-01 1.523567691889948783e-02
3.844071429845918875e-02 7.553054886698906678e-01 2.983025976173440119e-01 9.414684057146629481e-01 7.693128996148321797e-01 1.469223791897195097e-01 6.789989054449951933e-02 7.795462360620236675e-01 5.330589994358178041e-01 5.216245275489047595e-01 1.835077524357404677e-01 1.543009804006318930e-01 6.055736708216996611e-01 6.472932546751160032e-01
6.483523132242633435e-01 9.196194972326665606e-02 7.128956921082724163e-01 5.598260307040231476e-01 7.281427596523090129e-01 1.883769312558144504e-01 8.691793767284287098e-01 5.499791187451654739e-01 9.792019542742333993e-01 5.014689931508283793e-01 9.125372739848698345e-01 6.731997242079800214e-01 2.292840450540170050e-01 6.356521097783329743e-01
2.709519641743655116e-01 5.391947091227873301e-01 4.481466733971908312e-01 8.730803971339495817e-01 6.215630871771782306e-01 8.951233568442930055e-01 8.865606804801736684e-01 3.936673620353547953e-01 5.143575409312058921e-01 6.711661943480042858e-01 8.142985873255262907e-01 5.698379994374255242e-01 9.015356837060292117e-01 9.673174887832542979e-01
7.675753628404375917e-01 6.811175246497880309e-02 9.849336596485129824e-01 9.882191724172250114e-01 7.576498629329310175e-01 5.053444547740233439e-01 3.053932481150282152e-01 1.490289044229275994e-02 3.969624137425875610e-01 8.448089946686798690e-02 2.532221841335685619e-01 2.361436069908017243e-01 9.006584663399348489e-01 7.085790758589169958e-01
2.245526867445111208e-01 6.328925004858390047e-01 7.501227934545213749e-01 5.601318628446538828e-02 5.431779256989613947e-01 1.695408435532768099e-01 2.622457296242137748e-01 6.150297990571362838e-01 8.222122932742955692e-01 5.500374555213862759e-01 5.727239379225521620e-01 7.044145345572000450e-01 8.408881697303828284e-01 5.236273071847896698e-02
1.461655981342904198e-01 2.305556824159998852e-01 9.025243647163800897e-01 1.712030760628763248e-01 7.535763065307595765e-01 9.964401512083063128e-01 4.943537049075338308e-01 1.730955712916442124e-01 9.722670160803495998e-01 6.726353055515722490e-01 9.708901356961625595e-01 3.085505778290545953e-01 9.695392404899970673e-01 7.716951858546587939e-01
2.938030989427176110e-01 7.713263935668446258e-02 3.547285906141498524e-01 7.367958585580438591e-01 9.690947926095747622e-01 9.136678008524989902e-02 7.126003206044380089e-01 8.696386910795481651e-01 4.039361302240568330e-01 8.961566671070666512e-01 5.769988182244809582e-01 1.410697661234183720e-01 5.211067897261100201e-01 8.923283634509083795e-01
4.885863892348878412e-01 2.915430926241769916e-01 5.159380392598775789e-01 6.335007727506906106e-01 7.249927654064068916e-01 8.366572596550025942e-02 3.617416371042774248e-01 8.903641833214729351e-01 8.815073661744725619e-01 8.139707248905578840e-01 5.516695007247733873e-01 8.676486875005766652e-01 4.304061066765790811e-01 3.732626452685023910e-01
6.104913871396124847e-01 3.000389717492991659e-01 3.001295445060651046e-01 8.601967523993503395e-02 1.435463140447388319e-01 7.296212446451961764e-01 6.086736352853227006e-01 7.006726369564242329e-01 1.225486231520419578e-01 7.742081418252220182e-01 5.588286364963062081e-01 1.386726659254615690e-01 3.727378634254024936e-01 7.138874295300279282e-01
6.683183664452635453e-01 9.850120756815415879e-01 4.076606875669586127e-02 8.563693785158399407e-02 5.893254808006567202e-01 4.205357694712263950e-01 5.093335607372071472e-01 3.027969980212900092e-01 3.922987693508540596e-01 9.863488873707552118e-01 9.565977614857946731e-01 5.332961761344768847e-01 7.304746201741918465e-01 3.580653279145149526e-01
9.702946190642701696e-01 1.508958625118972385e-02 5.803387930747638812e-02 6.314750421638574140e-01 8.425157000505240079e-01 6.491614450155023253e-01 4.543677187094833370e-01 3.615811018303072277e-01 8.094956569130777879e-01 7.576849251027085730e-01 6.565852167305505915e-01 3.551811397891410094e-01 1.458881247796121050e-01 1.344907222934004221e-01
9.625349382353476368e-01 8.690351352795513407e-01 2.865934909492972027e-01 5.356551597737874149e-01 1.488598230864048855e-01 1.344393392625748973e-01 4.924008824020591479e-01 1.133517923651938819e-01 8.553103898002455407e-01 8.799236810185487867e-01 6.154002400960909558e-01 2.075139347365210218e-01 8.410297375424010680e-01 3.071860448846475133e-02
8.384808719014148481e-01 6.949149460143361212e-01 4.707888771925391458e-01 1.960635504194507828e-01 3.610426881785175901e-01 3.415053687647606750e-04 8.754866789433591867e-01 7.507067635549202755e-01 6.538299207639229893e-01 4.913936826176399375e-01 8.313623678663669692e-01 3.555707900413523914e-01 1.238866846878445838e-01 8.814551735712783387e-01
3.075529911480112677e-02 6.431716643673013323e-02 8.132893506233890291e-01 2.349360052678399757e-01 1.444631508248743756e-01 1.512761401116022864e-01 6.662316214247421264e-01 4.264343415508253798e-01 6.368281137278305470e-01 3.642858040109112627e-01 7.073268090406763520e-01 1.279782743371610243e-01 9.254692701240585517e-01 3.756184450796150598e-01
4.130413249769189221e-01 8.117638265534063979e-01 7.076889694747400261e-01 9.331045913723611251e-01 7.364716922022153112e-01 1.338427779626019110e-01 9.429531641093080729e-02 2.356066943843350137e-01 1.819517500152161293e-01 5.561099728117344654e-01 5.366849274524316815e-01 6.038103863398964766e-01 4.808908798375250981e-01 3.292199631352954459e-01
3.991880916988821415e-01 4.626223047757379581e-01 3.845955847608625300e-01 8.382181554553022051e-01 3.877883953217386992e-02 9.882520673832565494e-01 8.520665097834335677e-01 1.798612800705585713e-01 5.442445096860576426e-01 2.377007870205045670e-01 4.947730313279142811e-01 3.629815980666761810e-02 3.948665574893390762e-01 4.679006897506310381e-01
9.870781814814642008e-01 7.423822057087008375e-01 6.289974544712663151e-01 3.814366919621920982e-01 4.492254242965303401e-01 7.277027629731377401e-01 5.133664845711395364e-01 9.828616676399049013e-02 3.532549051453353073e-01 6.794869200857582836e-01 3.153964069680905702e-01 4.110306802871588339e-02 4.796177818148437133e-01 1.855126283920057739e-01
7.781139229987751316e-01 5.630017811505686476e-01 4.195420607067485985e-01 5.917871324334300631e-01 1.322522554150538099e-01 3.638798098445364948e-01 8.145778789691399124e-01 6.037753042472999709e-01 2.469706895170188377e-01 9.049090989066033153e-01 2.915931255926107468e-02 2.805866443713928016e-01 1.584797024556072742e-01 1.368367165572058619e-01
2.142608665235429255e-01 1.388344720794347786e-01 4.060390366236736881e-01 2.575340360030992093e-01 4.011360413122765367e-01 4.418228634473820859e-01 8.265799238047848441e-01 1.536018327623531743e-01 8.274778925637055194e-01 2.562530993472019736e-01 4.839224554807116663e-01 9.231505610070396273e-01 2.194712613367770793e-01 5.054251786737695706e-01
2.063501367750373294e-01 7.219175690203920581e-01 8.507422344629206323e-01 4.909398402542023421e-01 1.346258981201432503e-01 1.547077391042772643e-01 6.392609254798996554e-01 7.755478353883695775e-01 2.060211687728695784e-01 6.645183266841961922e-01 2.269994238817968357e-01 1.416473187617302010e-01 5.741375678214074574e-01 1.263904993596789428e-01
9.907395126463834911e-01 7.683703695204545658e-01 1.214130717341677101e-01 1.321020470565710259e-01 8.655055280060830469e-02 3.064753813811653682e-01 1.648206553810743769e-01 4.758142325497221048e-01 9.636878912569891709e-01 7.746162069147419782e-01 6.159265846696926339e-01 3.013763492495874496e-01 9.914247023300231110e-01 9.441334397895377872e-01
8.555912708099978614e-01 3.243821691426475029e-01 1.599907409580481055e-01 7.195822387566366274e-01 8.732105015803970360e-01 6.290588842179820617e-01 6.287680903407295574e-01 5.700888299364681444e-02 3.702994319811271362e-01 1.042973246138161336e-01 7.009882958333291114e-02 6.268979595447806696e-01 6.250195738097841236e-01 4.030622224349839078e-01
9.782625349153188932e-01 6.500027695755439261e-01 4.896861416499171948e-01 1.623346766064879265e-01 6.572006102514086345e-01 6.088352802477792203e-01 2.781595641414899012e-01 3.671114846599681236e-01 1.531038526711210324e-01 8.855610955522419392e-01 3.329178857252649282e-01 3.515086335487505043e-01 4.088510639428548643e-01 2.535966092708085151e-01
2.664409693400421331e-01 3.314416142579051927e-01 4.429231703538871745e-02 5.786900071447309557e-01 9.177417766567069757e-01 4.869339887315680127e-01 7.784853127620782187e-01 1.797822396059843841e-01 8.301944704591165403e-01 9.995797694065944317e-01 4.463377155171877053e-02 2.709309060670455072e-01 9.863765161524887803e-01 9.889100607168612722e-01
6.440095710309067245e-01 4.832045428842848267e-01 7.755604451765276686e-01 5.090753702910721934e-02 1.679214700632913893e-01 7.641160499026574682e-01 1.143134783971149204e-01 1.750513582950533609e-01 8.041546401170818203e-02 4.208278046155521368e-01 7.092818784088993356e-01 8.199401801629353503e-01 9.295644618170336715e-01 9.400566291739916869e-01
6.404404866886862502e-01 6.439546867915639794e-01 4.587278751165779767e-02 2.359653687487962559e-01 8.813451815161876812e-01 4.028103550527264431e-01 5.624893629160077069e-01 9.831952778466583887e-01 2.876689975515219766e-01 5.533926186507445166e-01 9.936255774748331548e-01 1.120723575288411489e-01 4.030935459725838443e-01 4.980562515325982487e-01
3.896142160908738772e-01 4.642334615176624268e-02 6.791803196731163172e-01 5.558571652703669930e-01 4.996803015930284531e-02 3.594811667185515702e-02 2.138637126040271452e-01 3.981398912542469803e-01 1.691555591623400412e-01 9.375818279245395903e-02 8.275251036681872119e-01 8.234010431265751384e-01 2.979359690871152822e-01 8.018381003879817559e-01
2.078772933970584047e-01 7.305668095527833028e-01 3.945008504051915610e-01 3.480574364697064382e-03 1.591264530784323172e-01 7.342677995897676224e-01 4.135221297271060026e-01 2.735229391143162436e-01 6.600970549027627143e-01 5.995476076738478488e-01 6.607935137069270715e-01 5.842390802735977218e-01 9.870479774868965439e-01 8.408511728583639711e-01
5.212272987868693530e-02 6.294795428933940284e-01 4.478126972150349161e-01 2.093579818922153279e-01 3.356244970257304949e-01 2.994530395797359024e-01 8.446827522437312386e-01 3.834347541842189067e-01 2.147506844264300829e-01 4.277389743990240856e-01 6.004373342089142085e-03 4.526924425694662801e-01 3.382955767539684855e-01 6.159104438078849553e-01
7.678894738203323467e-01 8.551583092630233862e-01 3.538171322568014476e-01 4.933124338142335086e-01 3.610798800853828316e-01 4.384939022572573730e-01 3.014137969058647837e-01 6.137681225420232867e-02 7.534518857590573049e-01 7.328728112758405855e-01 4.704276207708598667e-01 8.936772341004880493e-01 4.379303261419668081e-01 9.473265466831575221e-01
1.047043935455904684e-02 8.204062618408792806e-01 3.781326264377226076e-01 3.552543922918482977e-02 1.699449717156168438e-01 8.019838041738556189e-01 8.717062144510990818e-01 4.632392348295104600e-01 7.178456655859236646e-01 3.824397608185138298e-01 7.635929255407362115e-01 4.597317908199893832e-01 3.114820618479926528e-01 3.029211772803152014e-01
1.622668998396372686e-01 9.695481547070652351e-01 2.568235136315123457e-01 3.802504103857166085e-01 9.720236520985638951e-01 5.393336062296261169e-01 4.011771646196792274e-01 1.534035189074988148e-01 7.779342409764413713e-01 2.451611642750571862e-01 6.194007891190348447e-01 6.964898883086176884e-01 5.935498722032340746e-01 1.607698290570338528e-01
5.285569368337004192e-01 1.340611689589902289e-01 8.628031022194386779e-01 9.494457644217736414e-01 2.718394455512940233e-01 7.162383626143488113e-01 2.789267607903086477e-01 4.866210816546964191e-01 3.610001813287554429e-01 8.212487393148563131e-01 7.844700737970267124e-02 1.701839030634875183e-01 7.792052319641528113e-01 8.152075350595233694e-02
1.110798400041200784e-01 7.003644538448227097e-01 8.024622940664964954e-01 5.345284845438462717e-01 3.130363746359943189e-01 3.759846060110105803e-02 5.052961416986608834e-01 6.830373291368559974e-01 7.319758521396827478e-01 6.113305790529788286e-01 7.084584694526371296e-01 7.411058341063448962e-01 9.227055796587635417e-01 9.806894957347249697e-01
4.624572805550760668e-01 9.486001921245793556e-01 9.497368520540856451e-01 2.160843880179839083e-01 9.678928021677712934e-01 2.382933597912788581e-01 3.816978197684779417e-01 3.999651231445583432e-01 3.896844520371733900e-01 8.892695078285974830e-01 2.591031739042286564e-01 5.633369481501132592e-01 6.856694448843507761e-01 9.136623771308014508e-01
8.127695605358516984e-01 6.564488892754332117e-01 6.167845729141135935e-01 4.311000015806645269e-01 9.216891304643789473e-01 8.852347777452648225e-01 5.787253311880046214e-01 7.286429322586251978e-01 9.971870785009466776e-01 3.137015060626213714e-02 9.522932922432669756e-02 8.978681565101412909e-01 2.727028195507174013e-01 7.636661904278919666e-01
7.901717125787364182e-01 3.334194197003845783e-01 6.116537407546757121e-01 4.394912066071814394e-01 8.256451769250950923e-01 7.519568836599647144e-01 4.337248046311817928e-01 1.663131669135861079e-01 9.472513453673114814e-02 2.836109182387637206e-01 3.734344969073698506e-01 9.847344123933973181e-01 3.763311613841042735e-01 1.509965839656486342e-01
1.121109579275400003e-01 4.610328548978320784e-01 6.242479448310640500e-01 7.105538141510228112e-01 7.755664787435712082e-01 8.117397997947914945e-01 5.551730906874322580e-01 9.212473133418113136e-01 3.085777740782287282e-01 7.629711271215671164e-01 8.257462739367110727e-01 4.622651510620112703e-01 7.513189166446551104e-01 6.373891524399143416e-01
8.010032023669888535e-02 5.964067546914542106e-02 6.582159211226812356e-02 9.521539955494707774e-01 6.806101923999745562e-01 4.206880787823427115e-01 4.502775249664403567e-01 3.060569138016556723e-01 2.784572549171855371e-01 7.719259977984505028e-02 3.272146902085026898e-01 3.099721636666474822e-01 5.057038228567355409e-01 5.790978801946706778e-01
5.035088178222286714e-01 7.425583394817927285e-01 1.270863936027158969e-01 3.057961677045537563e-01 6.135893466998268986e-01 8.435077107197127555e-01 2.521932970848783651e-01 7.246928801703800271e-02 5.723894188925509052e-01 4.161990270800757230e-01 9.201271122878298403e-01 5.702956863335829629e-01 9.787605841321607159e-01 1.068972909205023747e-02
4.787497077546662982e-01 2.882738289427523304e-01 5.506565829742514628e-01 3.439853911014741916e-01 7.426142659233833099e-01 4.369660040537324264e-01 9.867614702022492468e-01 5.009140440858228516e-01 6.108651055369594962e-01 8.290742330958088546e-01 5.025035156542919657e-01 8.649486334229894435e-01 4.130107600028010140e-01 4.444775202383056678e-01
5.839066163317454539e-01 5.901969816205667740e-01 5.162796616448713793e-01 2.044739616735697929e-01 6.546720894682328540e-01 7.930044839241839894e-01 1.934724553597183538e-01 9.532052296901516453e-02 2.817392408837160467e-03 8.186789645364414003e-01 8.198616123420544577e-01 4.160403577795460661e-01 8.053816960310088424e-01 3.605105215800952223e-01
6.056715173075573055e-01 1.836620589597833808e-01 5.069618313301436086e-01 8.121441884821744006e-01 5.320723417547390532e-01 2.081473466622042467e-01 8.524860104906201164e-01 7.010059374040076285e-01 2.350516740655508308e-01 8.314007065051870482e-01 6.207038359424735807e-01 1.015830807011128822e-01 3.994066156214427510e-01 8.229101767241583376e-01
1.067215754585754128e-01 7.362611727204395606e-01 5.512570977329611654e-01 2.415184811735296977e-01 2.948363470264534492e-01 8.321243768954416087e-01 7.642756819776700405e-01 8.609617975233624376e-01 5.537337005661415734e-01 3.520783769501167892e-01 7.925575506139147519e-01 2.269817366287821825e-01 9.664997134550644686e-01 2.487868475452033046e-01
5.939989637594511596e-02 5.085070017839552481e-01 8.499296597182682822e-01 7.496218885110539354e-03 2.871095394401014245e-01 6.173494129539212061e-01 8.817114273918902345e-01 2.163258775959192581e-01 2.010121499012372803e-01 1.860150862507521374e-01 9.111958366513142060e-01 6.832456229693635308e-01 4.670204400635923347e-01 6.781512706762907738e-01
4.386787190898429056e-01 8.211289709001434733e-01 1.582942990002687011e-01 3.883409234980579328e-01 6.594833604172328778e-01 7.667057680021855948e-01 5.293885081065007325e-01 9.504257345115972866e-01 8.857610704252791844e-01 6.354196193310837071e-01 7.864517546502225454e-02 9.781495270937931030e-01 5.392810421031790646e-01 8.261674307069842849e-01
7.952808531736477171e-01 9.154470540067665141e-01 2.235414242723939848e-01 9.902814224114272479e-01 2.208246262755521050e-01 9.628554368265253016e-01 9.627609978711616501e-01 1.503017265397788016e-02 8.830411936468007816e-02 6.829872781804409154e-01 7.000868988020256811e-01 8.789878315872926562e-01 3.973529604806106397e-01 4.866943567805575022e-01
9.935237698158990716e-01 3.703978478825737941e-01 8.781013482915552837e-01 4.466208152438778667e-01 7.285000641654686415e-01 2.967862775510266005e-01 1.838662198479279475e-01 8.771359578438924220e-01 5.852591368915271985e-02 7.081770164785919919e-01 1.892942227347098605e-01 2.356200213119986620e-01 7.432683179250200167e-01 5.613065381081316918e-01
5.015195813634155675e-01 3.006037524795758253e-01 8.512637009419885548e-01 2.770867407746500088e-01 9.902204600947930313e-01 4.764592084006868955e-01 8.837000411600353100e-01 8.237723649006671867e-01 8.213674852252497161e-01 7.126245435829046126e-01 5.536412493863103190e-01 3.388312745835649897e-01 5.748958085843735022e-01 5.936056793970942991e-01
