1.871236668292365346e-01 3.395045873801733061e-01 4.428134848903956255e-01 6.654082953565315650e-01 5.053393071549433513e-01 7.919641779306648699e-01 3.528185956924093647e-01 3.430654080492354652e-01 6.018410916252678877e-01 7.680467538900799251e-01 2.919270562392364265e-01 4.834185422962919976e-01 1.139356168783384193e-01 9.942531308567920112e-01
8.881724947730784692e-01 3.449667884793236050e-01 6.577122368845659262e-01 6.903689094730152132e-01 5.761480736574581263e-01 9.957204400882678774e-01 5.279859051596965669e-01 8.788351178254796281e-01 3.010717534842053400e-01 7.164710880134327331e-01 5.204546049432136057e-01 1.425624422418325654e-02 8.047897050712854439e-01 1.076356024382365550e-01
5.798617833141348488e-01 1.774208376507502294e-02 6.932646965152545748e-01 2.847774878572104651e-01 6.028507985328567242e-01 5.601599365416856102e-01 4.316873474286764267e-01 4.775963526781349389e-01 8.976050083846494054e-01 4.468309468950137919e-01 5.126451071283397720e-01 8.541681068794512166e-01 6.756816589233402004e-01 1.809408732658013275e-02
1.708366241500246518e-01 5.256210381008218357e-01 5.777556347440487849e-01 3.230358454950199576e-01 1.982904694667686485e-02 1.877356600855878410e-01 3.199644320747144777e-01 2.548624340974704472e-01 1.176140985744281720e-01 3.121048453274346546e-01 9.521849186927818787e-01 7.984221299681905082e-01 6.957793519390397252e-01 3.276289287752970347e-01
1.163646345540680915e-02 9.889379803248538048e-01 7.253176851276972315e-01 7.860720506620578751e-01 9.454450402865532954e-01 8.342044236234646970e-01 5.520940281043967834e-01 2.716006342831972509e-01 1.740017710347633306e-01 2.824054420669336318e-01 4.717423573900523248e-01 8.523151345571807758e-01 1.963044957359327825e-01 6.663621711605257625e-01
5.313288017227797422e-01 2.568698722442471771e-01 6.817208915471245634e-01 3.441676250545541160e-01 4.624534207102539707e-01 8.024952779267134906e-01 3.579026269838792018e-01 1.789418059672587269e-02 1.520413977598900068e-01 8.867837328652710127e-01 7.357324366469202293e-01 9.162958507360172700e-01 6.626651455097254395e-02 3.635338558362423145e-01
2.619280206964555990e-01 1.462126903013949430e-01 1.676814197729449285e-01 4.456969807426185426e-01 5.004245352114877754e-02 9.195836912658035267e-01 7.069891557653708025e-01 8.086629270981381401e-01 7.001127173521359826e-02 1.105307793493611745e-01 9.604617116388708409e-01 4.484617173451629357e-01 4.244710878072546212e-01 9.176973162163886144e-01
8.183716489622221424e-01 5.593907698752690338e-01 7.147527862330715909e-01 8.123847172952358697e-01 4.402717999041754204e-01 1.510606065554057631e-01 1.873911541205423026e-01 6.306774501918376297e-01 7.114909435907690316e-01 1.419172177747733965e-01 4.963126473911518843e-01 3.103423773158697774e-01 2.445418811275597015e-01 5.243610560476883453e-01
4.923250694766766467e-01 8.054048099385516801e-01 1.810220060245809615e-01 1.712148135802998850e-01 4.066263650484635006e-01 7.872724342683862231e-01 5.326500419865412006e-01 9.250133178965531666e-01 9.052936760649618053e-01 7.726325091785659627e-01 1.524386968044380009e-01 1.256810404165531470e-02 1.805329180177913662e-01 5.012092152192504368e-02
2.950328819444375528e-01 4.791501879182059609e-01 9.434090353315691679e-01 1.141472573904083188e-01 2.213409396980243748e-01 4.649769512687269568e-01 9.782015939182941988e-01 3.703625900027098794e-01 7.893628600408959528e-01 5.060578803812622040e-01 8.486047919220063296e-02 2.261525234568141363e-01 7.485408019674251179e-01 1.338054624823631356e-01
8.984281618290440585e-01 3.724675877417210623e-01 9.756456438784187890e-01 2.905366961641449031e-01 1.554000329765289345e-01 8.875722939893850860e-01 8.157726194994648905e-01 8.313467224384908372e-01 6.221484827131762430e-01 6.456354939198268861e-01 4.417791894563145583e-01 4.539222483900671179e-01 1.985262183232661126e-02 5.750540106138940510e-01
1.991479170191572390e-01 8.834241372691102878e-01 4.384602743840704253e-02 7.437440866547234686e-01 7.377968337627063278e-01 9.172170586989131236e-01 7.744219675311775353e-01 8.527579543085678226e-01 2.164810938741271729e-01 2.801320647145929543e-01 6.106367861809505193e-01 7.766403433774228260e-01 3.964064737944396066e-01 4.463036315319943714e-01
8.801741491287939922e-01 4.589557914034846364e-01 2.950776571346114263e-02 6.926578191227822368e-01 1.144743189120527305e-01 5.722983429032131308e-01 7.818502117396269879e-01 5.593183222760271800e-01 1.874111248893262083e-01 7.391286685574062210e-01 3.032880270880855544e-02 9.312758524251064651e-01 3.980246592881027112e-01 2.804544086045410722e-01
8.410462182119088359e-01 2.404032383501634174e-01 7.011905718930712128e-01 8.032472039051808954e-01 2.028445487536184588e-01 6.966205826393131462e-01 2.393588101008161662e-01 6.494465680217932357e-01 4.086057859092684375e-02 3.444844489451640568e-01 3.613192630978507847e-01 3.330356750151025613e-01 1.229022869909938143e-01 3.922429709361424655e-01
3.263180672822728612e-01 8.251852342185518330e-01 4.388448907539855837e-01 2.793929818853991831e-01 5.385557598376912170e-01 7.313140223049016120e-01 6.909188427492666262e-01 1.583477572732070460e-01 8.095869267756664600e-01 8.769810302597009777e-01 9.692189824062943382e-01 4.665709555037049761e-01 4.630933356274828938e-01 2.006398675044305246e-01
7.866977167450169839e-01 1.632493780874274547e-01 6.001107214978891324e-01 9.769735322686523560e-01 3.006806244065727274e-01 7.804235995295429884e-01 3.148335226713229185e-01 3.802942735085980130e-01 7.027967442012837962e-01 7.278241500818998233e-01 3.145558235004463077e-01 7.599701018637673444e-01 8.802577310242243325e-01 5.285819714229382793e-01
1.940431007708546263e-01 9.933054979942879115e-01 6.983413141532003321e-01 7.732138281112144185e-01 7.643393214363803922e-01 2.909782729152091685e-01 9.896309099363179707e-01 8.679888604114979200e-01 9.180478299614290849e-01 6.366661691031983983e-01 9.903159878472300726e-02 3.785784701892835891e-01 5.008965991086949954e-01 5.679048405564041113e-01
1.938982999048443068e-01 1.240209045353799500e-01 8.643377922839370342e-01 2.290114887232302943e-01 7.614970288468009274e-01 6.521103487713817426e-01 5.580059686687485199e-01 4.983786453615304257e-01 6.333568814655744506e-01 1.704647876254907768e-01 8.504072847409892555e-01 9.034700173567906667e-01 3.792488798872564182e-01 7.850508374085072294e-01
9.999729893964720562e-01 7.465709646585270143e-01 6.711325741827007807e-01 2.372920572832901698e-01 2.306938642929530214e-01 3.750991346844472218e-01 9.803071946085036847e-01 4.665175335530202805e-01 1.966787330550787694e-01 4.350225104688916211e-01 4.982500851741876735e-01 2.479117317298344947e-01 2.285612997417242331e-01 8.172805003287757497e-01
1.271584834414618559e-01 2.425409529738773440e-01 1.262040440478573444e-02 1.363922782416371327e-03 6.856316710308042461e-01 9.799730563396695793e-01 6.245823090083337803e-01 6.394996462337041443e-01 5.179040963687865373e-01 4.038444642342533530e-01 7.381900473296983956e-01 9.576541173520013439e-01 4.105897635374472499e-01 5.732105077327588338e-01
7.753806726140628491e-01 7.051688774472097965e-02 3.874754585429296405e-01 2.363996016387607257e-01 7.518952187931262632e-01 4.421537634354593127e-01 1.482560094718459176e-01 4.940378078722329480e-02 5.380826654220626226e-01 4.992376927839436984e-01 1.751827325804277136e-01 8.223353618186934888e-02 2.074651052764954207e-01 8.511269635822452662e-01
5.436962131129086107e-02 2.597428796375156335e-02 6.515386787963122206e-01 1.065260026138965532e-01 6.600415813185500635e-02 7.838093685584345272e-01 2.726412733467357130e-01 5.609480448318846513e-01 3.629700685633104884e-01 7.171368060051839244e-01 2.585793414862278539e-01 7.256275436013391866e-01 7.875927627676895248e-01 3.223335980333439377e-01
5.968081675403549280e-01 2.791410565348284578e-01 8.067391615401896532e-01 6.571823235227427507e-01 1.315741250463703382e-01 2.125585238245786268e-02 6.139635557372691288e-01 7.661805201811326960e-01 9.853066433147561476e-02 7.545090798574416446e-01 3.765371376885154886e-01 7.026642096333085563e-01 5.025691073336833181e-01 2.214211941615267243e-01
2.220962624927459439e-01 5.416618434333276833e-01 3.156325616324781036e-01 7.855456303136598706e-02 8.405195550757387224e-01 6.261894879103861999e-01 4.027340719118001067e-01 3.018856854446138049e-01 6.239464519199252601e-01 9.965871053425026105e-01 1.582906967191635150e-01 5.552161326472461189e-01 5.959679302014359026e-01 4.628821698906840920e-01
6.897548602035942222e-01 3.572047616112393742e-01 6.126633350666088607e-02 1.672918693518155031e-03 3.807326178483081414e-01 2.265780443142296763e-01 2.074299760506984613e-01 1.833978023144661185e-01 1.278512661328460309e-01 7.870609655448845832e-01 6.047919517443656190e-01 9.855722345872015566e-01 2.210545350699387734e-01 6.484252072203864348e-01
9.212796979275378328e-01 5.934975154920190121e-01 7.868302769886208470e-01 9.492249055166634975e-01 5.396727674075102454e-01 7.645876575950310006e-01 5.076516084310920274e-01 2.205022659611352021e-01 7.957845515086581223e-02 2.799323251325550599e-01 2.477994985906871728e-01 4.775948254876303256e-01 3.221927612705330901e-01 8.253366780777930956e-01
4.300836409785337988e-01 6.886456881926494855e-02 6.646440376078694978e-01 7.211040948297401387e-01 8.960572399277926259e-01 3.070275844075465166e-01 3.803879698017920141e-01 8.010241025876491117e-01 8.145264768391681232e-01 1.094510246499437178e-01 4.482513819401625632e-01 6.330524012957081670e-01 8.130482910412016873e-01 3.548293487764867526e-01
8.376603783715084184e-01 4.122112047458603712e-01 6.907415128529640347e-01 2.457219177861790227e-01 3.751279386257104775e-01 9.481170937301164336e-02 7.654684899386090535e-01 7.301019470124261446e-01 8.545091652235310420e-01 4.026409967504818166e-02 8.934747270521511409e-01 3.822666176693300111e-01 6.678773483305332492e-01 9.668474165172815660e-01
1.770141592438368994e-01 6.183256934893160972e-01 4.676053603465523123e-01 7.013756963744682826e-01 2.178545679654161349e-01 8.618243600850764574e-01 5.569377337560055263e-02 2.353650502892687957e-01 4.960298171151457103e-01 4.189093113308117733e-02 5.041785410128164502e-01 6.306931400810333876e-01 2.949115764325714872e-01 3.668759118580855461e-01
4.637361512426527721e-01 2.446582470993126091e-01 3.534759100277385935e-01 5.756935393811988266e-01 5.503513711537075803e-01 1.427095300622327478e-02 1.458279166930239734e-01 4.421941055385947283e-01 5.291629433149821482e-01 6.406631845020231975e-01 8.368847019459197956e-01 2.071103323424672293e-02 8.754436702280270488e-01 9.300549632144951007e-01
6.351460551876664251e-01 6.235605914003240491e-01 2.582911154683242838e-02 7.631736675243081525e-01 9.018669614456656936e-01 5.417227793436000249e-01 2.189027008974113730e-01 6.755709401624709898e-02 7.209908991627073105e-01 4.022639602363531353e-01 7.958676701155059652e-01 9.373311860570028298e-01 8.393495929269384481e-01 5.799990428542894927e-01
5.802860453190514800e-01 7.381149363582171219e-01 8.840175512388911416e-01 9.571986026625002308e-01 8.496940469590121836e-01 4.590078138182304146e-01 8.105011813092466433e-02 5.834892801279190078e-02 2.638708768542258332e-01 2.761846303590290708e-01 1.962918559360679049e-01 5.818333680029165178e-01 3.996965232781665156e-01 8.702067039387886282e-01
5.166599400593830937e-01 8.097447612707932008e-01 2.089214908480516719e-01 9.057081381106761864e-01 7.526234492010731580e-01 3.849273165718684053e-01 6.832739296960599340e-03 6.591773518380272812e-02 8.748624070412733822e-01 1.609029238903050274e-01 7.691609627192397269e-01 2.145811793474196039e-01 6.033319659306726201e-01 3.630583544362476767e-01
4.627022071017310445e-01 4.085215593413159541e-01 9.140896932263700148e-01 6.327564750845737773e-01 7.433479105613982618e-01 2.486416249107090692e-01 3.958525987368113341e-01 7.978955334566895097e-02 4.208399495441272897e-01 3.662183634733819915e-01 4.851547926669752542e-03 7.895505364855258668e-01 9.186725369089218107e-01 2.482208596138657519e-02
7.794067700235500773e-01 9.553049550267638246e-01 9.821569342130609392e-02 2.759355720449107041e-01 9.246259909026638413e-01 1.507961634543367735e-01 9.210286272956241804e-01 9.913163748882821702e-01 5.597534884369844699e-01 1.098476169699106331e-01 5.762303713190974896e-01 5.908015115085540891e-03 2.420477732218054845e-01 4.757928817621972506e-01
8.018172716348995754e-01 2.588166654848577108e-01 1.590623374358797193e-01 6.426953678063254127e-01 2.978376292950469795e-01 6.796582540645765835e-01 6.889532988933222413e-02 7.033182547012950536e-01 6.808540961205435949e-01 9.255737341762981796e-01 7.109926969286860521e-01 9.641102621062721534e-01 7.049359790771441148e-01 3.863577804827863504e-01
9.145907545913893877e-01 7.453985174275984393e-01 9.490058831556228425e-01 8.481483297177879743e-01 3.817245158503743685e-01 5.323607934517771145e-02 7.619630030978870039e-01 4.875923039971263862e-01 6.041746548134777628e-01 8.523730772281089552e-01 7.638101702043730290e-01 6.461581992460864177e-01 9.326367281787750763e-01 2.372372917989118424e-01
3.345592315627289315e-01 9.443180911949450307e-01 8.079776117792329959e-01 7.475517346229548776e-01 3.871079028372537145e-02 2.032982031920231858e-01 1.474238543830708181e-02 4.691550979916194741e-01 3.069990162131883693e-01 5.107744239605133130e-01 1.939970425985825253e-01 4.452295969460824399e-01 5.068949803856181990e-02 1.069009683712117686e-01
3.968683470241951561e-01 9.529368132234917743e-01 5.887543761305069623e-01 9.871886159374466674e-01 3.884636860281737158e-01 2.328643168479631598e-01 7.869760681516215772e-01 6.102151481003854627e-01 6.221959282824074400e-02 4.072073093424293244e-01 1.217804133709532444e-01 5.027094691969988816e-01 4.671006373523515220e-01 9.136994210061415433e-01
7.432024938403469783e-01 5.545997919217515726e-01 7.568770373285249597e-01 2.061983697646574409e-02 8.220837682283591574e-01 4.666086861112797024e-01 4.937276748216685718e-01 5.304099109471416273e-01 9.221609978077093261e-01 7.083712324077774403e-01 6.733659501692649263e-01 3.198165179076410958e-01 5.586789600228047048e-01 9.299275692513573333e-01
1.693695585071038900e-01 2.474885121094305696e-02 1.770901966791065263e-01 8.480636348717083273e-01 5.152197505895828034e-02 9.011370094346307091e-01 3.193782275512088153e-01 3.109511131668285522e-02 3.807520055857501751e-01 6.633318847820981468e-01 7.056042186959785578e-01 9.213298255925894686e-01 9.595760986458721220e-01 9.168243138867934183e-01
7.196757268540646679e-01 2.544837580840242364e-02 7.990754209973577327e-01 4.018980174514598103e-01 8.200645747048165290e-01 8.420751136492059530e-01 2.021117967281604866e-01 5.220236268490897613e-01 4.736288126960142009e-03 9.466175901644504620e-01 9.173940020722393118e-01 1.146644234272735652e-01 2.513743920769107021e-02 2.908392434097996082e-01
6.430122048420722214e-01 8.436208052686833270e-02 7.860207271499063397e-01 9.345314100845351080e-01 7.882899522028642414e-01 1.955425640979868707e-01 7.611149907228347278e-01 1.546439367420744393e-01 5.536862280241798828e-01 5.388358439127840516e-01 4.043352152977891523e-01 4.846027949007021274e-01 3.683882561959364033e-01 1.637920074720050634e-01
4.490060177042639600e-01 1.718789990988514038e-01 4.856952651771712093e-01 7.983835191383352736e-01 3.951121698458156528e-01 7.181088969776439068e-01 3.776218165598720367e-01 9.383200535428639633e-01 8.991236167544074398e-01 3.465032900609897881e-01 6.025012386071479931e-01 3.746903579913488658e-01 9.476177829615275439e-01 8.904212268344081638e-01
7.065872743900076802e-01 2.112008726386328528e-01 4.135028583235228483e-01 7.763358927381351915e-01 5.668264774624109936e-01 6.676373964519825011e-01 6.983669521628088628e-02 1.119736210838296886e-01 5.018942616791103317e-01 5.303389878448339090e-02 4.030568640197633723e-01 7.993136314352788929e-01 4.851920120182957596e-01 8.392574663934058155e-01
5.498243446352308883e-01 6.242904586976564252e-01 9.977663808066311590e-01 2.042869259751989297e-02 8.789068684425254130e-01 9.702774006202408152e-02 7.389596901678942009e-01 3.942423343533230096e-02 6.771317972178914069e-01 9.189244626141984673e-01 5.674670033956913384e-01 2.128500257642673699e-01 7.349278930939275867e-01 8.403286277560286788e-01
9.166209619703509226e-01 8.988358464469741183e-01 1.389406607406369343e-01 9.337234635698077323e-01 9.849194818687195818e-01 7.075144034508572544e-01 9.816477240745001831e-01 1.638306919893420810e-01 5.387479900872881311e-01 5.757795049022953471e-01 3.997617765304617432e-02 2.411533267270005165e-02 4.834436613904901092e-01 2.467206500998966323e-01
4.412649197134067558e-01 9.265945616337469826e-01 6.969362636712997938e-01 2.992858617849230018e-01 8.194985814067973218e-01 6.792823497122879584e-01 1.310412890559337074e-01 6.991341281129082041e-02 7.519633376576760897e-01 8.736680022860796591e-01 9.948367855202406851e-01 6.416332133502764545e-01 3.272786651073622544e-01 1.209709708090679348e-01
2.842004378417084531e-01 7.709862085081473637e-01 8.401990958735628956e-01 5.731251597117781316e-01 6.990342636633306572e-01 2.701586983690573707e-02 2.049952541187365362e-01 4.478743940086489239e-01 9.131273758196301049e-01 9.429847257447402376e-01 8.393032734954523066e-01 7.615930294167635450e-01 6.018791275635969606e-01 6.348082042875580200e-02
9.998780884740142705e-01 6.242238217645731391e-01 6.520719638624334902e-01 5.937606480257207053e-03 6.234959207079397991e-01 5.625206027076162796e-01 3.916931343641161245e-01 3.992068828955134263e-01 1.488979381200964403e-01 8.105963716802100372e-02 2.022072150053169093e-01 5.455475306654197221e-01 9.061907362321761639e-01 1.425746196132706700e-01
