1,2,3,4,5,6,7,23,20,13,14,15,16,19,9,10,22,,,,,,,,,,,,,,,,,,,,,,,,,,,,,,,
21,22,23,24,1,2,3,4,9,10,5,6,13,14,17,18,19,,,,,,,,,,,,,,,,,,,,,,,,,,,,,,,
20,22,19,18,17,4,5,1,2,3,6,7,16,,,,,,,,,,,,,,,,,,,,,,,,,,,,,,,,,,,
23,,,,,,,,,,,,,,,,,,,,,,,,,,,,,,,,,,,,,,,,,,,,,,,
22,1,2,3,4,17,18,19,,,,,,,,,,,,,,,,,,,,,,,,,,,,,,,,,,,,,,,,
12,11,15,16,17,19,9,10,4,3,18,,,,,,,,,,,,,,,,,,,,,,,,,,,,,,,,,,,,,
1,2,22,3,4,8,9,10,11,5,6,,,,,,,,,,,,,,,,,,,,,,,,,,,,,,,,,,,,,
19,20,9,10,11,12,3,,,,,,,,,,,,,,,,,,,,,,,,,,,,,,,,,,,,,,,,,
1,2,3,8,9,10,11,7,6,17,18,13,12,23,21,,,,,,,,,,,,,,,,,,,,,,,,,,,,,,,,,
24,13,14,1,2,3,8,7,9,,,,,,,,,,,,,,,,,,,,,,,,,,,,,,,,,,,,,,,
23,7,2,22,21,20,13,3,4,,,,,,,,,,,,,,,,,,,,,,,,,,,,,,,,,,,,,,,
22,21,7,13,5,4,6,2,3,1,,,,,,,,,,,,,,,,,,,,,,,,,,,,,,,,,,,,,,
3,4,21,1,2,24,,,,,,,,,,,,,,,,,,,,,,,,,,,,,,,,,,,,,,,,,,
23,24,13,14,10,9,3,4,5,6,,,,,,,,,,,,,,,,,,,,,,,,,,,,,,,,,,,,,,
22,24,23,2,1,3,4,,,,,,,,,,,,,,,,,,,,,,,,,,,,,,,,,,,,,,,,,
1,2,4,3,20,24,17,13,14,15,,,,,,,,,,,,,,,,,,,,,,,,,,,,,,,,,,,,,,
19,20,17,18,23,24,13,14,12,11,,,,,,,,,,,,,,,,,,,,,,,,,,,,,,,,,,,,,,
22,23,21,20,1,2,,,,,,,,,,,,,,,,,,,,,,,,,,,,,,,,,,,,,,,,,,
20,21,22,23,19,18,24,11,12,7,8,6,5,10,9,,,,,,,,,,,,,,,,,,,,,,,,,,,,,,,,,
1,2,3,22,6,16,17,18,15,,,,,,,,,,,,,,,,,,,,,,,,,,,,,,,,,,,,,,,
12,20,21,22,10,11,3,4,,,,,,,,,,,,,,,,,,,,,,,,,,,,,,,,,,,,,,,,
22,23,6,24,19,11,12,,,,,,,,,,,,,,,,,,,,,,,,,,,,,,,,,,,,,,,,,
16,7,8,12,,,,,,,,,,,,,,,,,,,,,,,,,,,,,,,,,,,,,,,,,,,,
24,22,23,16,17,14,15,18,19,1,,,,,,,,,,,,,,,,,,,,,,,,,,,,,,,,,,,,,,
1,2,9,10,20,19,7,8,21,16,3,,,,,,,,,,,,,,,,,,,,,,,,,,,,,,,,,,,,,
17,16,18,19,8,7,20,21,3,4,5,6,,,,,,,,,,,,,,,,,,,,,,,,,,,,,,,,,,,,
9,10,,,,,,,,,,,,,,,,,,,,,,,,,,,,,,,,,,,,,,,,,,,,,,
8,7,2,1,3,6,4,5,,,,,,,,,,,,,,,,,,,,,,,,,,,,,,,,,,,,,,,,
2,1,23,6,8,9,3,10,4,13,14,12,17,16,18,21,22,,,,,,,,,,,,,,,,,,,,,,,,,,,,,,,
21,22,24,19,16,17,18,15,14,20,5,6,11,13,12,,,,,,,,,,,,,,,,,,,,,,,,,,,,,,,,,
1,2,3,4,5,6,10,7,8,11,12,15,16,20,21,,,,,,,,,,,,,,,,,,,,,,,,,,,,,,,,,
24,14,13,,,,,,,,,,,,,,,,,,,,,,,,,,,,,,,,,,,,,,,,,,,,,
1,2,10,11,8,24,21,22,23,,,,,,,,,,,,,,,,,,,,,,,,,,,,,,,,,,,,,,,
22,19,20,21,3,2,1,17,18,9,,,,,,,,,,,,,,,,,,,,,,,,,,,,,,,,,,,,,,
18,20,19,3,4,23,,,,,,,,,,,,,,,,,,,,,,,,,,,,,,,,,,,,,,,,,,
23,24,21,22,12,11,10,9,7,8,1,2,6,3,4,20,,,,,,,,,,,,,,,,,,,,,,,,,,,,,,,,
15,16,5,6,17,18,,,,,,,,,,,,,,,,,,,,,,,,,,,,,,,,,,,,,,,,,,
21,22,7,8,,,,,,,,,,,,,,,,,,,,,,,,,,,,,,,,,,,,,,,,,,,,
5,7,8,11,10,1,14,15,2,,,,,,,,,,,,,,,,,,,,,,,,,,,,,,,,,,,,,,,
21,22,23,24,9,10,3,4,12,15,17,8,18,16,,,,,,,,,,,,,,,,,,,,,,,,,,,,,,,,,,
24,23,1,2,3,4,6,5,21,18,19,8,9,11,,,,,,,,,,,,,,,,,,,,,,,,,,,,,,,,,,
24,23,15,22,5,6,10,11,2,1,,,,,,,,,,,,,,,,,,,,,,,,,,,,,,,,,,,,,,
22,12,13,18,17,11,3,4,16,,,,,,,,,,,,,,,,,,,,,,,,,,,,,,,,,,,,,,,
1,2,3,4,7,8,,,,,,,,,,,,,,,,,,,,,,,,,,,,,,,,,,,,,,,,,,
23,24,12,11,13,14,4,3,9,10,,,,,,,,,,,,,,,,,,,,,,,,,,,,,,,,,,,,,,
1,2,3,7,17,8,9,11,,,,,,,,,,,,,,,,,,,,,,,,,,,,,,,,,,,,,,,,
19,20,21,17,18,7,8,9,15,16,22,1,2,3,4,,,,,,,,,,,,,,,,,,,,,,,,,,,,,,,,,
1,2,24,23,19,10,13,14,16,17,18,3,4,,,,,,,,,,,,,,,,,,,,,,,,,,,,,,,,,,,
1,2,3,8,5,6,9,11,10,15,7,23,24,19,20,,,,,,,,,,,,,,,,,,,,,,,,,,,,,,,,,
16,17,22,23,10,11,12,9,8,13,,,,,,,,,,,,,,,,,,,,,,,,,,,,,,,,,,,,,,
1,2,3,4,5,6,8,9,10,11,21,14,18,,,,,,,,,,,,,,,,,,,,,,,,,,,,,,,,,,,
21,22,20,19,12,13,14,17,18,15,16,5,6,9,,,,,,,,,,,,,,,,,,,,,,,,,,,,,,,,,,
24,20,11,12,15,16,1,2,5,6,3,,,,,,,,,,,,,,,,,,,,,,,,,,,,,,,,,,,,,
1,2,3,4,19,20,8,14,15,5,6,23,,,,,,,,,,,,,,,,,,,,,,,,,,,,,,,,,,,,
3,4,22,23,21,20,9,10,15,16,17,13,14,11,12,1,,,,,,,,,,,,,,,,,,,,,,,,,,,,,,,,
24,23,3,4,19,21,22,20,,,,,,,,,,,,,,,,,,,,,,,,,,,,,,,,,,,,,,,,
23,24,15,16,17,5,2,9,10,11,12,,,,,,,,,,,,,,,,,,,,,,,,,,,,,,,,,,,,,
15,16,17,18,1,4,3,5,6,7,9,10,,,,,,,,,,,,,,,,,,,,,,,,,,,,,,,,,,,,
19,20,17,18,21,22,23,24,1,2,3,4,9,10,7,8,,,,,,,,,,,,,,,,,,,,,,,,,,,,,,,,
21,22,23,24,16,15,7,8,3,4,11,12,13,14,1,2,,,,,,,,,,,,,,,,,,,,,,,,,,,,,,,,
21,20,19,5,6,22,23,24,1,2,3,4,,,,,,,,,,,,,,,,,,,,,,,,,,,,,,,,,,,,
19,20,21,22,2,5,8,7,,,,,,,,,,,,,,,,,,,,,,,,,,,,,,,,,,,,,,,,
23,24,21,22,16,15,17,18,9,10,13,14,7,8,6,5,,,,,,,,,,,,,,,,,,,,,,,,,,,,,,,,
22,23,20,21,16,17,18,19,2,1,12,13,3,4,6,7,8,9,10,,,,,,,,,,,,,,,,,,,,,,,,,,,,,
21,22,23,24,12,17,14,1,2,3,4,6,5,7,8,,,,,,,,,,,,,,,,,,,,,,,,,,,,,,,,,
21,22,24,23,13,12,16,7,8,9,10,5,6,1,2,4,3,,,,,,,,,,,,,,,,,,,,,,,,,,,,,,,
22,23,20,5,6,7,8,9,10,16,14,13,,,,,,,,,,,,,,,,,,,,,,,,,,,,,,,,,,,,
7,8,9,10,15,17,18,16,19,21,22,23,,,,,,,,,,,,,,,,,,,,,,,,,,,,,,,,,,,,
21,22,23,24,7,8,12,11,2,1,3,4,,,,,,,,,,,,,,,,,,,,,,,,,,,,,,,,,,,,
16,17,1,2,4,3,5,6,8,24,13,12,,,,,,,,,,,,,,,,,,,,,,,,,,,,,,,,,,,,
11,20,21,12,13,22,23,24,,,,,,,,,,,,,,,,,,,,,,,,,,,,,,,,,,,,,,,,
17,18,21,22,24,23,1,2,4,,,,,,,,,,,,,,,,,,,,,,,,,,,,,,,,,,,,,,,
1,2,5,6,17,18,19,20,21,22,23,24,14,,,,,,,,,,,,,,,,,,,,,,,,,,,,,,,,,,,
15,16,18,17,1,2,,,,,,,,,,,,,,,,,,,,,,,,,,,,,,,,,,,,,,,,,,
21,22,23,24,9,4,3,1,2,,,,,,,,,,,,,,,,,,,,,,,,,,,,,,,,,,,,,,,
21,22,23,24,19,20,1,17,18,9,10,,,,,,,,,,,,,,,,,,,,,,,,,,,,,,,,,,,,,
19,20,21,22,24,23,1,2,3,4,5,6,7,8,11,,,,,,,,,,,,,,,,,,,,,,,,,,,,,,,,,
11,9,10,1,2,4,3,5,6,7,8,,,,,,,,,,,,,,,,,,,,,,,,,,,,,,,,,,,,,
2,1,14,15,5,6,16,17,4,,,,,,,,,,,,,,,,,,,,,,,,,,,,,,,,,,,,,,,
23,24,17,18,19,20,6,5,11,12,22,13,14,16,15,,,,,,,,,,,,,,,,,,,,,,,,,,,,,,,,,
18,19,20,21,17,16,1,2,3,4,5,10,11,12,9,8,,,,,,,,,,,,,,,,,,,,,,,,,,,,,,,,
15,16,17,18,21,22,24,,,,,,,,,,,,,,,,,,,,,,,,,,,,,,,,,,,,,,,,,
18,19,20,21,6,3,10,,,,,,,,,,,,,,,,,,,,,,,,,,,,,,,,,,,,,,,,,
22,23,4,3,8,9,16,17,18,19,12,13,14,15,,,,,,,,,,,,,,,,,,,,,,,,,,,,,,,,,,
23,24,1,2,19,20,6,,,,,,,,,,,,,,,,,,,,,,,,,,,,,,,,,,,,,,,,,
1,2,19,20,9,10,11,12,13,14,15,17,16,18,3,4,5,6,7,8,21,22,,,,,,,,,,,,,,,,,,,,,,,,,,
24,19,21,,,,,,,,,,,,,,,,,,,,,,,,,,,,,,,,,,,,,,,,,,,,,
17,18,15,16,7,1,2,23,24,,,,,,,,,,,,,,,,,,,,,,,,,,,,,,,,,,,,,,,
19,20,24,21,4,5,11,13,10,9,12,2,3,17,18,16,,,,,,,,,,,,,,,,,,,,,,,,,,,,,,,,
22,23,24,3,4,1,7,8,9,5,,,,,,,,,,,,,,,,,,,,,,,,,,,,,,,,,,,,,,
22,23,24,8,9,6,4,10,11,,,,,,,,,,,,,,,,,,,,,,,,,,,,,,,,,,,,,,,
23,24,19,20,17,18,1,3,2,4,7,,,,,,,,,,,,,,,,,,,,,,,,,,,,,,,,,,,,,
19,20,18,21,22,,,,,,,,,,,,,,,,,,,,,,,,,,,,,,,,,,,,,,,,,,,
21,22,17,18,15,16,1,2,3,4,,,,,,,,,,,,,,,,,,,,,,,,,,,,,,,,,,,,,,
22,23,24,18,12,11,,,,,,,,,,,,,,,,,,,,,,,,,,,,,,,,,,,,,,,,,,
23,24,17,7,11,16,15,2,1,3,4,14,9,10,13,,,,,,,,,,,,,,,,,,,,,,,,,,,,,,,,,
19,20,23,22,1,2,7,8,16,18,6,5,,,,,,,,,,,,,,,,,,,,,,,,,,,,,,,,,,,,
23,24,12,22,21,19,20,11,3,4,5,6,1,2,9,,,,,,,,,,,,,,,,,,,,,,,,,,,,,,,,,
1,2,20,24,23,22,11,12,13,15,14,16,,,,,,,,,,,,,,,,,,,,,,,,,,,,,,,,,,,,
21,22,19,24,17,18,11,12,,,,,,,,,,,,,,,,,,,,,,,,,,,,,,,,,,,,,,,,
18,20,19,21,22,23,24,15,16,17,2,1,3,4,9,10,11,6,,,,,,,,,,,,,,,,,,,,,,,,,,,,,,
21,22,23,18,19,20,4,6,8,10,9,11,15,16,17,,,,,,,,,,,,,,,,,,,,,,,,,,,,,,,,,
19,20,21,16,17,18,4,5,6,7,8,9,10,11,12,1,2,3,,,,,,,,,,,,,,,,,,,,,,,,,,,,,,
22,23,24,19,20,21,7,8,9,,,,,,,,,,,,,,,,,,,,,,,,,,,,,,,,,,,,,,,
22,23,24,13,14,15,10,11,12,7,8,9,4,5,6,17,16,18,1,2,3,,,,,,,,,,,,,,,,,,,,,,,,,,,
22,23,24,19,20,21,2,5,4,6,10,16,17,18,,,,,,,,,,,,,,,,,,,,,,,,,,,,,,,,,,
22,23,24,19,20,21,1,2,3,4,5,6,16,17,18,10,11,12,,,,,,,,,,,,,,,,,,,,,,,,,,,,,,
22,20,24,13,14,19,18,7,,,,,,,,,,,,,,,,,,,,,,,,,,,,,,,,,,,,,,,,
22,23,24,19,20,21,16,18,1,2,3,7,8,9,,,,,,,,,,,,,,,,,,,,,,,,,,,,,,,,,,
19,20,21,22,13,14,15,10,12,,,,,,,,,,,,,,,,,,,,,,,,,,,,,,,,,,,,,,,
22,23,24,19,20,21,13,14,15,2,1,3,8,7,9,,,,,,,,,,,,,,,,,,,,,,,,,,,,,,,,,
22,23,24,19,20,21,16,18,12,10,11,13,14,15,7,8,9,,,,,,,,,,,,,,,,,,,,,,,,,,,,,,,
23,24,20,19,18,1,2,3,8,9,4,,,,,,,,,,,,,,,,,,,,,,,,,,,,,,,,,,,,,
22,23,24,4,5,6,13,14,15,10,11,12,,,,,,,,,,,,,,,,,,,,,,,,,,,,,,,,,,,,
22,23,24,19,20,21,17,18,,,,,,,,,,,,,,,,,,,,,,,,,,,,,,,,,,,,,,,,
20,21,22,14,15,16,6,4,5,,,,,,,,,,,,,,,,,,,,,,,,,,,,,,,,,,,,,,,
22,23,24,19,20,21,10,11,12,13,14,15,7,8,9,4,5,6,1,2,3,,,,,,,,,,,,,,,,,,,,,,,,,,,
22,23,24,19,20,21,,,,,,,,,,,,,,,,,,,,,,,,,,,,,,,,,,,,,,,,,,
22,23,24,19,20,21,16,18,17,4,5,6,7,8,9,13,14,15,,,,,,,,,,,,,,,,,,,,,,,,,,,,,,
22,23,24,10,11,12,14,13,4,5,6,2,1,3,,,,,,,,,,,,,,,,,,,,,,,,,,,,,,,,,,
23,22,24,1,2,3,4,5,6,7,8,9,19,20,21,,,,,,,,,,,,,,,,,,,,,,,,,,,,,,,,,
22,23,24,10,11,12,13,14,15,7,8,9,1,4,,,,,,,,,,,,,,,,,,,,,,,,,,,,,,,,,,
22,23,24,19,20,21,7,,,,,,,,,,,,,,,,,,,,,,,,,,,,,,,,,,,,,,,,,
22,23,21,20,10,11,12,,,,,,,,,,,,,,,,,,,,,,,,,,,,,,,,,,,,,,,,,
22,23,24,10,11,,,,,,,,,,,,,,,,,,,,,,,,,,,,,,,,,,,,,,,,,,,
20,21,22,23,8,9,10,5,6,17,19,18,14,15,12,11,13,,,,,,,,,,,,,,,,,,,,,,,,,,,,,,,
22,23,24,19,20,21,13,14,15,,,,,,,,,,,,,,,,,,,,,,,,,,,,,,,,,,,,,,,
22,23,24,13,14,15,10,11,12,4,6,7,8,9,1,3,,,,,,,,,,,,,,,,,,,,,,,,,,,,,,,,
19,20,22,23,7,8,10,11,21,1,,,,,,,,,,,,,,,,,,,,,,,,,,,,,,,,,,,,,,
22,23,24,4,5,6,20,21,19,7,8,9,1,2,3,,,,,,,,,,,,,,,,,,,,,,,,,,,,,,,,,
22,23,24,13,14,15,4,5,,,,,,,,,,,,,,,,,,,,,,,,,,,,,,,,,,,,,,,,
22,23,10,11,12,,,,,,,,,,,,,,,,,,,,,,,,,,,,,,,,,,,,,,,,,,,
22,23,24,16,17,18,,,,,,,,,,,,,,,,,,,,,,,,,,,,,,,,,,,,,,,,,,
22,20,21,7,8,,,,,,,,,,,,,,,,,,,,,,,,,,,,,,,,,,,,,,,,,,,
19,20,21,2,1,3,7,8,11,10,,,,,,,,,,,,,,,,,,,,,,,,,,,,,,,,,,,,,,
22,23,24,19,20,21,4,5,6,1,,,,,,,,,,,,,,,,,,,,,,,,,,,,,,,,,,,,,,
22,23,24,16,17,18,15,13,14,1,3,2,,,,,,,,,,,,,,,,,,,,,,,,,,,,,,,,,,,,
22,23,24,1,2,3,4,5,,,,,,,,,,,,,,,,,,,,,,,,,,,,,,,,,,,,,,,,
22,23,24,21,3,4,5,10,11,12,13,14,15,,,,,,,,,,,,,,,,,,,,,,,,,,,,,,,,,,,
20,21,10,11,12,18,17,16,,,,,,,,,,,,,,,,,,,,,,,,,,,,,,,,,,,,,,,,
22,23,24,19,20,21,11,10,16,17,18,,,,,,,,,,,,,,,,,,,,,,,,,,,,,,,,,,,,,
22,23,24,17,15,4,13,14,10,11,12,,,,,,,,,,,,,,,,,,,,,,,,,,,,,,,,,,,,,
22,23,24,1,2,3,,,,,,,,,,,,,,,,,,,,,,,,,,,,,,,,,,,,,,,,,,
16,17,18,4,6,5,,,,,,,,,,,,,,,,,,,,,,,,,,,,,,,,,,,,,,,,,,
20,22,23,24,10,11,12,7,8,9,1,2,3,,,,,,,,,,,,,,,,,,,,,,,,,,,,,,,,,,,
19,20,21,22,23,24,16,17,18,6,5,14,15,4,,,,,,,,,,,,,,,,,,,,,,,,,,,,,,,,,,
19,20,21,22,23,24,2,1,3,12,13,16,17,18,8,7,9,,,,,,,,,,,,,,,,,,,,,,,,,,,,,,,
22,23,24,19,20,21,1,2,3,,,,,,,,,,,,,,,,,,,,,,,,,,,,,,,,,,,,,,,
22,23,24,4,5,6,14,13,1,2,3,18,17,,,,,,,,,,,,,,,,,,,,,,,,,,,,,,,,,,,
22,23,24,10,11,12,18,13,14,15,,,,,,,,,,,,,,,,,,,,,,,,,,,,,,,,,,,,,,
22,23,24,16,17,18,1,2,3,19,20,21,10,11,12,,,,,,,,,,,,,,,,,,,,,,,,,,,,,,,,,
22,23,24,16,17,18,13,14,15,7,8,9,1,,,,,,,,,,,,,,,,,,,,,,,,,,,,,,,,,,,
22,23,24,13,14,10,11,12,2,,,,,,,,,,,,,,,,,,,,,,,,,,,,,,,,,,,,,,,
19,20,21,23,22,24,,,,,,,,,,,,,,,,,,,,,,,,,,,,,,,,,,,,,,,,,,
22,23,24,19,20,21,10,11,12,7,8,9,,,,,,,,,,,,,,,,,,,,,,,,,,,,,,,,,,,,
22,23,24,19,20,21,10,11,12,13,14,15,,,,,,,,,,,,,,,,,,,,,,,,,,,,,,,,,,,,
23,24,21,20,22,17,18,19,11,12,14,15,13,6,,,,,,,,,,,,,,,,,,,,,,,,,,,,,,,,,,
22,23,24,19,20,21,4,5,6,7,8,9,,,,,,,,,,,,,,,,,,,,,,,,,,,,,,,,,,,,
22,23,24,1,2,3,,,,,,,,,,,,,,,,,,,,,,,,,,,,,,,,,,,,,,,,,,
22,23,24,16,17,18,9,7,8,10,11,12,13,14,15,,,,,,,,,,,,,,,,,,,,,,,,,,,,,,,,,
22,23,24,19,20,21,10,11,12,8,7,9,,,,,,,,,,,,,,,,,,,,,,,,,,,,,,,,,,,,
22,23,24,19,20,21,4,5,6,10,11,12,,,,,,,,,,,,,,,,,,,,,,,,,,,,,,,,,,,,
22,23,24,16,17,18,8,9,1,2,3,4,5,6,15,,,,,,,,,,,,,,,,,,,,,,,,,,,,,,,,,
22,23,24,1,3,2,7,8,9,6,,,,,,,,,,,,,,,,,,,,,,,,,,,,,,,,,,,,,,
23,24,20,21,22,4,5,6,1,2,3,7,8,11,,,,,,,,,,,,,,,,,,,,,,,,,,,,,,,,,,
22,23,24,19,20,21,2,3,7,8,9,10,11,12,,,,,,,,,,,,,,,,,,,,,,,,,,,,,,,,,,
22,23,24,16,1,2,3,4,5,6,11,12,,,,,,,,,,,,,,,,,,,,,,,,,,,,,,,,,,,,
22,23,24,8,9,7,10,11,4,5,1,3,2,,,,,,,,,,,,,,,,,,,,,,,,,,,,,,,,,,,
22,23,24,16,17,18,19,20,2,1,3,4,5,6,7,8,9,,,,,,,,,,,,,,,,,,,,,,,,,,,,,,,
23,24,20,21,22,17,18,19,8,7,9,10,11,12,14,,,,,,,,,,,,,,,,,,,,,,,,,,,,,,,,,
1,2,3,16,17,18,,,,,,,,,,,,,,,,,,,,,,,,,,,,,,,,,,,,,,,,,,
22,23,24,17,16,18,7,8,9,10,11,12,13,14,,,,,,,,,,,,,,,,,,,,,,,,,,,,,,,,,,
22,23,24,7,8,21,10,11,12,16,15,,,,,,,,,,,,,,,,,,,,,,,,,,,,,,,,,,,,,
22,23,24,13,14,15,10,11,12,,,,,,,,,,,,,,,,,,,,,,,,,,,,,,,,,,,,,,,
22,23,24,13,14,15,11,10,12,7,8,9,,,,,,,,,,,,,,,,,,,,,,,,,,,,,,,,,,,,
22,23,24,1,2,3,,,,,,,,,,,,,,,,,,,,,,,,,,,,,,,,,,,,,,,,,,
22,23,24,2,1,3,16,17,18,13,14,15,7,8,9,,,,,,,,,,,,,,,,,,,,,,,,,,,,,,,,,
21,17,18,19,,,,,,,,,,,,,,,,,,,,,,,,,,,,,,,,,,,,,,,,,,,,
22,23,24,13,14,10,9,8,1,2,3,4,5,6,,,,,,,,,,,,,,,,,,,,,,,,,,,,,,,,,,
24,22,23,16,17,18,4,5,6,,,,,,,,,,,,,,,,,,,,,,,,,,,,,,,,,,,,,,,
22,23,24,6,10,4,5,3,,,,,,,,,,,,,,,,,,,,,,,,,,,,,,,,,,,,,,,,
23,24,22,12,19,15,2,,,,,,,,,,,,,,,,,,,,,,,,,,,,,,,,,,,,,,,,,
16,17,18,15,,,,,,,,,,,,,,,,,,,,,,,,,,,,,,,,,,,,,,,,,,,,
22,23,24,19,20,21,18,17,,,,,,,,,,,,,,,,,,,,,,,,,,,,,,,,,,,,,,,,
22,23,24,16,17,18,4,5,6,1,2,3,,,,,,,,,,,,,,,,,,,,,,,,,,,,,,,,,,,,
22,23,24,1,2,3,,,,,,,,,,,,,,,,,,,,,,,,,,,,,,,,,,,,,,,,,,
19,20,21,2,,,,,,,,,,,,,,,,,,,,,,,,,,,,,,,,,,,,,,,,,,,,
22,23,24,7,1,16,17,18,,,,,,,,,,,,,,,,,,,,,,,,,,,,,,,,,,,,,,,,
22,23,24,4,5,6,3,7,8,9,,,,,,,,,,,,,,,,,,,,,,,,,,,,,,,,,,,,,,
22,23,24,19,16,17,18,,,,,,,,,,,,,,,,,,,,,,,,,,,,,,,,,,,,,,,,,
19,20,24,7,8,1,2,3,4,,,,,,,,,,,,,,,,,,,,,,,,,,,,,,,,,,,,,,,
1,2,3,4,22,,,,,,,,,,,,,,,,,,,,,,,,,,,,,,,,,,,,,,,,,,,
22,23,24,19,20,21,4,5,6,1,2,3,,,,,,,,,,,,,,,,,,,,,,,,,,,,,,,,,,,,
22,23,24,10,11,12,13,14,1,2,3,16,17,18,19,,,,,,,,,,,,,,,,,,,,,,,,,,,,,,,,,
20,21,22,4,5,6,14,15,16,11,12,13,,,,,,,,,,,,,,,,,,,,,,,,,,,,,,,,,,,,
20,21,22,1,2,3,10,14,15,16,,,,,,,,,,,,,,,,,,,,,,,,,,,,,,,,,,,,,,
22,23,24,4,5,6,10,11,7,8,9,,,,,,,,,,,,,,,,,,,,,,,,,,,,,,,,,,,,,
22,23,24,13,14,15,,,,,,,,,,,,,,,,,,,,,,,,,,,,,,,,,,,,,,,,,,
22,23,24,10,11,12,,,,,,,,,,,,,,,,,,,,,,,,,,,,,,,,,,,,,,,,,,
22,23,24,19,20,21,7,8,9,,,,,,,,,,,,,,,,,,,,,,,,,,,,,,,,,,,,,,,
22,23,19,20,21,1,2,3,10,11,7,8,9,,,,,,,,,,,,,,,,,,,,,,,,,,,,,,,,,,,
1,2,3,23,22,,,,,,,,,,,,,,,,,,,,,,,,,,,,,,,,,,,,,,,,,,,
22,23,24,2,3,1,4,5,6,,,,,,,,,,,,,,,,,,,,,,,,,,,,,,,,,,,,,,,
22,23,24,12,21,13,,,,,,,,,,,,,,,,,,,,,,,,,,,,,,,,,,,,,,,,,,
22,23,24,19,20,16,17,18,1,,,,,,,,,,,,,,,,,,,,,,,,,,,,,,,,,,,,,,,
22,23,24,13,14,12,1,2,3,19,20,21,,,,,,,,,,,,,,,,,,,,,,,,,,,,,,,,,,,,
22,23,24,19,21,20,,,,,,,,,,,,,,,,,,,,,,,,,,,,,,,,,,,,,,,,,,
21,22,23,24,6,7,8,9,10,11,,,,,,,,,,,,,,,,,,,,,,,,,,,,,,,,,,,,,,
23,22,24,19,20,21,13,14,15,10,11,12,16,17,18,,,,,,,,,,,,,,,,,,,,,,,,,,,,,,,,,
22,23,24,19,20,21,16,17,18,,,,,,,,,,,,,,,,,,,,,,,,,,,,,,,,,,,,,,,
20,10,11,12,,,,,,,,,,,,,,,,,,,,,,,,,,,,,,,,,,,,,,,,,,,,
22,23,24,13,14,15,12,10,11,19,20,21,16,17,18,7,3,1,2,,,,,,,,,,,,,,,,,,,,,,,,,,,,,
21,23,24,22,19,20,2,8,9,6,1,,,,,,,,,,,,,,,,,,,,,,,,,,,,,,,,,,,,,
22,23,24,1,2,3,20,21,,,,,,,,,,,,,,,,,,,,,,,,,,,,,,,,,,,,,,,,
22,23,24,16,17,18,19,21,7,8,9,,,,,,,,,,,,,,,,,,,,,,,,,,,,,,,,,,,,,
22,23,24,20,19,13,14,21,,,,,,,,,,,,,,,,,,,,,,,,,,,,,,,,,,,,,,,,
22,23,24,16,17,18,10,11,12,4,5,6,2,1,3,,,,,,,,,,,,,,,,,,,,,,,,,,,,,,,,,
22,23,24,14,16,,,,,,,,,,,,,,,,,,,,,,,,,,,,,,,,,,,,,,,,,,,
22,23,24,7,8,9,10,11,12,13,14,15,6,,,,,,,,,,,,,,,,,,,,,,,,,,,,,,,,,,,
16,17,18,19,20,21,22,4,5,6,7,8,9,,,,,,,,,,,,,,,,,,,,,,,,,,,,,,,,,,,
22,23,24,19,20,12,11,10,4,5,6,7,8,9,,,,,,,,,,,,,,,,,,,,,,,,,,,,,,,,,,
19,20,21,13,23,,,,,,,,,,,,,,,,,,,,,,,,,,,,,,,,,,,,,,,,,,,
1,2,3,4,5,6,10,11,12,,,,,,,,,,,,,,,,,,,,,,,,,,,,,,,,,,,,,,,
22,23,24,1,2,3,,,,,,,,,,,,,,,,,,,,,,,,,,,,,,,,,,,,,,,,,,
22,23,24,13,14,18,10,11,12,7,8,9,19,20,,,,,,,,,,,,,,,,,,,,,,,,,,,,,,,,,,
22,23,24,13,14,15,,,,,,,,,,,,,,,,,,,,,,,,,,,,,,,,,,,,,,,,,,
21,22,23,24,7,,,,,,,,,,,,,,,,,,,,,,,,,,,,,,,,,,,,,,,,,,,
22,23,24,10,11,12,7,8,9,19,20,21,,,,,,,,,,,,,,,,,,,,,,,,,,,,,,,,,,,,
22,23,24,19,20,21,13,14,15,18,7,8,9,1,2,3,16,17,,,,,,,,,,,,,,,,,,,,,,,,,,,,,,
22,23,24,1,4,5,14,7,8,9,,,,,,,,,,,,,,,,,,,,,,,,,,,,,,,,,,,,,,
22,19,24,21,1,4,5,6,17,,,,,,,,,,,,,,,,,,,,,,,,,,,,,,,,,,,,,,,
14,22,23,8,9,7,,,,,,,,,,,,,,,,,,,,,,,,,,,,,,,,,,,,,,,,,,
7,8,10,11,,,,,,,,,,,,,,,,,,,,,,,,,,,,,,,,,,,,,,,,,,,,
21,22,23,18,19,20,7,8,,,,,,,,,,,,,,,,,,,,,,,,,,,,,,,,,,,,,,,,
22,23,24,10,11,12,17,16,18,7,8,9,,,,,,,,,,,,,,,,,,,,,,,,,,,,,,,,,,,,
22,23,24,16,18,17,19,20,21,,,,,,,,,,,,,,,,,,,,,,,,,,,,,,,,,,,,,,,
22,23,24,,,,,,,,,,,,,,,,,,,,,,,,,,,,,,,,,,,,,,,,,,,,,
22,23,24,4,5,6,,,,,,,,,,,,,,,,,,,,,,,,,,,,,,,,,,,,,,,,,,
23,24,10,11,12,13,14,15,21,,,,,,,,,,,,,,,,,,,,,,,,,,,,,,,,,,,,,,,
21,22,23,18,19,20,10,3,2,,,,,,,,,,,,,,,,,,,,,,,,,,,,,,,,,,,,,,,
22,23,24,21,19,20,14,13,15,10,12,1,2,3,17,,,,,,,,,,,,,,,,,,,,,,,,,,,,,,,,,
22,23,24,10,11,12,16,17,18,15,1,2,3,13,,,,,,,,,,,,,,,,,,,,,,,,,,,,,,,,,,
22,23,24,4,5,6,,,,,,,,,,,,,,,,,,,,,,,,,,,,,,,,,,,,,,,,,,
1,2,3,21,22,23,17,,,,,,,,,,,,,,,,,,,,,,,,,,,,,,,,,,,,,,,,,
22,23,24,,,,,,,,,,,,,,,,,,,,,,,,,,,,,,,,,,,,,,,,,,,,,
22,23,24,19,20,21,13,14,15,1,2,3,,,,,,,,,,,,,,,,,,,,,,,,,,,,,,,,,,,,
22,23,24,19,20,21,16,17,18,,,,,,,,,,,,,,,,,,,,,,,,,,,,,,,,,,,,,,,
23,24,1,2,3,10,11,12,16,17,18,,,,,,,,,,,,,,,,,,,,,,,,,,,,,,,,,,,,,
22,23,24,7,8,9,17,16,,,,,,,,,,,,,,,,,,,,,,,,,,,,,,,,,,,,,,,,
22,23,24,19,21,20,16,,,,,,,,,,,,,,,,,,,,,,,,,,,,,,,,,,,,,,,,,
19,20,24,,,,,,,,,,,,,,,,,,,,,,,,,,,,,,,,,,,,,,,,,,,,,
23,24,20,21,22,17,18,10,11,12,13,14,15,,,,,,,,,,,,,,,,,,,,,,,,,,,,,,,,,,,
22,23,24,13,15,10,11,12,,,,,,,,,,,,,,,,,,,,,,,,,,,,,,,,,,,,,,,,
22,23,24,10,11,12,,,,,,,,,,,,,,,,,,,,,,,,,,,,,,,,,,,,,,,,,,
22,23,24,4,5,6,13,14,,,,,,,,,,,,,,,,,,,,,,,,,,,,,,,,,,,,,,,,
19,20,24,7,9,8,4,5,6,,,,,,,,,,,,,,,,,,,,,,,,,,,,,,,,,,,,,,,
22,23,24,15,,,,,,,,,,,,,,,,,,,,,,,,,,,,,,,,,,,,,,,,,,,,
22,23,24,19,20,21,,,,,,,,,,,,,,,,,,,,,,,,,,,,,,,,,,,,,,,,,,
22,23,24,,,,,,,,,,,,,,,,,,,,,,,,,,,,,,,,,,,,,,,,,,,,,
22,23,24,16,17,18,14,15,13,4,5,6,,,,,,,,,,,,,,,,,,,,,,,,,,,,,,,,,,,,
22,23,24,,,,,,,,,,,,,,,,,,,,,,,,,,,,,,,,,,,,,,,,,,,,,
11,12,13,21,23,24,22,,,,,,,,,,,,,,,,,,,,,,,,,,,,,,,,,,,,,,,,,
22,23,24,16,17,18,,,,,,,,,,,,,,,,,,,,,,,,,,,,,,,,,,,,,,,,,,
22,23,24,19,20,21,10,12,11,,,,,,,,,,,,,,,,,,,,,,,,,,,,,,,,,,,,,,,
22,23,24,20,21,7,8,9,1,2,4,,,,,,,,,,,,,,,,,,,,,,,,,,,,,,,,,,,,,
22,23,24,19,21,7,11,,,,,,,,,,,,,,,,,,,,,,,,,,,,,,,,,,,,,,,,,
19,21,22,,,,,,,,,,,,,,,,,,,,,,,,,,,,,,,,,,,,,,,,,,,,,
20,21,22,17,18,19,1,2,3,4,5,6,7,8,9,14,15,,,,,,,,,,,,,,,,,,,,,,,,,,,,,,,
22,23,24,19,20,21,17,10,11,12,1,2,3,4,5,6,16,14,13,15,18,,,,,,,,,,,,,,,,,,,,,,,,,,,
19,20,,,,,,,,,,,,,,,,,,,,,,,,,,,,,,,,,,,,,,,,,,,,,,
22,23,24,21,4,5,6,7,8,9,,,,,,,,,,,,,,,,,,,,,,,,,,,,,,,,,,,,,,
21,22,23,24,11,12,13,8,9,,,,,,,,,,,,,,,,,,,,,,,,,,,,,,,,,,,,,,,
22,23,24,7,8,5,,,,,,,,,,,,,,,,,,,,,,,,,,,,,,,,,,,,,,,,,,
23,24,,,,,,,,,,,,,,,,,,,,,,,,,,,,,,,,,,,,,,,,,,,,,,
22,23,24,10,11,12,7,8,9,19,20,21,16,17,18,,,,,,,,,,,,,,,,,,,,,,,,,,,,,,,,,
22,23,24,7,8,4,5,3,9,13,14,15,16,17,,,,,,,,,,,,,,,,,,,,,,,,,,,,,,,,,,
21,22,23,24,18,19,20,12,13,14,15,16,17,,,,,,,,,,,,,,,,,,,,,,,,,,,,,,,,,,,
20,21,22,23,24,,,,,,,,,,,,,,,,,,,,,,,,,,,,,,,,,,,,,,,,,,,
24,19,20,21,17,16,,,,,,,,,,,,,,,,,,,,,,,,,,,,,,,,,,,,,,,,,,
22,23,24,21,4,5,,,,,,,,,,,,,,,,,,,,,,,,,,,,,,,,,,,,,,,,,,
22,23,24,4,5,6,17,16,18,19,20,21,2,1,12,10,11,,,,,,,,,,,,,,,,,,,,,,,,,,,,,,,
23,24,10,11,12,,,,,,,,,,,,,,,,,,,,,,,,,,,,,,,,,,,,,,,,,,,
24,,,,,,,,,,,,,,,,,,,,,,,,,,,,,,,,,,,,,,,,,,,,,,,
22,23,24,1,4,,,,,,,,,,,,,,,,,,,,,,,,,,,,,,,,,,,,,,,,,,,
22,23,24,21,,,,,,,,,,,,,,,,,,,,,,,,,,,,,,,,,,,,,,,,,,,,
22,23,24,1,2,3,,,,,,,,,,,,,,,,,,,,,,,,,,,,,,,,,,,,,,,,,,
22,23,24,11,10,7,8,9,4,5,6,,,,,,,,,,,,,,,,,,,,,,,,,,,,,,,,,,,,,
19,20,21,7,5,6,8,24,,,,,,,,,,,,,,,,,,,,,,,,,,,,,,,,,,,,,,,,
20,21,22,14,15,16,11,12,13,4,5,6,1,2,3,,,,,,,,,,,,,,,,,,,,,,,,,,,,,,,,,
22,23,24,,,,,,,,,,,,,,,,,,,,,,,,,,,,,,,,,,,,,,,,,,,,,
22,23,24,19,20,21,10,11,12,9,7,5,,,,,,,,,,,,,,,,,,,,,,,,,,,,,,,,,,,,
22,23,24,4,5,6,11,,,,,,,,,,,,,,,,,,,,,,,,,,,,,,,,,,,,,,,,,
23,24,20,21,19,8,15,14,16,17,,,,,,,,,,,,,,,,,,,,,,,,,,,,,,,,,,,,,,
22,23,24,16,,,,,,,,,,,,,,,,,,,,,,,,,,,,,,,,,,,,,,,,,,,,
22,23,24,19,20,21,4,5,6,,,,,,,,,,,,,,,,,,,,,,,,,,,,,,,,,,,,,,,
19,20,21,23,24,2,1,3,7,8,9,,,,,,,,,,,,,,,,,,,,,,,,,,,,,,,,,,,,,
22,23,24,19,20,21,16,17,18,13,14,15,,,,,,,,,,,,,,,,,,,,,,,,,,,,,,,,,,,,
23,24,20,21,22,17,18,19,15,16,7,8,11,4,5,6,,,,,,,,,,,,,,,,,,,,,,,,,,,,,,,,
23,24,15,14,16,22,4,5,6,,,,,,,,,,,,,,,,,,,,,,,,,,,,,,,,,,,,,,,
22,23,24,19,20,,,,,,,,,,,,,,,,,,,,,,,,,,,,,,,,,,,,,,,,,,,
22,23,24,21,6,7,,,,,,,,,,,,,,,,,,,,,,,,,,,,,,,,,,,,,,,,,,
22,23,24,13,,,,,,,,,,,,,,,,,,,,,,,,,,,,,,,,,,,,,,,,,,,,
22,23,24,10,11,12,7,8,9,4,5,6,,,,,,,,,,,,,,,,,,,,,,,,,,,,,,,,,,,,
22,23,24,10,,,,,,,,,,,,,,,,,,,,,,,,,,,,,,,,,,,,,,,,,,,,
22,23,24,16,17,,,,,,,,,,,,,,,,,,,,,,,,,,,,,,,,,,,,,,,,,,,
22,23,24,10,11,12,7,6,13,16,17,18,,,,,,,,,,,,,,,,,,,,,,,,,,,,,,,,,,,,
22,23,24,20,,,,,,,,,,,,,,,,,,,,,,,,,,,,,,,,,,,,,,,,,,,,
23,24,20,21,22,17,18,19,,,,,,,,,,,,,,,,,,,,,,,,,,,,,,,,,,,,,,,,
22,23,24,7,8,9,16,17,18,19,20,21,13,14,15,,,,,,,,,,,,,,,,,,,,,,,,,,,,,,,,,
22,23,24,4,1,2,3,,,,,,,,,,,,,,,,,,,,,,,,,,,,,,,,,,,,,,,,,
22,23,24,1,16,10,14,15,,,,,,,,,,,,,,,,,,,,,,,,,,,,,,,,,,,,,,,,
22,23,24,19,20,16,17,18,,,,,,,,,,,,,,,,,,,,,,,,,,,,,,,,,,,,,,,,
22,23,24,19,16,17,18,13,14,15,4,5,6,3,10,11,12,20,7,8,9,,,,,,,,,,,,,,,,,,,,,,,,,,,
22,23,24,7,8,9,10,11,12,,,,,,,,,,,,,,,,,,,,,,,,,,,,,,,,,,,,,,,
22,23,24,,,,,,,,,,,,,,,,,,,,,,,,,,,,,,,,,,,,,,,,,,,,,
22,23,24,1,2,3,,,,,,,,,,,,,,,,,,,,,,,,,,,,,,,,,,,,,,,,,,
22,23,24,10,11,12,7,8,9,4,5,6,21,,,,,,,,,,,,,,,,,,,,,,,,,,,,,,,,,,,
22,23,24,4,5,,,,,,,,,,,,,,,,,,,,,,,,,,,,,,,,,,,,,,,,,,,
23,24,16,17,18,2,,,,,,,,,,,,,,,,,,,,,,,,,,,,,,,,,,,,,,,,,,
22,23,24,13,14,15,10,11,12,7,9,8,,,,,,,,,,,,,,,,,,,,,,,,,,,,,,,,,,,,
22,23,24,21,19,20,16,17,18,11,12,4,5,6,,,,,,,,,,,,,,,,,,,,,,,,,,,,,,,,,,
22,23,24,4,5,13,14,15,20,,,,,,,,,,,,,,,,,,,,,,,,,,,,,,,,,,,,,,,
23,24,17,,,,,,,,,,,,,,,,,,,,,,,,,,,,,,,,,,,,,,,,,,,,,
22,23,24,16,17,,,,,,,,,,,,,,,,,,,,,,,,,,,,,,,,,,,,,,,,,,,
22,23,24,19,20,21,18,1,2,3,,,,,,,,,,,,,,,,,,,,,,,,,,,,,,,,,,,,,,
23,24,21,22,4,5,6,,,,,,,,,,,,,,,,,,,,,,,,,,,,,,,,,,,,,,,,,
22,23,24,19,20,21,16,17,18,13,14,15,10,11,12,8,,,,,,,,,,,,,,,,,,,,,,,,,,,,,,,,
22,23,24,20,21,,,,,,,,,,,,,,,,,,,,,,,,,,,,,,,,,,,,,,,,,,,
23,24,8,9,10,11,12,13,4,2,3,,,,,,,,,,,,,,,,,,,,,,,,,,,,,,,,,,,,,
22,23,24,7,8,9,4,6,5,,,,,,,,,,,,,,,,,,,,,,,,,,,,,,,,,,,,,,,
22,23,24,,,,,,,,,,,,,,,,,,,,,,,,,,,,,,,,,,,,,,,,,,,,,
21,22,23,24,19,20,,,,,,,,,,,,,,,,,,,,,,,,,,,,,,,,,,,,,,,,,,
22,23,24,19,20,7,8,9,,,,,,,,,,,,,,,,,,,,,,,,,,,,,,,,,,,,,,,,
22,23,24,19,21,17,16,18,14,7,9,8,10,13,11,2,3,5,,,,,,,,,,,,,,,,,,,,,,,,,,,,,,
22,23,24,20,21,16,17,18,,,,,,,,,,,,,,,,,,,,,,,,,,,,,,,,,,,,,,,,
22,23,24,17,,,,,,,,,,,,,,,,,,,,,,,,,,,,,,,,,,,,,,,,,,,,
22,23,24,1,2,3,4,5,6,,,,,,,,,,,,,,,,,,,,,,,,,,,,,,,,,,,,,,,
22,23,24,4,5,6,1,2,3,,,,,,,,,,,,,,,,,,,,,,,,,,,,,,,,,,,,,,,
22,23,24,19,20,21,16,18,,,,,,,,,,,,,,,,,,,,,,,,,,,,,,,,,,,,,,,,
22,23,24,19,20,21,10,11,12,,,,,,,,,,,,,,,,,,,,,,,,,,,,,,,,,,,,,,,
22,23,24,19,20,21,13,14,15,7,8,9,,,,,,,,,,,,,,,,,,,,,,,,,,,,,,,,,,,,
22,23,24,19,20,21,13,14,15,10,11,12,7,8,9,6,,,,,,,,,,,,,,,,,,,,,,,,,,,,,,,,
21,22,23,24,18,19,1,2,3,4,6,7,,,,,,,,,,,,,,,,,,,,,,,,,,,,,,,,,,,,
22,23,24,1,2,3,,,,,,,,,,,,,,,,,,,,,,,,,,,,,,,,,,,,,,,,,,
22,23,24,19,20,21,16,17,18,2,3,1,,,,,,,,,,,,,,,,,,,,,,,,,,,,,,,,,,,,
22,23,24,19,20,21,5,6,16,,,,,,,,,,,,,,,,,,,,,,,,,,,,,,,,,,,,,,,
22,23,24,12,7,,,,,,,,,,,,,,,,,,,,,,,,,,,,,,,,,,,,,,,,,,,
22,23,24,16,17,18,19,20,,,,,,,,,,,,,,,,,,,,,,,,,,,,,,,,,,,,,,,,
22,23,24,19,17,18,13,14,15,12,9,4,5,6,2,3,,,,,,,,,,,,,,,,,,,,,,,,,,,,,,,,
19,20,21,23,24,,,,,,,,,,,,,,,,,,,,,,,,,,,,,,,,,,,,,,,,,,,
22,23,24,19,20,21,,,,,,,,,,,,,,,,,,,,,,,,,,,,,,,,,,,,,,,,,,
22,23,24,1,2,3,13,16,17,18,19,20,,,,,,,,,,,,,,,,,,,,,,,,,,,,,,,,,,,,
22,23,24,19,20,21,,,,,,,,,,,,,,,,,,,,,,,,,,,,,,,,,,,,,,,,,,
22,23,24,21,20,19,,,,,,,,,,,,,,,,,,,,,,,,,,,,,,,,,,,,,,,,,,
23,22,24,7,8,9,19,20,18,16,17,4,5,6,1,2,3,,,,,,,,,,,,,,,,,,,,,,,,,,,,,,,
22,23,24,13,,,,,,,,,,,,,,,,,,,,,,,,,,,,,,,,,,,,,,,,,,,,
22,23,24,19,20,21,,,,,,,,,,,,,,,,,,,,,,,,,,,,,,,,,,,,,,,,,,
19,22,21,11,10,12,1,,,,,,,,,,,,,,,,,,,,,,,,,,,,,,,,,,,,,,,,,
22,23,24,,,,,,,,,,,,,,,,,,,,,,,,,,,,,,,,,,,,,,,,,,,,,
22,23,24,16,18,17,15,,,,,,,,,,,,,,,,,,,,,,,,,,,,,,,,,,,,,,,,,
20,21,22,23,24,11,12,13,15,14,3,2,,,,,,,,,,,,,,,,,,,,,,,,,,,,,,,,,,,,
22,23,24,4,5,,,,,,,,,,,,,,,,,,,,,,,,,,,,,,,,,,,,,,,,,,,
20,21,22,24,8,9,11,12,13,10,5,6,7,2,3,4,,,,,,,,,,,,,,,,,,,,,,,,,,,,,,,,
19,21,23,22,24,1,2,4,5,6,7,8,,,,,,,,,,,,,,,,,,,,,,,,,,,,,,,,,,,,
22,23,24,11,12,10,,,,,,,,,,,,,,,,,,,,,,,,,,,,,,,,,,,,,,,,,,
22,23,24,19,20,,,,,,,,,,,,,,,,,,,,,,,,,,,,,,,,,,,,,,,,,,,
22,23,24,7,8,9,4,6,5,1,3,2,,,,,,,,,,,,,,,,,,,,,,,,,,,,,,,,,,,,
23,20,21,22,17,18,19,14,15,16,,,,,,,,,,,,,,,,,,,,,,,,,,,,,,,,,,,,,,
19,20,21,24,3,18,10,11,9,17,16,,,,,,,,,,,,,,,,,,,,,,,,,,,,,,,,,,,,,
20,21,22,23,8,9,10,5,,,,,,,,,,,,,,,,,,,,,,,,,,,,,,,,,,,,,,,,
23,24,20,21,17,18,19,1,2,,,,,,,,,,,,,,,,,,,,,,,,,,,,,,,,,,,,,,,
23,24,20,21,10,7,,,,,,,,,,,,,,,,,,,,,,,,,,,,,,,,,,,,,,,,,,
22,23,24,18,,,,,,,,,,,,,,,,,,,,,,,,,,,,,,,,,,,,,,,,,,,,
22,23,24,21,20,10,,,,,,,,,,,,,,,,,,,,,,,,,,,,,,,,,,,,,,,,,,
23,24,20,21,22,19,,,,,,,,,,,,,,,,,,,,,,,,,,,,,,,,,,,,,,,,,,
21,22,23,24,18,20,,,,,,,,,,,,,,,,,,,,,,,,,,,,,,,,,,,,,,,,,,
23,24,20,21,22,18,19,7,8,6,4,5,3,,,,,,,,,,,,,,,,,,,,,,,,,,,,,,,,,,,
22,23,24,1,4,5,6,7,,,,,,,,,,,,,,,,,,,,,,,,,,,,,,,,,,,,,,,,
22,23,24,1,5,6,2,3,,,,,,,,,,,,,,,,,,,,,,,,,,,,,,,,,,,,,,,,
22,23,24,,,,,,,,,,,,,,,,,,,,,,,,,,,,,,,,,,,,,,,,,,,,,
22,23,24,16,17,18,,,,,,,,,,,,,,,,,,,,,,,,,,,,,,,,,,,,,,,,,,
20,21,22,11,9,12,13,14,15,18,17,,,,,,,,,,,,,,,,,,,,,,,,,,,,,,,,,,,,,
8,17,12,14,15,21,22,20,24,23,,,,,,,,,,,,,,,,,,,,,,,,,,,,,,,,,,,,,,
23,24,19,22,,,,,,,,,,,,,,,,,,,,,,,,,,,,,,,,,,,,,,,,,,,,
22,23,24,19,20,21,1,5,6,17,18,16,,,,,,,,,,,,,,,,,,,,,,,,,,,,,,,,,,,,
22,23,24,19,20,21,7,8,9,1,2,,,,,,,,,,,,,,,,,,,,,,,,,,,,,,,,,,,,,
22,23,24,1,,,,,,,,,,,,,,,,,,,,,,,,,,,,,,,,,,,,,,,,,,,,
22,23,24,18,,,,,,,,,,,,,,,,,,,,,,,,,,,,,,,,,,,,,,,,,,,,
18,17,19,11,12,13,15,14,16,,,,,,,,,,,,,,,,,,,,,,,,,,,,,,,,,,,,,,,
23,24,21,,,,,,,,,,,,,,,,,,,,,,,,,,,,,,,,,,,,,,,,,,,,,
20,21,22,23,24,1,3,,,,,,,,,,,,,,,,,,,,,,,,,,,,,,,,,,,,,,,,,
21,22,23,24,9,5,7,8,10,,,,,,,,,,,,,,,,,,,,,,,,,,,,,,,,,,,,,,,
21,22,23,24,11,12,13,,,,,,,,,,,,,,,,,,,,,,,,,,,,,,,,,,,,,,,,,
22,23,24,19,20,1,2,3,7,8,9,4,,,,,,,,,,,,,,,,,,,,,,,,,,,,,,,,,,,,
21,22,23,4,5,,,,,,,,,,,,,,,,,,,,,,,,,,,,,,,,,,,,,,,,,,,
21,22,23,,,,,,,,,,,,,,,,,,,,,,,,,,,,,,,,,,,,,,,,,,,,,
20,22,23,17,18,19,,,,,,,,,,,,,,,,,,,,,,,,,,,,,,,,,,,,,,,,,,
19,20,21,22,23,24,,,,,,,,,,,,,,,,,,,,,,,,,,,,,,,,,,,,,,,,,,
19,21,22,23,24,,,,,,,,,,,,,,,,,,,,,,,,,,,,,,,,,,,,,,,,,,,
19,20,21,22,,,,,,,,,,,,,,,,,,,,,,,,,,,,,,,,,,,,,,,,,,,,
22,23,24,1,,,,,,,,,,,,,,,,,,,,,,,,,,,,,,,,,,,,,,,,,,,,
22,23,24,21,19,20,16,,,,,,,,,,,,,,,,,,,,,,,,,,,,,,,,,,,,,,,,,
21,22,23,19,2,1,3,9,8,,,,,,,,,,,,,,,,,,,,,,,,,,,,,,,,,,,,,,,
21,23,,,,,,,,,,,,,,,,,,,,,,,,,,,,,,,,,,,,,,,,,,,,,,
20,21,22,23,24,17,18,19,,,,,,,,,,,,,,,,,,,,,,,,,,,,,,,,,,,,,,,,
23,24,20,21,22,4,5,6,,,,,,,,,,,,,,,,,,,,,,,,,,,,,,,,,,,,,,,,
22,23,24,19,20,21,13,14,15,16,17,18,7,8,9,10,11,12,,,,,,,,,,,,,,,,,,,,,,,,,,,,,,
22,23,24,20,18,21,19,17,16,4,5,6,1,2,3,14,15,13,,,,,,,,,,,,,,,,,,,,,,,,,,,,,,
23,24,4,7,8,10,12,1,2,,,,,,,,,,,,,,,,,,,,,,,,,,,,,,,,,,,,,,,
17,19,20,23,24,7,8,9,14,15,,,,,,,,,,,,,,,,,,,,,,,,,,,,,,,,,,,,,,
21,22,23,24,,,,,,,,,,,,,,,,,,,,,,,,,,,,,,,,,,,,,,,,,,,,
23,24,21,,,,,,,,,,,,,,,,,,,,,,,,,,,,,,,,,,,,,,,,,,,,,
23,1,3,2,4,5,6,7,9,,,,,,,,,,,,,,,,,,,,,,,,,,,,,,,,,,,,,,,
21,22,23,24,4,,,,,,,,,,,,,,,,,,,,,,,,,,,,,,,,,,,,,,,,,,,
23,24,18,19,4,5,6,,,,,,,,,,,,,,,,,,,,,,,,,,,,,,,,,,,,,,,,,
22,23,24,10,11,12,,,,,,,,,,,,,,,,,,,,,,,,,,,,,,,,,,,,,,,,,,
20,22,23,24,5,4,3,,,,,,,,,,,,,,,,,,,,,,,,,,,,,,,,,,,,,,,,,
22,16,24,17,19,20,,,,,,,,,,,,,,,,,,,,,,,,,,,,,,,,,,,,,,,,,,
21,22,23,24,,,,,,,,,,,,,,,,,,,,,,,,,,,,,,,,,,,,,,,,,,,,
19,20,24,,,,,,,,,,,,,,,,,,,,,,,,,,,,,,,,,,,,,,,,,,,,,
23,24,,,,,,,,,,,,,,,,,,,,,,,,,,,,,,,,,,,,,,,,,,,,,,
23,24,17,18,19,20,5,7,8,4,,,,,,,,,,,,,,,,,,,,,,,,,,,,,,,,,,,,,,
23,24,16,,,,,,,,,,,,,,,,,,,,,,,,,,,,,,,,,,,,,,,,,,,,,
23,24,20,9,1,3,2,,,,,,,,,,,,,,,,,,,,,,,,,,,,,,,,,,,,,,,,,
17,18,19,,,,,,,,,,,,,,,,,,,,,,,,,,,,,,,,,,,,,,,,,,,,,
23,24,7,8,9,,,,,,,,,,,,,,,,,,,,,,,,,,,,,,,,,,,,,,,,,,,
23,24,21,22,15,16,17,19,,,,,,,,,,,,,,,,,,,,,,,,,,,,,,,,,,,,,,,,
20,21,22,23,24,8,9,10,1,2,6,,,,,,,,,,,,,,,,,,,,,,,,,,,,,,,,,,,,,
22,21,23,19,20,15,16,17,24,,,,,,,,,,,,,,,,,,,,,,,,,,,,,,,,,,,,,,,
22,24,11,10,7,1,5,4,2,,,,,,,,,,,,,,,,,,,,,,,,,,,,,,,,,,,,,,,
23,24,16,17,,,,,,,,,,,,,,,,,,,,,,,,,,,,,,,,,,,,,,,,,,,,
23,24,20,21,22,16,17,18,13,14,15,10,11,12,,,,,,,,,,,,,,,,,,,,,,,,,,,,,,,,,,
22,23,24,16,18,17,4,5,6,1,2,3,,,,,,,,,,,,,,,,,,,,,,,,,,,,,,,,,,,,
19,23,24,22,20,21,11,14,13,,,,,,,,,,,,,,,,,,,,,,,,,,,,,,,,,,,,,,,
20,21,22,17,,,,,,,,,,,,,,,,,,,,,,,,,,,,,,,,,,,,,,,,,,,,
23,24,1,4,5,6,,,,,,,,,,,,,,,,,,,,,,,,,,,,,,,,,,,,,,,,,,
23,24,19,20,13,21,,,,,,,,,,,,,,,,,,,,,,,,,,,,,,,,,,,,,,,,,,
22,23,24,1,2,3,13,12,11,10,,,,,,,,,,,,,,,,,,,,,,,,,,,,,,,,,,,,,,
22,23,24,,,,,,,,,,,,,,,,,,,,,,,,,,,,,,,,,,,,,,,,,,,,,
21,22,1,2,4,5,,,,,,,,,,,,,,,,,,,,,,,,,,,,,,,,,,,,,,,,,,
23,24,2,,,,,,,,,,,,,,,,,,,,,,,,,,,,,,,,,,,,,,,,,,,,,
20,21,22,,,,,,,,,,,,,,,,,,,,,,,,,,,,,,,,,,,,,,,,,,,,,
22,23,24,19,20,21,7,,,,,,,,,,,,,,,,,,,,,,,,,,,,,,,,,,,,,,,,,
23,24,20,,,,,,,,,,,,,,,,,,,,,,,,,,,,,,,,,,,,,,,,,,,,,
21,22,23,24,9,6,7,8,18,19,,,,,,,,,,,,,,,,,,,,,,,,,,,,,,,,,,,,,,
22,23,24,16,17,18,19,20,21,,,,,,,,,,,,,,,,,,,,,,,,,,,,,,,,,,,,,,,
22,23,24,5,6,7,8,,,,,,,,,,,,,,,,,,,,,,,,,,,,,,,,,,,,,,,,,
20,23,24,,,,,,,,,,,,,,,,,,,,,,,,,,,,,,,,,,,,,,,,,,,,,
19,20,21,4,5,6,,,,,,,,,,,,,,,,,,,,,,,,,,,,,,,,,,,,,,,,,,
22,23,24,2,1,,,,,,,,,,,,,,,,,,,,,,,,,,,,,,,,,,,,,,,,,,,
22,23,24,,,,,,,,,,,,,,,,,,,,,,,,,,,,,,,,,,,,,,,,,,,,,
19,21,22,,,,,,,,,,,,,,,,,,,,,,,,,,,,,,,,,,,,,,,,,,,,,
22,23,24,19,20,21,,,,,,,,,,,,,,,,,,,,,,,,,,,,,,,,,,,,,,,,,,
22,23,24,6,,,,,,,,,,,,,,,,,,,,,,,,,,,,,,,,,,,,,,,,,,,,
21,22,23,15,16,17,18,19,20,1,2,3,,,,,,,,,,,,,,,,,,,,,,,,,,,,,,,,,,,,
22,23,24,13,14,15,,,,,,,,,,,,,,,,,,,,,,,,,,,,,,,,,,,,,,,,,,
22,23,24,19,21,20,16,17,18,7,8,9,,,,,,,,,,,,,,,,,,,,,,,,,,,,,,,,,,,,
22,23,24,18,20,19,17,16,,,,,,,,,,,,,,,,,,,,,,,,,,,,,,,,,,,,,,,,
20,22,23,17,18,19,10,12,13,,,,,,,,,,,,,,,,,,,,,,,,,,,,,,,,,,,,,,,
22,23,24,11,10,16,17,18,,,,,,,,,,,,,,,,,,,,,,,,,,,,,,,,,,,,,,,,
21,22,23,17,18,19,10,11,12,,,,,,,,,,,,,,,,,,,,,,,,,,,,,,,,,,,,,,,
22,23,24,4,5,6,7,19,,,,,,,,,,,,,,,,,,,,,,,,,,,,,,,,,,,,,,,,
21,22,23,24,,,,,,,,,,,,,,,,,,,,,,,,,,,,,,,,,,,,,,,,,,,,
23,24,14,15,16,1,2,3,4,5,,,,,,,,,,,,,,,,,,,,,,,,,,,,,,,,,,,,,,
22,23,24,19,20,21,10,11,12,7,8,9,4,5,6,,,,,,,,,,,,,,,,,,,,,,,,,,,,,,,,,
22,23,24,19,20,,,,,,,,,,,,,,,,,,,,,,,,,,,,,,,,,,,,,,,,,,,
22,23,24,19,20,21,,,,,,,,,,,,,,,,,,,,,,,,,,,,,,,,,,,,,,,,,,
22,23,24,19,20,21,16,17,18,10,11,13,14,15,,,,,,,,,,,,,,,,,,,,,,,,,,,,,,,,,,
22,23,24,21,19,20,1,,,,,,,,,,,,,,,,,,,,,,,,,,,,,,,,,,,,,,,,,
22,23,24,,,,,,,,,,,,,,,,,,,,,,,,,,,,,,,,,,,,,,,,,,,,,
22,23,24,13,14,7,8,9,10,11,12,15,,,,,,,,,,,,,,,,,,,,,,,,,,,,,,,,,,,,
22,23,24,13,20,,,,,,,,,,,,,,,,,,,,,,,,,,,,,,,,,,,,,,,,,,,
23,24,1,2,4,5,6,3,,,,,,,,,,,,,,,,,,,,,,,,,,,,,,,,,,,,,,,,
22,23,24,,,,,,,,,,,,,,,,,,,,,,,,,,,,,,,,,,,,,,,,,,,,,
21,22,23,24,1,2,3,7,6,8,9,10,11,12,13,,,,,,,,,,,,,,,,,,,,,,,,,,,,,,,,,
22,23,24,,,,,,,,,,,,,,,,,,,,,,,,,,,,,,,,,,,,,,,,,,,,,
22,23,24,,,,,,,,,,,,,,,,,,,,,,,,,,,,,,,,,,,,,,,,,,,,,
22,23,24,19,20,21,,,,,,,,,,,,,,,,,,,,,,,,,,,,,,,,,,,,,,,,,,
20,21,22,23,24,1,2,3,5,4,6,10,11,16,17,,,,,,,,,,,,,,,,,,,,,,,,,,,,,,,,,
22,23,24,13,17,19,11,10,16,12,,,,,,,,,,,,,,,,,,,,,,,,,,,,,,,,,,,,,,
22,23,24,19,20,21,10,11,12,7,8,16,17,18,14,,,,,,,,,,,,,,,,,,,,,,,,,,,,,,,,,
20,21,23,24,8,9,10,,,,,,,,,,,,,,,,,,,,,,,,,,,,,,,,,,,,,,,,,
19,20,21,22,23,24,,,,,,,,,,,,,,,,,,,,,,,,,,,,,,,,,,,,,,,,,,
23,22,24,19,6,,,,,,,,,,,,,,,,,,,,,,,,,,,,,,,,,,,,,,,,,,,
22,23,24,1,2,3,4,5,7,,,,,,,,,,,,,,,,,,,,,,,,,,,,,,,,,,,,,,,
22,23,24,19,20,21,16,17,18,,,,,,,,,,,,,,,,,,,,,,,,,,,,,,,,,,,,,,,
22,23,24,16,20,10,11,12,4,5,14,15,,,,,,,,,,,,,,,,,,,,,,,,,,,,,,,,,,,,
22,23,24,8,9,7,,,,,,,,,,,,,,,,,,,,,,,,,,,,,,,,,,,,,,,,,,
21,22,23,10,11,12,4,5,,,,,,,,,,,,,,,,,,,,,,,,,,,,,,,,,,,,,,,,
22,23,24,19,20,1,4,6,,,,,,,,,,,,,,,,,,,,,,,,,,,,,,,,,,,,,,,,
22,23,24,7,6,,,,,,,,,,,,,,,,,,,,,,,,,,,,,,,,,,,,,,,,,,,
4,5,6,22,23,24,1,3,2,,,,,,,,,,,,,,,,,,,,,,,,,,,,,,,,,,,,,,,
22,23,24,19,20,21,10,7,8,,,,,,,,,,,,,,,,,,,,,,,,,,,,,,,,,,,,,,,
22,23,24,19,20,21,4,5,6,,,,,,,,,,,,,,,,,,,,,,,,,,,,,,,,,,,,,,,
22,16,24,4,5,6,20,21,,,,,,,,,,,,,,,,,,,,,,,,,,,,,,,,,,,,,,,,
22,23,24,16,17,18,8,12,10,11,,,,,,,,,,,,,,,,,,,,,,,,,,,,,,,,,,,,,,
21,22,23,9,1,,,,,,,,,,,,,,,,,,,,,,,,,,,,,,,,,,,,,,,,,,,
21,22,23,24,12,13,14,,,,,,,,,,,,,,,,,,,,,,,,,,,,,,,,,,,,,,,,,
22,23,24,19,20,21,,,,,,,,,,,,,,,,,,,,,,,,,,,,,,,,,,,,,,,,,,
20,21,22,23,24,,,,,,,,,,,,,,,,,,,,,,,,,,,,,,,,,,,,,,,,,,,
17,21,22,23,24,,,,,,,,,,,,,,,,,,,,,,,,,,,,,,,,,,,,,,,,,,,
22,23,24,,,,,,,,,,,,,,,,,,,,,,,,,,,,,,,,,,,,,,,,,,,,,
22,23,24,19,20,21,11,12,14,15,16,,,,,,,,,,,,,,,,,,,,,,,,,,,,,,,,,,,,,
21,22,23,24,15,13,10,12,,,,,,,,,,,,,,,,,,,,,,,,,,,,,,,,,,,,,,,,
22,23,24,1,19,,,,,,,,,,,,,,,,,,,,,,,,,,,,,,,,,,,,,,,,,,,
20,21,22,4,5,8,9,11,12,13,7,,,,,,,,,,,,,,,,,,,,,,,,,,,,,,,,,,,,,
17,18,19,22,23,24,,,,,,,,,,,,,,,,,,,,,,,,,,,,,,,,,,,,,,,,,,
21,22,23,20,19,10,11,12,,,,,,,,,,,,,,,,,,,,,,,,,,,,,,,,,,,,,,,,
23,24,5,20,22,21,2,1,3,,,,,,,,,,,,,,,,,,,,,,,,,,,,,,,,,,,,,,,
21,22,23,24,17,18,19,16,,,,,,,,,,,,,,,,,,,,,,,,,,,,,,,,,,,,,,,,
21,22,23,,,,,,,,,,,,,,,,,,,,,,,,,,,,,,,,,,,,,,,,,,,,,
21,22,23,24,12,13,4,,,,,,,,,,,,,,,,,,,,,,,,,,,,,,,,,,,,,,,,,
20,22,23,17,18,19,4,5,6,,,,,,,,,,,,,,,,,,,,,,,,,,,,,,,,,,,,,,,
20,21,9,10,11,,,,,,,,,,,,,,,,,,,,,,,,,,,,,,,,,,,,,,,,,,,
20,21,22,8,9,10,11,12,13,14,15,16,,,,,,,,,,,,,,,,,,,,,,,,,,,,,,,,,,,,
21,22,23,24,17,18,,,,,,,,,,,,,,,,,,,,,,,,,,,,,,,,,,,,,,,,,,
20,21,22,23,10,11,1,2,3,,,,,,,,,,,,,,,,,,,,,,,,,,,,,,,,,,,,,,,
22,23,24,16,17,18,1,2,,,,,,,,,,,,,,,,,,,,,,,,,,,,,,,,,,,,,,,,
22,23,24,18,20,4,,,,,,,,,,,,,,,,,,,,,,,,,,,,,,,,,,,,,,,,,,
21,22,23,,,,,,,,,,,,,,,,,,,,,,,,,,,,,,,,,,,,,,,,,,,,,
23,19,5,4,1,2,3,,,,,,,,,,,,,,,,,,,,,,,,,,,,,,,,,,,,,,,,,
23,24,20,10,,,,,,,,,,,,,,,,,,,,,,,,,,,,,,,,,,,,,,,,,,,,
22,23,24,14,13,15,,,,,,,,,,,,,,,,,,,,,,,,,,,,,,,,,,,,,,,,,,
21,22,23,,,,,,,,,,,,,,,,,,,,,,,,,,,,,,,,,,,,,,,,,,,,,
21,22,23,18,19,20,6,4,,,,,,,,,,,,,,,,,,,,,,,,,,,,,,,,,,,,,,,,
20,22,23,18,5,4,6,,,,,,,,,,,,,,,,,,,,,,,,,,,,,,,,,,,,,,,,,
23,24,19,20,21,,,,,,,,,,,,,,,,,,,,,,,,,,,,,,,,,,,,,,,,,,,
21,22,23,24,15,16,17,12,10,13,,,,,,,,,,,,,,,,,,,,,,,,,,,,,,,,,,,,,,
20,21,22,23,24,8,7,9,16,17,18,5,4,6,10,11,12,1,3,2,,,,,,,,,,,,,,,,,,,,,,,,,,,,
22,20,24,4,5,11,12,13,8,,,,,,,,,,,,,,,,,,,,,,,,,,,,,,,,,,,,,,,
13,14,15,19,20,21,22,16,18,17,,,,,,,,,,,,,,,,,,,,,,,,,,,,,,,,,,,,,,
22,23,24,19,20,21,,,,,,,,,,,,,,,,,,,,,,,,,,,,,,,,,,,,,,,,,,
22,23,24,19,3,2,1,10,11,4,5,6,,,,,,,,,,,,,,,,,,,,,,,,,,,,,,,,,,,,
20,21,22,17,14,,,,,,,,,,,,,,,,,,,,,,,,,,,,,,,,,,,,,,,,,,,
19,20,21,22,23,24,,,,,,,,,,,,,,,,,,,,,,,,,,,,,,,,,,,,,,,,,,
22,23,24,,,,,,,,,,,,,,,,,,,,,,,,,,,,,,,,,,,,,,,,,,,,,
21,22,23,24,17,19,20,7,8,9,10,,,,,,,,,,,,,,,,,,,,,,,,,,,,,,,,,,,,,
20,21,22,23,24,19,7,4,5,,,,,,,,,,,,,,,,,,,,,,,,,,,,,,,,,,,,,,,
22,23,24,1,2,3,18,19,20,21,,,,,,,,,,,,,,,,,,,,,,,,,,,,,,,,,,,,,,
23,24,20,21,22,11,12,13,8,9,,,,,,,,,,,,,,,,,,,,,,,,,,,,,,,,,,,,,,
22,23,24,10,11,5,,,,,,,,,,,,,,,,,,,,,,,,,,,,,,,,,,,,,,,,,,
22,23,24,7,8,9,10,11,12,,,,,,,,,,,,,,,,,,,,,,,,,,,,,,,,,,,,,,,
22,23,24,1,2,3,13,14,15,19,20,21,,,,,,,,,,,,,,,,,,,,,,,,,,,,,,,,,,,,
22,23,24,,,,,,,,,,,,,,,,,,,,,,,,,,,,,,,,,,,,,,,,,,,,,
19,21,22,23,24,1,,,,,,,,,,,,,,,,,,,,,,,,,,,,,,,,,,,,,,,,,,
20,21,22,23,24,,,,,,,,,,,,,,,,,,,,,,,,,,,,,,,,,,,,,,,,,,,
22,23,24,4,5,6,8,7,9,13,14,15,16,,,,,,,,,,,,,,,,,,,,,,,,,,,,,,,,,,,
23,24,10,11,12,9,7,8,,,,,,,,,,,,,,,,,,,,,,,,,,,,,,,,,,,,,,,,
22,23,24,19,20,21,1,,,,,,,,,,,,,,,,,,,,,,,,,,,,,,,,,,,,,,,,,
21,22,23,15,16,17,10,,,,,,,,,,,,,,,,,,,,,,,,,,,,,,,,,,,,,,,,,
21,22,23,24,,,,,,,,,,,,,,,,,,,,,,,,,,,,,,,,,,,,,,,,,,,,
22,23,24,19,20,21,4,6,,,,,,,,,,,,,,,,,,,,,,,,,,,,,,,,,,,,,,,,
23,24,21,19,14,15,7,9,10,11,12,13,,,,,,,,,,,,,,,,,,,,,,,,,,,,,,,,,,,,
22,23,24,19,20,6,5,,,,,,,,,,,,,,,,,,,,,,,,,,,,,,,,,,,,,,,,,
21,22,23,13,14,12,1,2,3,4,5,6,7,8,9,,,,,,,,,,,,,,,,,,,,,,,,,,,,,,,,,
20,22,23,24,,,,,,,,,,,,,,,,,,,,,,,,,,,,,,,,,,,,,,,,,,,,
21,22,23,19,16,,,,,,,,,,,,,,,,,,,,,,,,,,,,,,,,,,,,,,,,,,,
23,24,20,21,22,17,18,19,14,15,16,8,10,9,4,5,6,1,2,3,,,,,,,,,,,,,,,,,,,,,,,,,,,,
22,23,24,13,10,11,9,1,2,6,,,,,,,,,,,,,,,,,,,,,,,,,,,,,,,,,,,,,,
22,23,24,8,7,9,11,10,12,16,18,17,5,6,,,,,,,,,,,,,,,,,,,,,,,,,,,,,,,,,,
22,23,24,1,2,4,8,9,6,,,,,,,,,,,,,,,,,,,,,,,,,,,,,,,,,,,,,,,
23,24,20,21,22,7,8,9,10,13,15,16,17,18,19,,,,,,,,,,,,,,,,,,,,,,,,,,,,,,,,,
21,22,23,24,,,,,,,,,,,,,,,,,,,,,,,,,,,,,,,,,,,,,,,,,,,,
20,21,22,6,,,,,,,,,,,,,,,,,,,,,,,,,,,,,,,,,,,,,,,,,,,,
20,21,22,1,2,14,15,16,12,13,11,,,,,,,,,,,,,,,,,,,,,,,,,,,,,,,,,,,,,
23,24,19,11,5,14,,,,,,,,,,,,,,,,,,,,,,,,,,,,,,,,,,,,,,,,,,
23,24,20,21,10,11,14,12,,,,,,,,,,,,,,,,,,,,,,,,,,,,,,,,,,,,,,,,
22,23,24,19,20,21,14,15,8,18,,,,,,,,,,,,,,,,,,,,,,,,,,,,,,,,,,,,,,
22,24,10,,,,,,,,,,,,,,,,,,,,,,,,,,,,,,,,,,,,,,,,,,,,,
17,18,19,23,24,10,,,,,,,,,,,,,,,,,,,,,,,,,,,,,,,,,,,,,,,,,,
23,24,20,21,22,13,10,15,17,16,,,,,,,,,,,,,,,,,,,,,,,,,,,,,,,,,,,,,,
23,22,24,,,,,,,,,,,,,,,,,,,,,,,,,,,,,,,,,,,,,,,,,,,,,
21,22,23,24,16,17,,,,,,,,,,,,,,,,,,,,,,,,,,,,,,,,,,,,,,,,,,
22,23,24,21,1,4,5,,,,,,,,,,,,,,,,,,,,,,,,,,,,,,,,,,,,,,,,,
22,23,24,,,,,,,,,,,,,,,,,,,,,,,,,,,,,,,,,,,,,,,,,,,,,
22,23,24,19,20,21,2,1,,,,,,,,,,,,,,,,,,,,,,,,,,,,,,,,,,,,,,,,
