4.094595610609999881e+01 0.000000000000000000e+00
4.302106897990000078e+01 1.000000000000000000e+00
1.513430918980000115e+02 2.000000000000000000e+00
2.210482933959999841e+01 3.000000000000000000e+00
2.484001388130000123e+02 4.000000000000000000e+00
5.426729159189999763e+01 5.000000000000000000e+00
2.572403401880000118e+01 6.000000000000000000e+00
3.206858383129999766e+02 7.000000000000000000e+00
3.745498798349999703e+01 8.000000000000000000e+00
2.791265197390000097e+01 9.000000000000000000e+00
8.758115033090000168e+01 1.000000000000000000e+01
7.976988425250000603e+01 1.100000000000000000e+01
5.286356848740000203e+01 1.200000000000000000e+01
3.691441891680000253e+01 1.300000000000000000e+01
2.356589923969999845e+01 1.400000000000000000e+01
2.208148165860000134e+01 1.500000000000000000e+01
1.408973579860000029e+02 1.600000000000000000e+01
2.276879746619999878e+01 1.700000000000000000e+01
1.123185879640000024e+02 1.800000000000000000e+01
8.038273714199999631e+01 1.900000000000000000e+01
3.662336684990000180e+01 2.000000000000000000e+01
1.563361084059999939e+02 2.100000000000000000e+01
6.964724564339999802e+01 2.200000000000000000e+01
8.096871589360000598e+01 2.300000000000000000e+01
3.132144979890000158e+01 2.400000000000000000e+01
7.126876459759999705e+01 2.500000000000000000e+01
2.968299874879999933e+01 2.600000000000000000e+01
5.445587277639999968e+01 2.700000000000000000e+01
2.356760212949999911e+01 2.800000000000000000e+01
2.935714870680000033e+01 2.900000000000000000e+01
3.975882873529999983e+01 3.000000000000000000e+01
2.209436797180000056e+01 3.100000000000000000e+01
2.658216131820000072e+01 3.200000000000000000e+01
2.356604768809999939e+01 3.300000000000000000e+01
2.356760212949999911e+01 3.400000000000000000e+01
7.285625618150000093e+01 3.500000000000000000e+01
6.792900549499999840e+01 3.600000000000000000e+01
2.996082962209999891e+02 3.700000000000000000e+01
2.286967762250000078e+02 3.800000000000000000e+01
6.907279446660000133e+01 3.900000000000000000e+01
2.198723262269999879e+01 4.000000000000000000e+01
2.027622793230000013e+02 4.100000000000000000e+01
3.090292474359999986e+01 4.200000000000000000e+01
1.333329878810000082e+02 4.300000000000000000e+01
8.861882535300000541e+01 4.400000000000000000e+01
3.477058842470000144e+01 4.500000000000000000e+01
3.218854408970000236e+01 4.600000000000000000e+01
2.493207430500000044e+01 4.700000000000000000e+01
6.961710917499999596e+01 4.800000000000000000e+01
1.728628332920000048e+02 4.900000000000000000e+01
2.191557859430000121e+02 5.000000000000000000e+01
7.503053155230000471e+01 5.100000000000000000e+01
2.487280954770000108e+01 5.200000000000000000e+01
5.231705115590000332e+01 5.300000000000000000e+01
2.205518335949999909e+01 5.400000000000000000e+01
8.080686031049999940e+01 5.500000000000000000e+01
2.308323428090000107e+01 5.600000000000000000e+01
2.242285269850000162e+01 5.700000000000000000e+01
2.261902600890000059e+01 5.800000000000000000e+01
1.949541140090000013e+01 5.900000000000000000e+01
2.235759158400000146e+01 6.000000000000000000e+01
2.487280954770000108e+01 6.100000000000000000e+01
2.412558441349999896e+02 6.200000000000000000e+01
1.220662876690000047e+02 6.300000000000000000e+01
1.246869677929999938e+02 6.400000000000000000e+01
3.226187648660000207e+01 6.500000000000000000e+01
4.180153667580000132e+01 6.600000000000000000e+01
2.362902937200000153e+01 6.700000000000000000e+01
2.240201651219999945e+01 6.800000000000000000e+01
7.862365538269999377e+01 6.900000000000000000e+01
8.791201677140000470e+01 7.000000000000000000e+01
3.884749807210000228e+01 7.100000000000000000e+01
2.945306215059999886e+02 7.200000000000000000e+01
4.717504409749999894e+01 7.300000000000000000e+01
5.664622578049999646e+01 7.400000000000000000e+01
8.449088819520000015e+01 7.500000000000000000e+01
2.222225073070000079e+01 7.600000000000000000e+01
2.356760212949999911e+01 7.700000000000000000e+01
2.293049608340000134e+01 7.800000000000000000e+01
3.046474055419999871e+01 7.900000000000000000e+01
2.449947539920000139e+01 8.000000000000000000e+01
2.476688374249999924e+01 8.100000000000000000e+01
2.432455680940000065e+01 8.200000000000000000e+01
2.463826412799999943e+01 8.300000000000000000e+01
5.314089864940000041e+01 8.400000000000000000e+01
4.867684530249999852e+01 8.500000000000000000e+01
3.860676186159999901e+01 8.600000000000000000e+01
2.247211428759999876e+02 8.700000000000000000e+01
2.196816711259999977e+01 8.800000000000000000e+01
2.519430203530000085e+02 8.900000000000000000e+01
3.380726034030000164e+02 9.000000000000000000e+01
2.303235277390000135e+01 9.100000000000000000e+01
2.535817763449999873e+01 9.200000000000000000e+01
5.093796697119999806e+01 9.300000000000000000e+01
2.114434197199999943e+01 9.400000000000000000e+01
2.501076862120000044e+01 9.500000000000000000e+01
3.729456500389999718e+01 9.600000000000000000e+01
4.744846779179999885e+01 9.700000000000000000e+01
2.261790369199999873e+01 9.800000000000000000e+01
2.220366529149999835e+01 9.900000000000000000e+01
