5.897728828607511353e-01 7.744631725312781656e-01 6.418405865485941053e-01 7.825225379189103547e-01 1.959205002388659356e+00 3.593708625583789118e-01 4.157077302970321186e-01 3.727843694975513378e-01 8.779773818807180552e-01 9.906742710254912154e-01 1.444057974039042413e+01 7.037396387808336762e-01 3.597823580227131890e-01 2.760146133121689771e-01
6.646524093741742467e-01 2.477933266742454732e-01 5.376801867917440081e-01 5.474840815631770718e-01 9.756478233823524526e-01 9.239042918868813903e-01 8.544748868159949273e-01 3.744025124851004804e-01 2.825643427083347259e+00 5.648972123576577742e-01 9.464058313528903810e+00 6.246514171607857602e-01 3.871775081708488941e-01 4.264551951429962906e-01
1.581490652913770667e-01 8.662597051791923741e-01 4.157304568083485252e-01 1.299086673673436887e-01 2.571142250200602053e+00 1.416703198301168865e+00 6.855177934339889978e-01 1.633625455129216961e-02 1.429606569549047412e+00 2.478948375190689613e-01 9.980602737695432936e+00 9.918132352608666213e-01 3.672422844751504351e-02 8.625618283148554777e-02
1.445452765173453891e-01 9.403116990501461103e-01 5.953193285953193303e-01 4.700311800523254702e-01 2.616961937522168657e+00 1.091950810323413235e-01 7.110083889850085104e-01 4.840802403308546581e-02 2.890600744936129729e+00 7.278807348766521690e-01 6.728774694442107851e+00 8.723360144613523381e-01 5.138202351074439012e-01 2.046904573297360919e-01
3.847307188260363775e-01 9.269996156019640887e-01 4.730943069942123991e-01 3.221426379510246019e-01 9.725371861664547923e-01 2.817208517454411476e-01 4.264852768866287391e-01 1.686163470177530488e-01 7.539595583244345089e-01 1.614067921640752468e-01 1.066365808074255739e+01 6.788092199324461395e-01 5.398170748447890244e-01 3.280130916085029213e-02
3.633947956228305021e-01 8.048125709485502988e-01 4.538658948453420661e-01 7.145470092924971484e-01 2.842544927940657384e+00 7.703609508865485456e-01 7.808694083416302112e-01 1.152895943287112895e-01 1.283937203883956713e+00 3.170844344602572473e-01 1.293241039112551505e+01 5.375926670472095381e-01 7.888689687483561030e-01 2.399433581142881855e-02
1.510275799716170042e-01 1.206656877077556395e-01 4.957933608540401327e-01 4.984648654463790240e-01 7.226703796336967356e-01 1.297837300730414034e+00 4.893366929858334879e-01 5.647598036253233256e-02 1.585869304997105544e+00 3.729085864010422968e-01 1.434251825692925841e+01 9.528511120919873623e-01 3.208380325080915085e-01 3.507438199063357409e-01
6.576692617920328887e-01 8.390718101102795368e-01 6.527902149362159179e-01 2.282959322242667510e-01 2.678934511144666075e-01 1.258774051991398357e+00 1.592407755446605122e-01 1.497934785501928434e-01 9.549928643911318460e-01 2.360812434206464583e-01 1.244439396090932526e+01 7.726009213532821773e-01 2.789938541649212289e-01 4.434476525977032457e-01
1.293309714772445662e-01 5.517009242719430606e-01 5.930199071757178420e-01 2.498036452465475787e-01 1.323232768460065767e+00 6.465622303452499553e-01 1.072497066676973282e-01 1.620551801519969637e-01 9.600052521099027292e-01 7.052597868150443094e-01 5.334182922037892460e+00 7.346793187533349201e-01 6.457475389371889474e-01 3.909446918494901557e-01
5.072228876869413483e-01 7.740587410680798142e-01 5.627842280507964201e-01 8.753716383785791200e-01 2.190148615754007988e+00 6.618850759461528677e-01 2.477261322180153158e-01 2.462579325026906796e-01 7.902882283077745651e-01 6.506466803856315595e-01 6.328549985105738962e+00 5.179739154164242354e-01 4.438133832167769355e-01 1.843835311941190713e-01
9.011885375440046309e-01 2.452482309131318317e-01 4.295778654276125597e-01 7.455464470724189052e-01 2.630678158858005489e+00 1.189028379502971688e+00 7.986969088322102284e-01 1.097199837799302941e-02 1.088739881966107159e+00 5.850794109458421488e-01 1.253266588476443744e+01 6.711969447253964827e-01 7.645134814698486547e-01 1.671325869577878209e-01
2.475045859395174075e-01 1.733107337759179911e-01 4.283441499432765753e-01 6.680005652856869647e-01 1.445210282239533406e+00 1.355412029773949367e+00 2.574875330088084446e-01 9.679540027469099583e-02 5.365309783432774537e-01 6.567733325063589422e-01 6.999647513982751867e+00 6.155196203754587092e-01 1.916658891396958719e-01 1.326322200933885143e-01
5.318035926128251711e-01 1.031900097426576013e-01 4.234665403957538765e-01 4.166928443329808163e-01 9.035516130746947816e-01 7.918724316848174682e-01 7.270905378554487486e-01 4.482161218042564066e-01 2.909349135526948960e+00 5.343418836717528375e-01 1.059855261066914878e+01 9.653843848524318316e-01 4.260116611941265341e-01 4.838274722938502581e-01
7.555164579360448274e-01 5.119013172929983702e-01 3.037392164333128641e-01 4.574203128146610009e-01 2.968584337825396213e-01 7.448575731867849159e-01 4.062964171914013045e-01 3.223337091643124208e-01 1.454545223679039490e+00 1.384521117317562555e-01 1.045915365796331997e+01 7.054828313537639950e-01 5.537209079001271794e-01 3.124409303334701321e-02
8.359576497826699537e-01 3.706310522380510397e-01 6.466905495792176772e-01 2.466339912534281364e-01 3.062420794996071338e-01 1.231928279347234367e+00 3.534453203149570122e-01 2.078667614041331269e-01 2.821102678575238443e+00 8.874897584218155444e-01 7.882724782673660613e+00 9.037776310836054261e-01 6.209756164637877385e-01 2.667725289257217303e-01
7.967513044359304519e-01 9.669711911382362635e-01 4.802957460883452434e-01 4.954308031257683709e-01 2.088344750250733295e+00 1.352077355276730675e-01 5.412671253574112828e-01 3.202455906111260908e-02 2.676465021426212676e+00 7.947744673122618675e-01 1.282567936562571020e+01 8.662775934615832840e-01 6.333952678417373860e-01 1.006167897942508022e-01
1.604183735791610554e-01 2.809743097546349988e-01 6.192428107327133668e-01 6.367102946689691123e-01 4.958680069163732274e-01 1.377469251770829128e+00 3.999362041786185262e-01 3.311186688138985645e-01 1.681446634837449494e+00 2.685908849113105012e-01 9.497079805179616585e+00 6.856719319394231071e-01 5.149184545311702443e-01 3.630552559668235868e-01
3.129400482477230350e-01 2.134805736676635979e-01 5.933863956775387027e-01 1.175382523895587422e-01 2.971053718313444669e+00 6.067820721524417316e-01 9.871421371683278823e-01 2.103479142752980591e-01 1.253192363845042179e+00 1.845198477703294815e-01 7.367821070960564711e+00 6.468773231327202833e-01 2.021282594211540606e-01 3.342250887182163788e-01
3.303766152956522095e-01 5.670350883194976710e-01 3.164636192852954832e-01 2.395610472498721499e-01 1.892821331849455557e+00 3.381241762747612123e-01 8.724238952343272846e-01 1.296766367737482994e-01 2.605678621042585075e+00 2.382712418484971006e-01 7.359394258175004033e+00 6.685428608115027149e-01 5.576150500278197475e-01 7.013653948929984838e-02
8.668529448516896219e-01 4.800964435005056208e-01 5.969828738969025217e-01 4.602894734919049657e-01 1.130119947031063887e+00 3.262441500863767496e-01 2.144103475446353102e-01 3.369525029708269059e-01 1.148104643156004689e+00 7.236385670637908163e-01 5.545368173681673341e+00 8.216703813767836095e-01 5.493961776588238699e-01 1.572902475062863958e-01
8.243504234025783584e-01 2.875975340146590398e-01 6.703100310177871890e-01 3.313039939257609312e-01 2.070686881138090296e+00 1.000794376561067844e+00 4.099883979646957721e-01 3.586257615534502174e-01 1.534545834741378068e+00 4.489876865696602604e-01 1.194178820753629822e+01 6.034959059893885147e-01 1.006973347532731100e-01 3.761292227008517508e-01
3.168388025321858814e-01 8.055371976066248996e-01 3.146727039963425065e-01 7.071808212864824084e-01 2.520590844131913588e+00 8.326373758717653395e-01 2.163855727382260619e-01 4.660684809648797389e-01 2.495688679369844287e+00 1.597265543266444821e-01 1.338341037592992677e+01 5.122828978684925705e-01 7.319089171349542067e-01 4.004045866781534846e-01
2.663310635578755026e-01 2.096142735892363440e-01 5.796046255491837940e-01 3.642370642392110947e-01 6.208629782105843375e-01 3.069035336553582738e-01 2.952975862139307628e-01 1.655014017847546981e-01 2.922976806491034640e+00 7.539348806304490003e-01 6.129333087529190038e+00 9.719123220671257446e-01 1.948916367936948113e-01 1.566361047045632116e-01
8.258513626507563155e-01 4.750487265909119072e-01 3.036209641587067076e-01 1.698179501288148985e-01 2.905477418316040339e+00 8.637617162272631655e-01 3.464549342816547473e-01 3.003346619494560166e-01 2.126697982006374499e+00 9.602952849803552127e-01 8.765554574196510629e+00 9.203030707375533526e-01 1.032769131859863770e-01 1.543389960956989548e-01
3.734467651588426751e-01 2.661511795095515831e-01 6.110217062685807665e-01 1.598721486134262182e-01 9.101819962076792558e-01 8.980769135951663928e-01 6.508030089914188521e-01 4.807509995436992645e-01 2.527207912702332138e+00 1.162919196685454348e-01 9.704805273207654182e+00 8.207865232082515172e-01 8.855481078725171984e-02 1.537550739484931095e-01
1.824386939719689904e-01 1.365668580898336537e-01 4.443768743709314850e-01 4.199238994909435529e-01 2.705403301281140926e+00 5.765319316504127212e-01 9.833410748967084114e-01 4.467721352719585259e-01 1.017205580413335975e+00 9.947079312209239355e-01 6.686972716944882933e+00 9.059069825727628089e-01 6.558832348492322772e-01 2.889801128485940396e-01
7.730852601587964168e-01 2.603157855129815679e-01 3.233835403126910646e-01 7.472649697724457196e-01 1.590170051229959247e+00 4.331442570991007601e-01 4.636275076701551479e-01 3.933499236873279070e-01 2.960770881357926321e+00 3.990799726560246841e-01 6.899179183257048820e+00 7.707836667029517308e-01 7.434341898078388189e-01 4.482441912505212844e-01
2.035598589761794530e-01 6.005657143038132251e-01 4.179239145894473872e-01 7.753738836849204397e-01 2.331152720720837124e+00 8.327918067905507593e-01 5.471018608761624158e-01 4.085577338541049319e-01 1.232660628689214555e+00 7.500576103043272713e-01 1.106148550259471008e+01 5.334526788675075792e-01 7.700771565833897103e-02 2.203734482722854299e-02
9.010206425416413811e-01 2.658953439945288544e-01 3.702634641391982506e-01 8.231824855129703522e-01 1.588101969189739782e+00 4.679776716569192807e-01 6.952479362378202188e-01 1.325338271756400788e-01 8.568531962907089961e-01 6.009183684278166515e-01 7.508820100549765897e+00 7.036422916717046672e-01 6.711010606880445373e-01 4.549440913577151857e-02
1.978802229789841105e-01 9.706398819470265504e-01 4.690349063899418303e-01 3.973315705583816415e-01 1.168159835502437849e+00 2.173138288723593936e-01 6.995792606093450550e-01 2.402929090005072599e-01 2.685678167800784610e+00 4.525459281508893428e-01 7.513441202763980975e+00 6.153313696438111879e-01 7.392604298972768606e-02 1.178485352890303872e-01
3.564966820685390170e-01 8.966496645463821746e-01 6.251305499155277445e-01 6.007266466234444380e-01 2.099485467947771689e+00 1.047543990707519246e+00 5.069175984893049547e-01 1.993176759668236764e-01 1.175888675706277420e+00 1.712741731672448586e-01 1.031402084296135158e+01 6.026986864571364233e-01 6.360232914498626933e-01 2.257611572889427209e-02
5.583896158815861988e-01 9.044717200416697578e-01 4.509797394973296680e-01 1.064663437829611037e-01 1.560978942929928559e+00 1.488855878759575813e+00 4.343676657700290544e-01 3.702219254299696227e-01 1.019447173739835177e+00 7.373146305327273886e-01 8.300220564085172725e+00 7.954540666258327342e-01 8.081806916925317330e-02 3.749540484804571583e-01
9.699911743128581953e-01 4.758813181566359241e-01 5.959240708553867893e-01 5.667255428906048387e-01 2.996530933494218285e+00 1.261999315397197563e+00 4.747928135646037884e-01 4.777458654374508451e-01 2.709512588227303898e+00 1.349113482952801202e-01 1.358485728113641500e+01 8.024333649446711014e-01 7.457682660712204870e-01 2.671424596611532976e-01
1.208462519313662498e-01 9.317949911330921653e-01 3.286293786415022122e-01 7.404409862066786419e-01 4.135714036709722263e-01 2.050535530768395343e-01 7.593643873988160653e-01 2.766038290254296816e-01 2.825838560410306677e+00 7.992682565952368146e-01 7.136276691867726285e+00 7.066192090383693891e-01 4.872170941054892457e-01 7.214148162339081849e-02
5.664056816121355586e-01 4.672787942391467553e-01 5.327779387084963236e-01 6.148997142788275028e-01 4.944353597521544685e-01 3.091281179315249483e-01 5.889448866775296443e-01 9.505726915585463455e-02 1.955899054418787530e+00 2.743543895486750817e-01 7.098515895137577303e+00 7.779473281816557950e-01 2.869108303463629994e-01 4.798817904626543895e-01
5.751632645071164118e-01 9.325208862303028257e-01 6.606239488661436177e-01 8.825282003402036279e-01 2.802375125910315123e+00 5.491238391050908829e-01 8.129273521186889395e-01 6.209096642575814839e-02 2.464915540332860644e+00 7.082523838442803532e-01 1.301990754145171891e+01 7.740162215989649930e-01 4.043930083958580113e-01 2.792586166059133485e-02
8.261045729346826461e-01 9.991022637070696710e-01 6.599651843635372384e-01 2.033123283814807780e-01 3.190722946224369139e-01 2.416636724908614309e-01 1.245788570302419490e-01 2.129231527789937628e-01 2.586376063332870512e+00 2.503543637497295249e-01 6.851340919401267548e+00 9.278121654594040368e-01 2.315783293118835462e-01 1.061598734491510515e-01
4.165994229756889711e-01 7.286033249773584686e-01 4.080198057946333723e-01 5.715535503336663936e-01 2.491599084924690732e+00 8.422190897115504615e-01 1.295334506374765104e-01 3.756992868520037665e-01 1.363164321592601258e+00 6.612960735180005711e-01 9.517546037575566942e+00 7.182205823093914532e-01 2.102139155491485889e-01 1.035289781724123559e-01
9.908014323315342819e-01 8.633317422021807852e-01 5.992342071649753299e-01 3.812432028394507899e-01 8.308730876543697352e-01 1.215335462980866366e+00 3.675012493914661116e-01 4.158051841098423518e-01 2.010197283035386917e+00 5.129121043336165586e-01 7.002883226830903141e+00 6.350706162860184634e-01 1.293295174083855803e-01 3.423894131950698250e-01
9.771195649849060416e-01 4.489158964612577352e-01 3.293635213717481247e-01 7.445973650270614197e-01 2.528030336687763668e+00 1.160683388122109472e+00 2.284126186816622939e-01 3.062461927129223049e-01 1.041177967980388308e+00 5.789492487179043190e-01 5.436249083510035440e+00 9.712603695535265702e-01 4.220374082846021224e-01 4.553520369345614438e-01
7.302102888372956624e-01 4.427345223938126129e-01 6.178501674863177140e-01 7.350228681193100577e-01 2.189979957746650108e+00 5.466915127245166595e-01 4.679350383183610296e-01 5.137243368333327398e-02 1.898906963669326764e+00 1.127908008794537148e-01 1.042749843000552445e+01 9.284661896160563144e-01 7.748124857568583490e-01 1.351834929858519441e-01
7.844207109877936457e-01 9.443439764252126167e-01 4.605231865074960185e-01 1.393799479043979772e-01 5.693803642469488224e-01 9.879433649696894859e-01 7.043629264289958947e-01 3.141400144407476280e-01 2.148535082487602388e+00 2.754816925793071580e-01 7.937890788472259374e+00 9.619154220776724440e-01 7.742253483522166801e-01 6.519666117302097552e-02
3.625462132404800863e-01 7.288974347414598487e-01 3.425575328241361461e-01 4.391809378712516754e-01 2.961890855720969551e+00 8.928611159943428133e-01 8.554709355803018500e-01 1.638044986730004815e-01 1.185009967974081979e+00 8.999718312641546980e-01 8.536020292000799259e+00 7.025910716553472879e-01 2.877700739937529284e-01 2.518288883130969658e-01
9.268934163167767970e-01 4.457461963657527448e-01 3.283738079343448413e-01 1.505655100575481464e-01 2.744663267055456934e+00 1.309493238521933778e-01 9.102939922742835366e-01 4.886698890365399062e-01 2.599157969147117164e+00 2.626754388445516897e-01 1.209095919270298580e+01 8.130241501395483184e-01 1.239766189505848715e-01 1.966201646776976480e-02
9.636744343559122683e-01 9.360585732865787101e-01 4.352927718541832469e-01 7.155879843631992587e-01 1.815684571252055290e+00 6.465819267218813060e-01 2.958613303186283794e-01 6.630893478970614763e-02 1.351845932192214272e+00 4.245652831895528889e-01 9.615041901178896566e+00 5.496825230622115477e-01 5.405082157481293920e-02 5.134717762803616553e-02
9.622310309312738230e-01 7.550487552979968653e-01 4.579130480940090120e-01 7.189960736627263316e-01 1.792101188889288377e+00 1.170706425305059417e+00 2.910234802468127380e-01 1.753802758494920344e-01 1.315709309712396191e+00 7.895760727347375107e-01 1.106196261080092924e+01 6.102741450956326030e-01 7.620305309547822925e-02 1.837143155018284846e-01
1.738776866291242285e-01 7.975110317686371353e-01 3.069124790501332467e-01 8.260387618754734262e-01 2.740619758054561039e+00 1.471249902688187339e+00 5.714803142628088750e-01 4.049680532264865462e-01 2.022740546069972112e+00 4.508140909125291085e-01 1.224487075033537664e+01 7.602212099190792660e-01 6.811949923878474200e-01 1.223372392747571480e-01
2.703970953398069366e-01 1.127994915385813618e-01 3.588491270662255150e-01 4.815821212071379476e-01 1.582851364634136448e+00 3.608728701601295885e-01 8.458810709276298745e-01 1.514221902246163931e-01 2.980562580901845671e+00 2.295927826852702802e-01 1.421564802300673591e+01 6.678832464520549905e-01 2.333720609141743674e-01 2.680294118911623058e-01
1.070804924870153996e-01 5.939659976097595440e-01 6.310868255845312191e-01 9.752635025218064913e-01 9.747976958836054306e-01 6.574332934444108156e-01 6.087241590957198634e-01 4.892171849112513793e-01 1.381316795992568291e+00 2.496788796936637855e-01 1.120852165085040042e+01 6.544854938609773187e-01 3.996992589881235292e-01 1.836891528109025132e-02
8.388003944501496445e-01 9.783307912317109611e-01 4.022922311183929067e-01 3.821344399391328750e-01 2.072459136079369380e+00 1.319448198839755726e+00 8.923146451212744523e-01 4.921744274903600003e-01 2.570014759435755636e+00 1.818928053838332337e-01 7.366895862372709658e+00 8.445549313116821333e-01 5.366770307763888415e-01 1.594115353945565472e-01
9.360641410440342369e-01 8.669870736613431994e-01 5.309417452110575253e-01 9.308891567891544039e-01 1.425995581514319710e+00 9.378154049023177397e-01 7.463003525300920815e-01 3.511066199563460666e-01 2.064543951585978920e+00 9.212943634641338475e-01 8.139061574150067813e+00 8.695611229410913356e-01 2.607902074085490310e-02 4.690488485886568082e-01
7.200551672964518035e-01 2.978041698023299877e-01 5.975032902065239293e-01 6.965281381085257628e-01 2.031159368843105995e+00 1.438460842700988396e+00 2.653081042456063576e-01 2.790131133307955369e-01 2.566907809872927881e+00 5.045188768608420693e-01 8.100937981331505000e+00 8.627346035306543426e-01 5.220566211424231273e-01 2.112860850926232270e-01
6.782377346694652420e-01 2.536022306869207821e-01 6.676448779751221752e-01 4.703813508663133858e-01 1.443992298210547975e+00 1.160954706777464596e+00 3.158243350288968410e-01 4.334971319262037603e-01 1.751198746394733163e+00 2.803599178279110316e-01 5.070053191991057417e+00 8.224627346673076822e-01 4.788702224212044167e-01 7.642055608009272472e-02
6.077990279992658840e-01 8.875792909970480205e-01 4.043481319701441312e-01 6.074982730271757392e-01 2.855217729882172595e+00 6.306133908510760389e-01 3.553454128073677554e-01 9.325537306805663229e-02 2.389967368200054842e+00 6.397259286341467899e-01 8.171759229741940800e+00 6.272530698355183176e-01 3.496093092061558494e-01 4.712395669384011887e-01
9.952466273391515905e-01 3.501821316132951445e-01 6.607070701242356847e-01 5.375462123621014277e-01 1.488285809877644361e+00 4.181813798379047098e-01 4.118893301936505935e-01 2.358259652651557292e-01 9.215326870394892067e-01 7.246284780291908367e-01 1.079047608142478154e+01 8.974977675099560237e-01 2.100917568128180257e-01 2.793984599590556561e-01
1.509201590483268685e-01 6.685302344515613449e-01 3.349235545519388957e-01 7.049441284649707873e-01 2.659841967217932979e+00 2.105687424290677290e-01 1.030156387166034637e-01 2.021868092947827489e-01 1.495813891558994246e+00 8.285253767647048351e-01 7.115713714105069698e+00 6.412191085666454349e-01 4.324994129039258506e-01 2.453978261723960552e-01
7.366219697925047161e-01 5.570784985695766967e-01 4.054210671520517839e-01 4.457192754525772793e-01 7.177920945258915442e-01 1.301622951278172735e+00 6.785505006854412047e-01 2.435303150696604968e-01 1.966165997123142883e+00 9.547388804801641982e-01 5.692141221787668570e+00 8.663444763528160841e-01 6.464628908603660129e-01 4.596078492619078415e-01
8.699317187911337346e-01 1.558599277445978926e-01 4.220918150704237037e-01 5.894730325460051379e-01 1.947255424908146404e+00 7.524932428640639381e-01 2.104450130315415335e-01 2.530100207757848274e-01 2.848005689198447765e+00 1.084472178679250914e-01 1.084489936063549642e+01 5.555382324337178046e-01 7.489364916678565853e-01 3.278008897878598171e-01
9.680129813646906056e-01 4.543048035631500614e-01 6.258003863063161809e-01 2.338315584673789083e-01 1.767741246356473450e+00 7.272369534311653450e-01 8.863757181302377441e-01 2.032625246393587048e-01 2.300758227342802442e+00 4.766641986994771818e-01 1.480944009963468844e+01 6.601773260588834624e-01 2.860649616261135009e-02 2.662314842424455819e-01
7.520385062652175101e-01 7.811693435138240549e-01 3.992006946472967943e-01 1.097154277682510226e-01 1.234993166173247614e+00 9.344996978215437400e-01 5.549150477647953883e-01 2.180510605024910675e-01 1.061580121267384103e+00 1.228257185771584326e-01 1.088259789652063780e+01 7.704856203301704287e-01 3.958539833285600884e-01 4.690071455671240286e-01
8.188603724502405701e-01 7.723257928487068380e-01 6.254428127601665555e-01 2.222041609999526046e-01 2.603364013293431700e+00 8.380580732625858564e-01 7.861596189527391143e-01 3.009892671883117043e-01 1.537273452264267704e+00 9.152228454724924411e-01 7.311844019352520263e+00 7.305639040767222259e-01 2.995744983055986799e-01 1.216582653788290530e-01
9.879926692279467071e-01 3.069549123839965254e-01 5.529325545881946802e-01 1.250254210887206674e-01 2.454539877075856136e-01 4.389509212406047522e-01 4.516601115380457498e-01 3.393741223651558503e-01 2.921694262333441205e+00 7.978903065533297090e-01 1.209207813781628893e+01 7.196095458550690882e-01 6.088661189106164828e-01 3.169812681762331219e-01
5.487973587907564177e-01 5.432091616215812824e-01 4.359035061501490560e-01 5.520164651112479115e-01 4.081777870559680776e-01 2.509041164536729429e-01 5.456010175903589499e-01 4.768287467489417675e-01 5.030425409463983311e-01 1.077325329723505531e-01 9.051857293165241458e+00 6.622380062147152913e-01 3.417109922683358447e-01 9.245437942753031990e-02
1.874447014368765263e-01 3.132539736868640290e-01 4.058408056746274917e-01 3.245133791734466921e-01 1.924434438225681943e+00 7.376515435215560412e-01 8.705039023333138726e-01 3.760518489646245688e-01 1.809300755398464133e+00 6.787357934649310698e-01 1.335040660166968252e+01 8.812552536791377067e-01 1.402240481278310136e-01 4.889568459884698903e-01
3.688318691469235633e-01 7.756100004075362486e-01 5.401251296183527950e-01 6.917437994322152006e-01 1.482952600795677256e+00 4.987506581001752703e-01 2.968255023824107885e-01 4.409532547450601414e-01 2.972175127775944503e+00 8.449568500733388721e-01 6.428137226762444811e+00 7.153634831417390316e-01 7.114254016838762740e-02 2.570047478223587145e-01
2.246687721964330808e-01 1.715271479447089686e-01 6.683325512733182538e-01 1.214209359103152891e-01 2.942430381870511535e+00 8.643199470365505732e-01 8.925571426843247336e-01 4.612583196649399087e-01 2.059877349048189199e+00 9.931910156276604340e-01 5.787852196255953707e+00 8.743857360942384194e-01 2.125574437618007739e-01 3.915310484666223445e-01
9.855763768319377727e-01 9.307272427418884497e-01 6.653071913604207133e-01 2.673022061735620403e-01 2.555730889793934146e+00 4.479747392034784115e-01 7.438227405095322320e-01 3.207207495381205753e-01 2.193915455331846509e+00 3.313353181471545561e-01 7.921911297504097504e+00 7.010060165453987358e-01 5.823509503969953593e-01 1.883896896731631909e-01
8.685756200349038503e-01 1.163751939320530893e-01 5.757780983777802675e-01 1.700987022235468937e-01 1.728044521901660246e+00 9.757827600538320212e-01 7.200438452899062813e-01 3.242030082408908775e-01 1.748737780707797285e+00 2.468747195361204738e-01 1.349274324760300559e+01 5.329319914966745841e-01 6.373355043955275523e-02 1.685991965539421489e-01
8.893613307685334091e-01 6.626485972865968632e-01 4.539505534233101436e-01 3.419017553871329662e-01 2.344513181975500959e+00 8.441108084034580905e-01 4.754006680881890379e-01 2.740964083206626212e-01 8.906292078036655013e-01 8.817760697246562751e-01 1.333966940026831516e+01 6.155430391621734554e-01 2.227833477697638564e-01 2.131913707053883361e-02
2.799288388906425729e-01 1.000784584614827916e-01 5.783125251969968295e-01 6.031273904019343046e-01 8.603860309158701813e-01 1.047810327515096063e+00 5.747619891071975573e-01 4.234281790153953673e-01 2.550077956201223017e+00 6.719247030501155349e-01 6.755666885696304469e+00 7.340413662319471566e-01 3.006018234132929248e-02 2.009524868586523016e-01
6.375339330006213334e-01 6.117552413456972538e-01 6.417359240006295096e-01 6.827684056595217932e-01 2.129553741671741385e+00 3.874795448889745142e-01 3.986797810483457827e-01 3.861438431301179031e-01 6.699623982062092864e-01 8.149385722969019197e-01 7.459912092943997486e+00 8.104206669432172383e-01 6.381254402713389950e-01 4.149432922103853949e-01
7.401213360446822209e-01 9.091041847910060758e-01 6.113417401012246621e-01 4.687373460214968590e-01 2.942334192338731391e+00 6.198835478653801356e-01 9.430168447672891974e-01 2.151125864814568411e-01 1.305520763315996868e+00 4.899483772652727387e-01 1.171173986954130797e+01 6.761096959727010969e-01 6.128479993069322340e-01 4.661523116999190947e-02
5.148224941587967729e-01 6.006292566616345807e-01 6.120361209085367626e-01 7.802017162868740696e-01 6.402412451311632058e-01 5.666314717379263843e-01 4.001476437366908723e-01 1.374074560629425790e-01 7.666685872568974602e-01 1.907128512911628326e-01 7.029200874731321491e+00 6.140081181007701616e-01 3.214233623129605921e-01 3.785004948812736303e-01
6.626813678359666504e-01 8.795212398207732374e-01 5.015380942017215737e-01 6.790415992484095664e-01 2.246270518854961651e+00 5.442197085640764209e-01 1.014592082449396748e-01 2.828279549008437810e-01 1.477820313871351487e+00 3.343357029142034476e-01 9.134460530878506290e+00 6.115003101005722641e-01 4.056702185047763032e-01 4.362343002608446429e-01
9.374852566166231860e-01 6.402487030895408493e-01 4.643156601575032516e-01 7.683512215846947102e-01 4.484396699723260937e-01 1.096097953602370945e+00 6.891040595894823984e-01 2.414421776354848947e-01 1.639206351826551167e+00 6.342870776406043243e-01 7.973668201891497276e+00 5.034678827782554933e-01 5.234703619619432979e-01 1.658304303710721878e-02
3.119224122499998364e-01 7.151513378332204907e-01 5.757332236340086951e-01 5.025409833329845810e-01 2.616950413067944403e+00 1.155589003758732636e+00 1.294343205066907643e-01 2.390949193749351831e-01 1.410806778738409983e+00 8.336312044539113675e-01 6.747781212458735745e+00 5.641795011163730500e-01 5.527447496263176996e-01 3.870771733752598753e-01
3.512617890847640201e-01 9.924594396211000591e-01 5.350169545292374762e-01 1.324734062767499720e-01 3.001159416015090620e-01 1.139713627517159766e+00 4.756655609155976405e-01 9.852794732238583097e-02 2.429071662977535961e+00 8.636946053365939235e-01 7.166424531413351673e+00 6.733795398129980292e-01 7.300110361192840847e-01 3.465562979426369261e-01
4.160196724826820125e-01 8.690289884949232713e-01 5.795444224907133624e-01 3.745676576692777981e-01 1.471624576431925124e+00 1.396148994711632341e+00 5.087951632079730224e-01 4.073739522385194101e-01 1.082651445464548612e+00 5.367814929399972179e-01 1.461869361225611996e+01 5.233095005800925126e-01 7.363953308729849212e-01 1.217779916647600130e-01
7.069435119795860478e-01 4.405567787522599588e-01 4.066569283888994968e-01 9.814580464459075060e-01 1.413817269863626214e+00 2.761544397505548698e-01 4.336577639753197433e-01 2.167176951075599767e-01 7.752630840719177963e-01 2.634038654649432654e-01 1.146035763404157848e+01 7.129056953487622472e-01 3.965497850482984088e-01 4.685060321599156530e-01
9.006888290015893084e-01 3.101343789668471462e-01 5.414137649851821221e-01 2.583293329761617296e-01 1.822152838864761426e+00 6.230165714184421333e-01 4.117302316738724599e-01 9.486587254542885872e-02 1.187281639211659856e+00 7.967288211946738086e-01 6.417858417697049234e+00 8.429881533501992763e-01 4.631443782912705309e-01 9.844135551980133514e-02
7.269058554437055619e-01 6.071561773938537465e-01 6.751141836129168627e-01 6.890252544773590726e-01 2.955565234979391942e+00 1.148655217228789605e+00 7.526921935900977578e-01 4.922446334387529099e-01 2.987785165283437294e+00 7.593668851058281710e-01 6.422953147677486818e+00 6.876643202306234048e-01 1.184582358301964344e-01 3.806282314965763192e-01
9.977326412498717101e-01 9.280422195296049725e-01 3.065584726439671837e-01 2.284596766495964881e-01 2.037778566447062900e+00 3.893916305061750904e-01 8.480613654018160918e-01 2.768365880775689458e-01 1.718141152174509800e+00 5.762441178243262740e-01 8.861698578512909208e+00 9.366532026402252242e-01 1.617643630194136040e-01 1.875152926743198500e-01
9.025299342316794871e-01 2.093300264137176181e-01 6.112371408252201821e-01 1.791122523690080737e-01 5.780907266329962102e-01 1.249641891883719186e-01 1.527065570753239065e-01 1.944929058887110984e-01 2.622854405913755294e+00 9.611692561740377005e-01 5.499675070269562482e+00 7.239985732106699601e-01 9.990880371167466800e-02 3.055455171251399427e-01
8.528341553821152665e-01 2.531429348758450493e-01 3.042956958747009555e-01 6.329932631314401092e-01 5.736722411927518417e-01 9.936347405641248187e-01 4.020465778921178401e-01 2.729475409566783917e-01 1.866309442388835782e+00 4.602118339996387197e-01 7.344604937143385470e+00 7.708798814852459991e-01 3.499021401394331598e-01 1.388222238029016287e-01
8.217141876468297967e-01 6.602656899986907302e-01 6.533131863985197629e-01 7.493852504352207511e-01 6.536460945856654714e-01 4.068414716691297617e-01 4.111748240692668643e-01 2.827772427746949035e-01 9.889428903399561932e-01 5.021788188877185366e-01 9.393329027014946320e+00 6.193655233504417046e-01 5.412047455434936261e-01 1.824107075224382368e-01
4.396956331210564173e-01 9.204035475086846940e-01 5.502292058464490765e-01 6.548968042419701652e-01 2.722889338550571026e+00 1.945128464423815096e-01 4.899258532219760154e-01 4.041020540088909874e-01 1.154016948691076294e+00 6.438723228228964146e-01 1.131624900213549978e+01 5.699492093270267512e-01 3.947558236415906752e-01 2.806921742533539654e-01
3.115514644454828730e-01 6.735738780884521493e-01 3.242636788775300483e-01 9.859570200148697339e-01 2.166560768402430615e+00 4.511656691806317232e-01 2.545952939659549275e-01 4.450761555249421186e-01 2.110130319546377198e+00 6.927346243992028585e-01 1.368752927647350148e+01 6.566397574214670740e-01 1.508918554042161519e-02 2.057371291578415640e-01
4.665891456109626523e-01 4.435667591030515444e-01 4.323839063246976977e-01 1.758388316338846957e-01 2.522547168225051983e+00 9.438966188537241120e-01 1.420078265645237647e-01 5.572818722434648431e-02 1.385502553923946722e+00 7.305772126725922355e-01 8.251488094293506492e+00 7.210369459792072000e-01 5.848085177314296113e-01 3.677649449544764249e-01
8.794768302861510900e-01 4.429645784237399297e-01 6.416060345670292486e-01 6.909308189470851902e-01 4.928282834452112349e-01 7.161244338600688542e-01 5.885230326765095166e-01 3.286591121186248632e-01 2.138227339351177037e+00 9.337531056126694429e-01 1.266174887252267922e+01 6.330379923084349381e-01 4.456604172627595672e-01 1.661140452781001420e-01
3.366368615987296309e-01 4.086885152173873603e-01 6.117692859239728387e-01 5.910325395679182359e-01 1.368176630727270027e+00 1.373638639990507615e+00 3.612649153741454011e-01 7.647848078687718987e-02 2.430462996079717275e+00 7.758727573532916422e-01 1.269604175816275493e+01 9.797883434798358993e-01 5.078931905189206786e-01 2.486437690815618273e-01
5.026530777138897843e-01 8.681608303240596625e-01 5.965382069683873301e-01 2.913037839357967562e-01 2.784158285125383880e+00 3.821900225679409902e-01 1.281724040213322591e-01 3.651296957805799659e-01 1.037595349248455534e+00 6.460688675025478833e-01 9.917305717056624559e+00 7.370823636777730226e-01 3.138922528401229539e-01 4.246878115495044681e-01
7.656149516676074018e-01 1.289915051093495357e-01 6.362069160572954019e-01 9.653953406907963553e-01 2.625977518224816620e+00 1.477583760150732006e+00 4.601513624794137947e-01 3.608540746602078020e-01 1.796575625559299505e+00 5.430894047616626752e-01 1.475398880339076335e+01 8.067236134885678034e-01 2.716023037205254620e-01 2.525980663583435870e-01
8.058906635539023755e-01 8.457022840490299176e-01 4.590880870349547394e-01 9.968626759686247674e-01 2.581902827341923778e+00 8.998693214227645454e-01 9.278352297631292656e-01 1.122132120816383138e-01 1.639039106132628820e+00 3.986829546429381255e-01 9.934612770560436346e+00 7.141005463280045706e-01 7.550647355259565430e-01 9.740526077346926825e-02
6.368327883843556414e-01 9.744170245866300428e-01 6.370516220252777639e-01 3.624880242610757364e-01 1.361481338117523920e+00 6.658054202452714510e-01 7.837334470600206826e-01 1.146617651512813751e-01 1.422675896556807817e+00 1.493526251825461060e-01 1.026509869793036600e+01 5.320947494675392075e-01 6.875066266159566286e-01 2.762020740917792150e-01
9.670757849285112062e-01 4.914711926033659140e-01 6.048492725168783668e-01 6.013193583078924043e-01 1.604240756230732146e+00 2.857568465248193079e-01 1.657010669791998125e-01 2.187748177250315729e-01 1.579226540452451921e+00 5.256330918855633971e-01 1.198575657871379008e+01 8.804861951966178601e-01 2.342275208139088238e-01 7.958481518088154905e-02
2.641565819750207877e-01 3.717518999937664548e-01 3.917803723313252884e-01 9.225352229477212784e-01 8.723042148938420226e-01 8.465803202644671677e-01 7.789691464142630695e-01 1.296566574977534546e-02 1.486337836966655557e+00 4.707195796784092723e-01 1.485004984033150599e+01 5.070347579942641181e-01 3.979471204670708695e-01 4.282304638190330137e-01
8.022917091015199231e-01 3.964293718112452680e-01 4.605379424642008224e-01 8.774154133255569477e-01 1.011871250800970623e+00 2.564431307700683060e-01 5.478870202323486982e-01 2.633153261405740686e-02 2.213330345192347615e+00 4.710098046757816848e-01 1.219939265976386977e+01 5.099368545756804982e-01 6.731570391500609762e-01 3.971902764136241992e-01
4.075016267423966498e-01 7.141401727187566273e-01 3.998446956523915574e-01 7.943686194658271527e-01 2.206559714554332530e+00 4.301934659671806660e-01 4.506860275166081342e-01 8.660828515204033184e-02 1.515336665595280685e+00 2.882043210094286101e-01 5.233397920022216709e+00 7.567797772466975381e-01 7.138915063228870039e-01 9.305931174927667415e-02
6.581914998884279555e-01 1.341304312587606740e-01 6.301420491564437842e-01 4.215509047008695331e-01 2.451629905000570542e+00 1.274723214151318285e+00 7.488329630529165781e-01 1.323729038561991811e-01 1.650586593619264963e+00 9.079328603419380972e-01 6.980029154190553697e+00 7.536661969878140077e-01 5.218947089943111184e-01 2.561048703616767286e-01
1.511120034267505186e-01 8.668827249789959888e-01 5.665285910201738329e-01 9.543550302364269822e-01 3.064282835713244557e-01 1.002721466303876152e+00 3.859211696552452553e-01 1.845245836863104033e-02 7.994818449728084975e-01 8.479560759704796169e-01 8.460025842781901062e+00 6.890062434772954436e-01 1.377084638395061622e-01 3.520508309942863706e-02
