-3.856134431272377761e-01 -3.374812350540654649e-01 1.500126418100486414e-01 -6.412667798116888918e-03 8.783495522232529495e-01 -1.668910134942691581e-01 -5.575655872720118866e-01 -7.143840075800822476e-02 1.105489099892519533e+00 7.891421648504416408e-01 7.499508108096961223e+00 -2.037423369571748077e-01 7.462463500847856812e-01 -4.785119639576185246e-02
3.839851820775300739e-01 -3.507801703138526683e-01 6.195425872500398556e-02 -5.345407299229960607e-01 -2.045725009605193101e+00 -9.276092525135533062e-01 4.680704475371600948e-01 2.038740149994862083e-01 -9.743971120994827650e-01 -6.824666192561457123e-02 -4.370776609867606410e+00 -2.864164176068951795e-01 -6.633017871753713601e-01 -2.417646095625120006e-02
-8.788028345209022429e-01 7.513009075260211889e-01 -1.648221877539775282e-01 2.539569132088231873e-01 -1.102618122966040559e+00 1.183760651866575753e+00 1.331906626120377135e-01 -4.593719867571361415e-01 -9.150452496721417361e-02 8.953097186372674932e-01 4.571255890766925845e+00 1.979979095407499168e-01 5.533211856428273956e-01 4.052016065521679700e-02
-8.670087935060977191e-02 -5.556171806042333738e-01 2.193959098542444530e-01 8.911244787591278138e-01 -1.605607293640545219e+00 -3.048887701394655814e-01 5.269781462770074532e-01 1.581874229481387006e-01 8.326091892899389890e-02 6.905316217111990840e-01 1.274016031527388293e+00 3.394403556224590002e-01 5.126136559457213915e-01 -3.306284651324257196e-01
-6.941691546587592798e-01 8.628165501304939644e-01 3.744654936750329566e-01 3.047367064918556911e-01 1.706882599126914091e+00 1.077729585169206139e+00 7.915082075189711075e-01 4.408687960313864007e-01 -2.102381071509272559e+00 3.609809822710411398e-01 7.264432790033168885e+00 1.150444041279923280e-01 7.493046903792307534e-01 -3.371719227956693210e-01
-6.168355786984506262e-01 8.270033590584394689e-01 2.589756631490929828e-01 4.684521818920895919e-01 2.790254147521266770e+00 -8.823227087163508786e-01 5.247787209533468777e-01 3.656315342727545215e-02 -1.025923773970836006e+00 2.597129890454487056e-01 -4.912156382190904225e+00 -1.401891452225462187e-01 -7.549995605933861320e-01 2.336680677281004481e-01
-8.897530655500721641e-01 3.933628587691168077e-01 3.666181975900297263e-01 -6.506271216480344899e-01 -2.898133061551134482e+00 -4.323689608550052021e-02 -2.777880932484236842e-01 -3.089578885330323543e-01 -1.869136976919163473e+00 -2.577860904726705371e-01 -4.709596153569702182e+00 1.624120617791244836e-01 2.106948245175747081e-01 4.742946342109752855e-01
-3.532374525589243586e-02 -6.211599442556794415e-01 1.957090813657864081e-01 -2.801383156152122966e-01 2.349065880795004002e+00 -5.517509256613105650e-01 2.456272662529054296e-01 -9.945152666554279985e-02 2.401301172187922717e+00 -3.919606126190967599e-01 4.760589867274321207e+00 -2.723703543923042814e-01 -4.686975974772039644e-01 2.430474176871089131e-03
-7.319079296395231138e-01 3.088091081008436101e-01 1.840405996036193481e-01 -6.625169084962445609e-02 4.696122560440034732e-01 3.072101768109014586e-01 2.631460670803406066e-01 3.187123724012536075e-01 2.230036373713492281e+00 4.411327580719720531e-01 3.255011091564606218e+00 -6.928622363673597739e-02 -2.834848632619367814e-01 -2.767323101660616458e-01
4.690010785481152356e-01 -9.896365295184428312e-02 2.722175012787191872e-01 -8.500923903302850526e-01 -2.000725953757493514e+00 -1.309147472656975619e+00 -2.749906027198978364e-02 4.825425480705286541e-01 2.129944974431841054e-01 -3.993183488258089664e-01 -4.368484053387078347e+00 2.998055390509933860e-01 -3.738721946112890104e-01 1.208239156221566635e-01
-3.016447933849601970e-01 3.302996832761854185e-01 -8.324438904014641594e-02 5.626956169564428789e-01 -2.881251270025794842e+00 -1.028159985438739099e+00 6.497039990741898530e-01 -1.030448497134724972e-01 2.042910932503997579e+00 -4.576939061619413329e-01 8.586037340861143008e+00 -1.167780648351315342e-01 -2.410756536837809216e-01 3.587692703755334112e-01
-6.045408263917906311e-01 5.230496028633603300e-01 1.957822363452345615e-01 -1.428191020196545313e-01 -6.566480173545645727e-01 -1.319625777519421117e+00 -2.705087703854902603e-02 -1.393880384769189962e-01 -1.555971901390246215e+00 -6.951752456695892146e-01 -4.539727207686019561e+00 3.824472990260717742e-01 7.338811813631832548e-01 2.774378622090101221e-01
1.757914006713678923e-02 -4.483264208424153630e-02 2.238661335072586467e-01 7.583864496634106223e-01 -2.666511939155096655e+00 6.373479890657862690e-01 -1.825461538234322001e-01 -2.868851119366082614e-01 2.176562241973911682e-02 4.183114586979960192e-01 -5.192806743334664077e+00 2.695439617000946475e-01 6.270423090005309286e-01 3.202020425640905721e-01
-1.697481448741814392e-01 -8.533842340373932744e-01 1.336742828707959130e-01 -7.310332441916287394e-01 -2.020390463532234282e+00 3.106349118697964151e-01 -1.794939385291387524e-01 3.053870821713238204e-01 -2.419800628521801666e+00 -6.238526496920624442e-01 -7.373452859613571775e+00 2.482565311502895611e-01 -3.229901436377996538e-01 -1.954821261597236015e-01
3.185022072591280340e-01 2.736493909718525908e-01 6.684948204823137896e-02 -1.136234184735501751e-01 2.010983610397698573e+00 -1.378951171207826176e+00 -5.584620802156465835e-01 -3.396913590023650231e-01 1.222879813063644239e+00 3.000682820136922890e-01 -3.745807185474441248e+00 3.530215050393822329e-01 6.930091195639923596e-01 3.689292206790169004e-01
3.073386824014859853e-01 -7.461786883183751939e-02 1.242714605371120218e-02 -1.889620833351712825e-01 2.709313726325111471e+00 1.106103492295823276e+00 4.955466094609138894e-01 4.428071875566149673e-01 8.588216053880333156e-01 -2.773151568008203061e-02 8.584794322108084685e+00 1.859496035466643438e-01 4.285282049823867512e-01 -2.648700093771633179e-01
9.423663368189538758e-02 -4.768623426858372150e-01 -2.035936713178238544e-01 1.781229356694139510e-01 1.589902345268329409e+00 1.038901188890792859e-01 8.488367867140539369e-01 7.268567511367873824e-02 -2.299314971019299048e+00 -2.034626378541990466e-01 -8.279778471879206236e+00 4.781215923615201868e-01 5.211485095599995843e-01 4.693533751175088531e-01
7.776095302348448035e-01 -9.296949123842912499e-02 1.086123201666369664e-01 6.608352577983355181e-01 8.296772891920736193e-01 1.133780413396219711e+00 -1.791693112072689775e-01 -3.601068260015389821e-01 2.074897683803571979e+00 4.762424612795918000e-01 -5.978455579108501894e+00 -4.908130885492866247e-01 -3.962504608143411211e-01 -4.329244499866886642e-01
2.411896367818026077e-01 7.218008130412328915e-01 1.388156216413194421e-03 7.220362849583239484e-02 -1.691666258862539074e+00 -4.641451269726525330e-01 -1.224988013529347830e-01 -9.036729288057854248e-02 -2.259041086158852796e+00 -2.876303500527848112e-01 9.193250396800067392e+00 2.545984922716438836e-01 5.391281331745875205e-01 4.471367166703484886e-01
6.053018281134167067e-01 -5.252361139479262420e-01 -1.567883241985461029e-01 -8.700109522505682369e-01 -2.639419030976708491e+00 -8.585713271602906094e-01 -6.488230448851338705e-01 1.392611522608427910e-01 -5.687724092842687540e-01 -5.272646613593581222e-01 -1.386065634544454639e+00 -2.347824824280249079e-01 -4.495061684041226080e-01 -1.684037768930116696e-01
2.703720963886718787e-01 5.320311650512362656e-01 2.946242022626910928e-01 7.522872658096481091e-01 8.572807471695287340e-01 1.041654230563342942e+00 -3.798655907507195728e-01 1.350576086773062068e-01 1.969584367537487779e+00 8.809011521996236160e-01 9.764042160633103151e+00 3.735824347065488382e-01 -7.265555224822837221e-01 -3.185172798471758715e-01
-7.098506338427917894e-01 -4.143758138984922623e-01 4.099980657796875594e-02 6.162222103110875926e-01 -2.116820779117710050e+00 -1.033210490869564513e+00 -1.591968926774426363e-01 2.535348079755787021e-01 -4.734057104843856223e-01 -7.832425165910222864e-01 -7.857533660423867694e+00 8.330215131712270793e-02 6.257588535780528316e-01 3.954920481751786898e-01
-6.599221921179803108e-01 6.898729502031532013e-01 -2.854608504649489009e-01 -7.281518669531084065e-01 9.546716987601375770e-01 -6.214914299711302714e-01 1.401127110571102063e-01 1.417251902881363490e-01 -9.721239118880420360e-01 -4.736462929173346215e-02 1.526258589066936011e+00 -3.752580037216969311e-01 -5.091808791023763048e-01 -4.638184804957157792e-01
8.322278917765167927e-01 -6.198715030093071565e-02 -2.059522188647939234e-01 -8.510739384216767789e-01 6.205552175789352809e-01 2.115000711822578872e-02 -2.963072943967793860e-01 2.924792387839968422e-01 -2.071964717029859848e+00 -6.139477403474504769e-01 -3.894615573619031323e+00 1.999254829989598470e-01 5.502513452206677647e-01 -3.323390914708437283e-01
5.971633319132541029e-02 -3.295374861605981920e-01 -2.047251211954408678e-01 6.880461746297822367e-01 -2.254728377516200144e+00 4.405664821410475440e-01 -6.973511052426533130e-01 -4.117726921455155953e-01 2.472427792390496926e+00 4.182191854804103714e-01 6.183786485046923076e+00 3.411595548330825789e-01 2.654939363236606953e-01 1.170930385430526410e-01
3.207352604873640045e-01 3.344768423907339416e-01 2.421596465426265055e-01 -1.976061797911508044e-01 2.119406585941909338e+00 -7.991581198630997029e-01 4.623135276317976716e-01 -2.851755849404861154e-01 -2.236596711683282557e+00 4.160137735231658196e-01 4.154289898294878824e+00 -3.844651751041523458e-01 -9.656059207872846883e-02 -2.969815096734936266e-01
-4.768947988491845646e-01 -6.687731164427360708e-01 -2.658679959407033722e-01 -7.876173687580069194e-01 2.705572612686727663e+00 -1.327197264606698068e+00 1.646902626203795572e-01 -3.691522803902643757e-01 -8.627752313264991368e-01 -7.171363844809552912e-02 3.518086446993507366e+00 3.929078110381560851e-01 -5.336907965259525266e-01 2.558632322967216988e-01
-7.079519478995053294e-01 -7.851806627598114652e-01 -5.332501321781923931e-02 -7.641953816205895311e-01 -2.395814331304216616e+00 -3.200929804772525422e-01 -8.612336378037337425e-01 -2.540264958402194129e-02 -2.079217040574425468e+00 4.890153080679581210e-01 -9.696288208832072542e+00 3.384921111361580692e-01 -7.719282756170775528e-02 -1.504783846178592843e-01
3.169698649712072713e-01 2.040810388192410008e-01 -8.092186914015719879e-02 -3.124086651149530214e-01 2.001846230283264472e+00 1.284563480276908365e+00 -8.049985824697121206e-01 2.939656926339110354e-01 1.868712391277249196e+00 8.856562608016615989e-02 -1.640827037460379501e-01 3.423494179148629524e-01 2.447056426282504527e-01 1.538041955299134234e-01
9.032406758958888560e-03 -1.825248935235938008e-01 -2.250632122924028644e-01 1.058208642400149113e-02 1.340394766333774523e+00 9.574985560239022142e-01 -8.684843579497902866e-01 3.492854138492542670e-01 1.047573819494376668e+00 8.449859497435548983e-01 -5.583803709405279037e+00 3.967239872219916474e-01 2.688293225382490936e-01 3.360918937250608751e-01
8.641314682194373153e-01 -5.212975715920458164e-01 3.564835401791251468e-01 -2.701633543722447017e-01 1.007665886180584280e-01 4.567577920193655050e-01 -1.375338875903014957e-01 2.349376660465116728e-01 -1.212069215065240790e+00 4.387510683984007231e-01 -8.301940385624924090e+00 3.864799997130335951e-01 3.567580643041566857e-01 3.342676326933327058e-01
3.722923818551610031e-01 -8.803720640738539327e-01 -2.265275917253366245e-01 -8.917373295786346077e-03 2.759862140824898002e+00 2.409156110872978651e-02 -1.002745875712945933e-01 9.052908656749469873e-02 -1.858170145843232035e-01 -7.990402950981881913e-01 -6.159393987564605766e+00 -3.735004528510907917e-01 4.260100013222324344e-01 3.160697547465388668e-01
6.787965968601986644e-01 -5.577848353900052292e-01 1.839726266957198431e-01 -1.936614961149358827e-01 2.864614646005829268e+00 8.425270960145647692e-01 1.975090587548803400e-01 -6.947319296246173836e-02 1.364703667061866188e+00 -2.044215559977783370e-01 -6.536551906110100063e+00 4.526417660212935790e-01 4.097334147931813719e-01 -1.012705176359242065e-01
-5.621733478654502569e-01 8.859284312004999107e-01 1.340060368181018036e-01 -1.646541760683236655e-01 2.856282600495827939e+00 -5.249710391008365340e-01 -2.270528334307121421e-01 -2.335833427598668077e-01 6.277420845953023409e-01 -6.530594296053364722e-01 -8.140309480417258214e+00 2.538847966002306666e-01 3.293441686594690276e-01 5.998564189883415221e-02
4.173674777986168261e-01 -5.045823781193941038e-01 1.225069685050860779e-01 1.782554651036750704e-01 7.584593806557466955e-01 9.493124794510010567e-01 -2.065491914679260521e-01 3.844599833115384113e-01 2.068085875014297415e+00 -2.534569613152374279e-01 -7.479614573265971345e+00 -2.757377544251182755e-01 -2.602925385884268250e-01 3.664017934547447730e-01
-8.223646868639427066e-01 6.589034130717904558e-01 -2.520524419599169397e-01 -1.887815407369197729e-01 1.651958488739032394e+00 -1.042289875159202905e+00 -7.210886036935204579e-03 4.513546168486518573e-01 1.931219845534666746e+00 -5.628851571092838846e-01 7.406746712584595826e+00 -5.034239180053301510e-03 -8.272585374879137810e-02 2.000581836250867607e-01
-4.655048870645536740e-01 6.160207607608217950e-01 -2.376866832778122274e-01 -2.754074259924178536e-01 2.768120025316166188e+00 -1.028521393279347995e+00 1.370830677512177020e-01 -2.095105394639621976e-01 1.743137480147921359e+00 7.665849626115438520e-01 1.047034953024986947e+00 -2.427459070649002904e-01 2.966670004844841335e-01 -3.579823238119366202e-01
-4.518723265188164806e-01 5.092822233639805463e-01 -2.502973570629148936e-01 -6.576740488690802078e-02 1.729599587847094444e+00 -2.143319210530214569e-02 4.068581032323813629e-01 -1.368401620163542387e-01 -9.941809050989025565e-02 -4.845159323345386571e-01 4.052654302630978478e+00 -4.612460750668158083e-01 -7.148129727473010453e-01 -2.109250667169309534e-01
8.530365955107125364e-01 1.167686636080486062e-01 3.505323397256515650e-02 6.820335144055943433e-01 -1.939488977510444911e+00 -6.392556621778651138e-01 4.547580072274534091e-01 -3.057006171286412721e-01 9.828699375113956194e-01 1.478161094266702280e-01 -9.696668608917535792e+00 3.229242551222520907e-01 3.287150912548361115e-01 -1.659306386739288763e-01
-5.011986016519243137e-01 -3.657251295900733057e-01 -2.602393986983276286e-01 -5.262200568007935342e-01 -1.662201064009776630e+00 4.508582191697732000e-01 3.900693578663495531e-01 1.996865913869071418e-01 4.895609197154584535e-01 -6.524624936410758913e-01 4.084704611088803006e+00 1.333678062386028929e-01 3.803039541987330852e-01 4.752151349880282538e-01
-7.361095597128295420e-01 4.425936699405986774e-01 3.487827725853926419e-01 -1.648766346372965153e-01 -1.475605893367721411e+00 9.654976097501299925e-01 -2.508930784589225027e-01 -3.574181733619424817e-02 -1.014154486491687379e-01 -1.630842586759071455e-01 -7.116944977951266793e+00 1.300822027187789054e-01 -5.504938034615187714e-01 1.584619164146533477e-01
-6.785276108890114788e-02 5.880383903837257398e-01 1.549894089921151630e-01 1.649156694440293558e-01 2.294798352084417292e+00 -3.706026162232820553e-01 2.382450448940797161e-01 3.152024952889905807e-01 1.157705454027100345e+00 4.025130227840604258e-01 6.179949737195755688e+00 -2.908129277231352727e-02 1.909760677690763853e-01 4.733242910784878354e-01
-3.785370432283940989e-01 7.133430043669862775e-01 -1.116470250199715353e-01 -5.283194915809636960e-01 3.242888762706859218e-01 -9.421402643729233084e-01 3.811719418056570552e-01 -2.097997365679425408e-01 2.352419137663210869e+00 6.136633037073987440e-01 3.386715804385275419e+00 -1.527856620065632942e-01 6.083799203398532196e-02 4.303538095359517035e-01
-1.486826058513602833e-01 -5.305208522761262202e-01 7.967851950285226303e-02 1.537937127457037478e-01 -4.234305574074292977e-01 -7.070660899795075949e-01 3.587143649907770238e-01 1.041511392351787135e-01 -1.603522589014105382e+00 -8.659270202450390919e-01 -6.785449635725367301e+00 4.754257489961875027e-01 -4.909067945666781285e-01 1.489014180294879752e-01
-7.598482408145823541e-01 -7.042713697640634596e-01 2.912455663981886045e-01 -2.221644872710992757e-02 2.082446425477852969e-01 -1.072230498463945692e+00 -2.623890800737348483e-01 -4.060346665046606351e-01 -1.298607475924942189e+00 5.974411321087990112e-01 4.605089144944710000e+00 1.854580362936574245e-01 2.959778851631366114e-01 4.750879502820981592e-01
3.390397141982651741e-01 -5.854029937369373826e-01 -9.134646901338727698e-02 -6.423808599189646529e-01 -2.145653550978851687e+00 1.282458510100257687e+00 -4.830946214514577619e-01 -3.153906319710809703e-01 -1.737760278874811881e+00 3.966620271166182432e-01 -2.347826040756513244e+00 3.270902379295851370e-01 2.054437931275644447e-01 1.870401102504466451e-01
-1.015083874877535930e-01 3.901591828565409426e-02 3.348406894452705118e-01 -5.964448633568817382e-01 -1.888481365221887920e-01 2.140990326420941781e-01 1.562151549865672395e-01 2.235264835348499401e-01 -1.152338900815326639e+00 1.155695122612606651e-01 -7.436004928415478332e+00 -1.636401890245366975e-01 7.639561701537467275e-02 -1.761333913002833262e-01
4.716234408610969764e-01 -2.828265725220393545e-01 2.633018314708485685e-01 -6.138982700164428152e-01 -1.477722205614280027e+00 7.260143201485709241e-01 3.910537358522244711e-01 5.284790037921438532e-02 1.614846242480105332e+00 5.178269564776566414e-01 -4.362749428357668435e+00 4.802774323771525911e-01 -1.090940220982814512e-01 -2.751508668792126966e-01
4.391310944632176305e-02 -5.718201731167282809e-02 -3.657651181336911694e-01 6.220057298403632862e-01 1.918493132763127829e+00 -4.116284355413328822e-01 -2.934929485268227278e-01 -1.715809798426071175e-01 -1.367238201294583178e+00 -5.219665211906845403e-01 5.585170360676098511e+00 -5.248059742479282974e-02 1.938200782643491049e-01 4.267837019818887523e-02
-8.094329906873374281e-01 2.838261921667154519e-01 1.384081785021437638e-01 1.086229427616464127e-01 5.690178211219776294e-01 -1.304339096128929176e+00 -5.399039117707942204e-01 4.352278024034262893e-01 4.467465931433252102e-01 2.843671720154460347e-01 6.344269294590134223e+00 3.288661415955228540e-01 -1.926133585506913937e-01 -2.054322820399321903e-01
-8.921609908333204553e-01 -3.448088627784653415e-01 -2.638607793432490300e-02 7.813279685999477975e-01 -1.757487132391791773e+00 -9.900436823310370116e-01 -4.577278469508287428e-01 -3.070767143333518745e-01 -3.144054221403220772e-01 -5.871078667870310852e-01 9.038831572025447514e+00 -4.654463365957006715e-02 -4.901413587875801947e-01 1.108024442610178184e-02
-1.347686229740545638e-01 1.563584658372684233e-01 1.020939411277819731e-01 -5.336759644733833907e-01 9.529441999073591241e-01 -1.172165601197415308e+00 -4.120316979247070632e-01 4.808047148512448743e-01 1.185367679591975865e+00 -1.254427486167766226e-01 -7.865057655698906025e+00 4.079068895836878150e-01 6.780322882043686716e-01 -4.170732309097160417e-01
3.150666506640306119e-01 2.642069211995035083e-02 -1.363011945789618928e-01 -7.993579348563555342e-01 9.568093527126100284e-01 -2.177280426505074917e-01 -1.159672546443637486e-01 -2.207494768722665923e-01 -2.440499174998381093e+00 3.923621046153470404e-01 4.686007261423092984e+00 -3.179701857681765942e-01 -1.128183873593127107e-01 3.401165866575446284e-01
4.344770920934700742e-01 -1.196910992618098746e-01 3.378085049947337493e-01 3.340589268375041554e-01 1.622904597117949432e+00 6.400546384503260633e-01 3.243088866449385099e-01 2.390402690742946534e-01 1.514977886628682491e+00 -4.563878709867930095e-02 8.775175912008950974e+00 4.502991890139530495e-01 -4.546348108747356176e-01 -7.376292647437759920e-02
8.700414098561924936e-01 -1.727945043486135424e-01 7.366446816812943776e-02 1.427697916916205179e-01 4.805521386482936030e-01 -2.843260966357918917e-01 4.358996531945952269e-01 3.461041328552776353e-01 1.998871024143467956e+00 3.567504428730328137e-02 6.100547073745854476e+00 3.411109827174161335e-01 6.156180909993419492e-01 -2.570109607827241183e-01
1.437972061074802577e-01 -5.618056329673903893e-01 2.266507062057920296e-01 -6.426243894316558958e-01 6.768791699696721231e-01 -3.361688928244195296e-01 5.668247414724515432e-01 3.736533133239449134e-01 1.517505817985326466e+00 5.537731608915946735e-01 -7.879408135463703999e+00 3.726699283864604029e-01 -6.028316247603677791e-01 -4.224460699097359884e-02
3.012265296770916256e-01 -4.242235516737493106e-01 -1.002423596598636668e-01 -4.949127160671782377e-01 -2.610122391409991138e+00 -2.984891734529540042e-01 -8.627966075649085020e-03 7.573315680442593845e-02 1.532465052974417929e+00 1.605170562665977352e-01 -5.376791167840748287e+00 1.792390393701457363e-01 3.059226690254707171e-01 -4.034158581084240636e-02
-4.945133655360610669e-01 -3.249470156656434350e-01 2.544125039844957192e-01 -1.007175526700820889e-02 2.357901268092069902e+00 -1.368204372546423464e+00 3.992188498331693536e-01 -2.707357258724525373e-01 -2.057430398535873284e+00 8.907333633550148511e-01 -2.091912752728690705e+00 -3.084143364659788222e-01 -6.637246116908385174e-01 -3.604401098538750348e-01
-4.531319763494130459e-01 3.231820249140818779e-01 1.462189929047613690e-02 3.275503362298385346e-01 2.735737021855946249e+00 3.921657222866645753e-01 -2.777121231305823557e-01 -2.235850610222039903e-01 1.482402591414664350e+00 6.835754603979321553e-01 -2.199579882101105888e+00 -2.376638169694816893e-01 5.828383612628208477e-01 1.368028842933497469e-01
3.091418952390223573e-02 1.743593899725226493e-03 2.722263901618238724e-01 -6.669911755956974275e-01 1.824102113558070837e+00 -5.366525681936407111e-03 -5.582148188769182617e-01 -1.953217054573160305e-01 -1.591222023387657725e+00 4.483493335069189678e-01 -4.165334993834324706e+00 3.715538288646129672e-01 -5.401355358759541980e-01 2.767183195705066323e-01
-7.126930058330419593e-01 3.154048996754094114e-01 3.445588322453470576e-01 -6.638029029962805305e-01 2.483770219323754969e+00 8.551887635663595333e-01 3.838514924865369382e-01 9.275767254809330620e-02 -1.758553835853502889e+00 5.934014992639535802e-02 -7.724810126820829126e+00 -2.837740082248130236e-01 -2.007466793257373094e-02 -2.032105223183389153e-01
1.661691500178449354e-01 5.061024497574072578e-01 -2.068673125693106796e-01 -4.910098634580273291e-02 2.227732711575969748e+00 -7.398467482220948410e-01 -3.895740379448056068e-01 1.174095170511256780e-01 -1.243463057814365724e+00 6.228065200319748973e-01 -9.588328377448906537e+00 4.922840862571236098e-01 3.365408344587635936e-01 2.951624593096221494e-01
4.574785700534700350e-02 -2.547966391040092926e-01 6.820468736226936723e-02 3.134709078050336162e-01 -2.493610567959628987e+00 -7.478876377383247842e-02 2.782079791226500509e-01 -1.006417933612368532e-01 -2.450374679203615624e+00 1.501273487365143433e-01 -2.564413822966096212e+00 -2.466762847572208095e-01 6.119009903525002292e-01 -4.612095687423046764e-01
-4.500392286705785505e-01 -6.747166668213644414e-02 1.210473822360463858e-02 -7.542197572774866909e-02 1.356031725845666447e+00 4.757787749263018284e-01 -8.683452142826462161e-01 -4.149997923968702374e-01 3.943885430501969935e-01 -7.297324626854726493e-01 -2.834841848714297896e-02 3.709036910324968739e-01 -4.248510118484562503e-01 -5.628898083512468009e-02
-1.846752187607720863e-01 -5.384666714502576168e-01 2.993547189035764000e-01 8.262226214201390251e-01 9.783067375657399367e-01 -2.254362305403410094e-01 1.602073666696016696e-01 3.445745179101211697e-02 -2.005195647108664048e+00 -3.232490614452009359e-01 1.843809081952000994e+00 -1.933259837440614026e-01 -4.064354001779491021e-02 -1.700412975293275064e-03
-3.360812125930978667e-04 4.228070808789752277e-02 -2.051538599468233914e-01 1.635280663289370162e-01 -2.720856620466076237e+00 8.559625166129318785e-01 -7.652034568059544739e-01 -1.204241925463200857e-04 1.907058624902412625e+00 -5.171759541482248146e-01 -8.236021128536624047e+00 -3.031287882678193046e-01 4.336311211611779681e-01 3.365797252765815317e-01
-3.626624422313914353e-01 9.232444352765656337e-02 3.695838053714461946e-02 -8.119104180018110739e-01 -1.702016498095539676e+00 2.087845503496479349e-01 -2.309654826262610428e-01 4.557874304056660497e-01 6.299268445781724957e-01 5.147871442032786460e-01 7.886802237277052541e+00 -2.085416707564785588e-01 -6.224045332402837749e-01 -2.002751158562648959e-02
-6.623991271815407034e-01 -2.909191353953697323e-01 -2.808809710375725355e-01 4.940622484771317602e-02 2.077280248574183030e+00 -5.041192154663454161e-02 -7.582217774371040608e-01 4.854928283979167425e-01 7.957877168682507829e-01 6.484942543680757288e-01 -6.932080657560142356e+00 -1.122806309889728960e-01 -4.724235706473543517e-01 -2.988519401806944975e-01
-4.115348001003276135e-01 1.871429347677421307e-01 2.777843834361994335e-01 6.383717165282286610e-01 9.407805198971876948e-01 -1.006109669361861858e+00 -6.031698294357793477e-01 -2.012051423707869047e-01 -4.352312557123005909e-01 2.947038420102042755e-01 2.842759827724110622e+00 2.744491797815286072e-01 5.597378412943337933e-01 2.556153427844483073e-01
-1.861543811409207549e-01 -8.532785295505402878e-01 -3.333818020806834093e-01 5.198122677910795852e-01 -2.665783814660936279e+00 -1.365035064432984280e+00 5.656726509826598415e-01 4.448031607134455001e-01 1.575742687104400908e+00 -3.733868481337433431e-01 -5.378398970220851893e+00 2.338481651897560409e-01 -9.023696065170649927e-02 7.836651115079562580e-02
-4.227960920224155261e-01 4.069113542658747695e-01 -3.321253534384748241e-01 4.630084554406698194e-01 -2.212342598595268939e+00 -8.431593408955948554e-01 4.380576638891150454e-01 4.703063149110642271e-01 -4.287480307546980285e-01 -6.425196655782603461e-01 8.240023746633724500e-01 -2.589599744727477670e-02 8.226351606872095434e-02 1.990797168084599278e-01
-1.379248245596865763e-01 6.098332290534967948e-01 -1.899367303729976864e-01 -2.020716003298926866e-01 2.552883195186589571e+00 -5.406197570962224530e-01 2.420669537716894082e-01 -3.609595062367256801e-01 -2.044915186374701044e+00 8.296721701556327710e-01 1.638702227206312756e+00 2.191234529936438857e-01 -4.687648728570113499e-01 -2.179370955218878358e-01
-2.418169513027004225e-01 -1.149426436303772059e-01 -2.026577700495657275e-01 -3.985910007540675037e-01 2.663130361486457875e+00 8.832460645943469579e-01 -3.962068363566587648e-01 4.283719743661129620e-02 2.017880462428598420e+00 5.555231458447651427e-02 6.013301420903133021e+00 4.045229312556650747e-01 -5.268831684703489948e-01 -3.309985047374788270e-01
-5.633604840244865741e-02 -4.897065427164285500e-01 -1.627001314739868754e-01 -8.653448821124118950e-01 1.147680238200855296e+00 9.604583451558590390e-02 -7.606928963076895478e-01 2.048385086915368580e-01 -3.190681986002048554e-01 -8.758656478099020593e-01 6.461820847994008687e+00 -2.035035531126014874e-01 -2.547097898658491344e-01 4.440371762003778588e-01
-3.806236108226501713e-01 -5.816780532859857633e-01 7.118343564894624720e-02 -8.371482161697809676e-01 -1.425072616940047165e+00 -7.382307123120421810e-01 5.999658511192634824e-01 2.697812615419522553e-01 1.783574090575907434e+00 8.042960687961494548e-01 7.123730117761784442e+00 -2.213493802837630531e-01 6.367671298232989718e-01 7.470098512111122968e-02
-6.434702384650732299e-01 7.049899529347397609e-01 -8.031877345106241961e-02 2.350667010062840179e-01 -1.221130818334389856e+00 1.375013232248951667e-01 4.143915645263488434e-01 -4.125124547688909238e-01 1.814225508445870716e+00 -4.868452863558698218e-01 7.270391505779887353e+00 -1.120764362833613914e-01 7.019930047541808049e-01 -3.544225973935812846e-01
-4.950329916505357697e-01 -4.628671808096752049e-01 -1.056882929292478068e-01 4.906623162857358666e-01 1.725158438786389414e+00 -1.018768504992817903e+00 1.942297667867535216e-01 2.136405054404019177e-01 -3.411039104993287552e-01 -5.855367238193296409e-01 -2.172345987953581137e+00 -3.455350809202086815e-01 -7.567910347912443214e-02 -5.211492248443255759e-02
2.790162077114280992e-01 2.362409608645744674e-01 2.467400721721268453e-01 -3.360255045913850269e-01 -5.167603533089959456e-02 2.726208386110979820e-01 1.435874767135610908e-01 1.933409462435871085e-01 -1.086046605212977578e+00 5.351828652331077629e-01 6.159670042083860153e+00 2.308589517271427694e-01 -3.290833981867036240e-02 3.438592745997003375e-01
9.972484679633786264e-02 2.235202723242811773e-01 5.921261933879423678e-02 4.302958120851593238e-01 -2.165058586343897140e+00 -3.943133996715948442e-01 1.042492830798671388e-01 -3.688257602030205473e-01 9.620188496176691473e-01 -2.675226943090858178e-03 5.251105043931566740e+00 3.342830316056277784e-01 1.928607019889344576e-01 1.882667691400110588e-01
7.105174352589104236e-01 -6.540149620965184374e-01 5.056288612883425015e-02 -4.026421409747172331e-01 9.946638756603682907e-01 -1.655380541982736098e-01 2.899028675719353965e-01 -2.738446049365655943e-02 1.374989274727358879e+00 2.195026215139516124e-01 5.299663029360957012e-01 -2.827255438342115568e-01 1.818937302803754763e-01 -4.141704009626758221e-01
-1.729723080640677146e-03 4.026987917714143217e-01 -1.305128920068280851e-01 -4.964618619195849125e-01 -1.142786816795348104e+00 4.770415663967566555e-01 -8.003680228739176172e-01 -6.109280409417378044e-02 -7.440032202988970944e-01 1.076151937874724185e-01 -3.104689031676137745e+00 -2.187330337963189208e-01 -1.834388577341240500e-01 2.326608020748311967e-01
-5.895358496593119391e-01 -7.947132840770777529e-01 -3.226696410251718161e-01 6.920454760596518318e-01 7.800380687013488412e-01 -1.153000815767084353e+00 3.050749393013737487e-01 -1.045135514103169294e-01 1.455701393099961383e+00 -5.200177060522821471e-01 4.552158562699359479e+00 -4.237843068453099882e-01 6.269092383013757930e-01 2.217511598823029839e-02
-7.008673442043550361e-01 2.568519004436525810e-01 -3.422029439094929071e-01 1.144640983634054310e-01 -3.511974224063210137e-01 -6.862047748689524829e-01 -5.648091008862290430e-01 3.066287440790816943e-01 -2.038848476886868433e+00 -8.522654279327745996e-03 -9.628697474403383083e+00 -3.598644049965905589e-01 2.699724850953574284e-01 3.223616146642860336e-02
-7.020280857169814981e-01 4.983510107624932184e-01 -3.907828400961025350e-01 -3.554567024821322363e-01 8.747072223617284870e-01 1.057041221945437481e+00 4.220259689310678075e-01 1.725869931713149841e-01 -1.434015672823775844e+00 8.636618828432215400e-01 3.733057578927155618e+00 -4.490977407621455919e-01 1.183900070716006336e-01 4.946885134397860373e-02
-5.949716708180414759e-01 -4.803359122969852457e-02 -5.258129056328553208e-02 -5.192873336121779371e-01 2.153553322596688968e+00 1.027608583039364643e+00 8.436965715159018275e-01 -3.880748036989803418e-01 -1.091302354136336472e+00 -7.818674591227281478e-01 -9.620446226818899049e+00 -4.638535284272515824e-01 -1.617084527083917367e-01 -3.056860926796072242e-01
-3.966125071814176062e-01 4.235351505399768124e-01 1.616575334700102728e-01 -1.697855812273546539e-01 -2.364944361173146437e+00 -5.123017551009091397e-01 4.023496186040188549e-01 -4.220993264453480331e-01 2.284921030061929592e+00 -8.246915418667231101e-01 -6.500799342112411061e+00 9.447082838061082732e-02 1.255801805636166391e-01 -3.990523672528045740e-01
6.725817745073525700e-02 -7.421440015250397870e-01 -5.644424855207735847e-02 5.400692026181309613e-01 -2.278715303449287521e+00 -1.108499518096589087e+00 -7.297036311196298808e-01 2.277111962622279107e-01 -2.442527841366251451e+00 7.133376762686561845e-01 -3.557162869332241684e+00 -4.883791117555229544e-01 -5.456693690514421435e-01 -4.607233527601987122e-01
-3.057553144578126769e-01 -7.154787409160883183e-01 1.288405730950042405e-01 -4.420305766847159590e-01 1.451867790937650060e+00 6.429647420944513136e-01 6.382384109734350330e-01 3.024891351980306675e-01 -1.638035538555215886e+00 5.347798935749200622e-01 -7.963904573656930275e+00 -3.235692300168722113e-01 -6.934447403103868313e-01 -3.196547863517351651e-01
5.863635982673521818e-01 -6.320697716388353760e-01 1.398809373512441279e-01 -5.132897485046430397e-01 1.001485672472218535e+00 5.748153630102146305e-01 4.953402793739168919e-01 3.482918746124064047e-01 2.193496257181740461e+00 3.913862575792131926e-01 2.773251755412534436e+00 2.112253185749106699e-01 -6.469052690498541258e-01 -4.526398001348125311e-02
-3.205905879539070469e-01 3.269759860913540317e-01 -3.178168542800614560e-01 6.143459701980336085e-02 6.867452808228322603e-01 -3.560842165413822258e-01 -4.426110456324417464e-01 -5.232903576595737682e-02 -1.622277116394590823e+00 5.482063346163600359e-01 -6.745209171043820007e+00 -1.247734805010830561e-01 6.929968318439369002e-01 -2.917716946422568847e-01
3.258515480191866986e-01 -3.222863582118252745e-01 1.504253189401852375e-01 -5.770422383216637918e-01 1.545784907704836453e+00 9.091636998898335875e-01 -7.390336751528908676e-01 1.642315409883265964e-02 2.413054282900317205e+00 1.553224531643637718e-03 -6.448430229207106734e+00 1.449197965006289168e-01 3.451941773089691745e-01 1.888922526986565043e-01
6.814170772013800059e-01 -5.029954646821754860e-01 -2.388845929543680913e-01 7.756540122008127591e-01 -2.422827461338291855e+00 1.350406488986197306e+00 -1.917904443452799201e-01 -2.666112769145493333e-01 -1.948331531462533128e+00 -2.657849342425948613e-01 8.968432721053055445e+00 9.607353687773168005e-02 -3.926972766708383689e-01 -2.072965956086414430e-01
-6.501394785255557585e-01 -1.226101023663320744e-01 9.436607536111862871e-04 -6.543810479456734219e-01 4.334554795212124390e-01 5.405031244112343813e-01 5.554012543791569945e-01 3.177288174428416490e-03 -1.662776216869815027e+00 2.049587092479646655e-01 5.281376657606262626e-01 -2.906697614752893344e-01 -2.250976096377804714e-01 -3.219307067010201417e-01
-2.001986143556361286e-01 7.045446672082239514e-01 3.573386018866314129e-01 -2.605662252135337864e-01 -2.549638350822113875e+00 -7.125657975169654712e-01 2.880740682372483485e-01 -2.993362548197411321e-01 1.599238699962121757e+00 -3.741662826628455729e-02 9.741288517568019500e+00 -1.168012895529350059e-01 1.430683921456619156e-01 -6.485286461419481618e-02
6.682577322057431379e-01 6.403570571302007464e-01 -3.081242983179339201e-01 2.970180746164929886e-02 1.976709159861886445e+00 -9.570785222210439480e-01 -5.624932220556704277e-01 -4.092080817976132545e-01 -6.278276962252660187e-01 -5.006712113254989660e-01 -5.326127408065007174e+00 -3.294362220827560250e-01 7.214598122959207105e-01 -2.722838912481888030e-01
4.960181436414080602e-01 -4.142895012770175800e-02 8.140101766383267545e-02 5.832130092351058837e-01 -3.277490715251372144e-01 -5.741506484409112376e-01 9.591667267783465789e-02 -1.911120248671079880e-01 8.962942387340762096e-01 7.236093576631341673e-02 -6.833514088342560910e+00 3.467583855714942986e-01 -1.997539302779802739e-01 -3.390580185305440142e-01
7.785651133569772009e-01 -2.130186533647837610e-02 3.768562661860713758e-02 -7.046925141330254716e-01 -8.623449366697721885e-02 3.669029858664931698e-01 1.703546745897044357e-02 -4.280989131138727699e-01 2.374595051238268084e+00 -8.426579167702923368e-01 -7.570412697872280106e+00 -2.992760374412599678e-01 -7.520705690120577103e-01 3.345265681200805252e-01
5.591574482937867741e-01 8.773538794136147567e-01 2.409530250387986183e-01 -3.569963947002494642e-01 -2.838780142305305176e+00 -6.686404235026021103e-01 2.786310517361515471e-01 4.067760870759560277e-01 -1.559755092012951483e+00 -6.634286656992636200e-01 -7.901321832882901575e+00 2.291191272133239476e-01 4.815978611149637212e-01 -2.484133277231497516e-01
5.362961355700898158e-01 -8.195412154061599841e-01 -1.422843876582858269e-01 7.088808798049147653e-01 1.457839482861115865e+00 -1.159138035102359687e+00 7.430490992450899945e-02 1.535064241192923840e-01 1.298580018054125151e+00 8.331159942747948799e-01 -7.575414990903950319e+00 3.081769417195416860e-01 2.722988299894176789e-01 3.344731895538235467e-01
7.115848004634534041e-01 7.534773686841790274e-01 3.305279790473700241e-01 2.918113376436121120e-01 -2.489220935516662792e+00 2.093285987990651797e-01 -8.045162650430393025e-01 3.685761108812579678e-02 -1.740539486600622965e-01 8.557517831055395652e-01 -9.886422435479783388e+00 7.948890577319456252e-02 5.667712436987856206e-01 -3.456141184744911943e-01
