3.793903883618452433e-01 3.175022259391628854e-01 4.652659594612950089e-01 9.096484956275970868e-01 2.253728118124820323e-02 1.725896756712255176e-01 4.743563135199003744e-01 2.219959131011768338e-01 7.411399292165768982e-01 9.288353357449264935e-01 2.396304220227574167e-02 1.188234690824903073e-01 9.912221446531811475e-01 7.655236924137363008e-01
1.725931386269580203e-01 2.231350719480539313e-01 5.713156266511829617e-01 5.985490351988012048e-01 5.964929623980208540e-03 2.099661860355772625e-02 8.022229674259461207e-01 3.256642561662437263e-01 2.095047397208632534e-01 7.482293664919767995e-01 9.699385149577099963e-02 5.815168925139481138e-01 3.037694894684550562e-02 8.773711563642111466e-01
9.968019109569035141e-01 2.708960210468607244e-01 8.368337653732160764e-01 8.021396843938238819e-01 5.456267218317084611e-01 4.161640815603273591e-01 1.426110980634117675e-01 6.355335325980867589e-01 4.562863730782680260e-01 7.707688114720016026e-01 4.756493006925424094e-01 5.044013463535559350e-01 8.667385362137237648e-01 5.546957369128624471e-02
9.692848177312537450e-01 3.305247523624602612e-01 7.048740711840763007e-01 5.777430582673117598e-01 2.352417254329813856e-01 5.797750524295280927e-01 2.982264541222231502e-01 6.055850708504245672e-01 9.967627685833546636e-01 6.782117910556045848e-01 2.801626689535179349e-01 7.218643256943385600e-01 4.230185833604719337e-01 9.317753678769102876e-01
1.631913088470482442e-01 4.642148787871780424e-01 1.282986458178237976e-01 7.257605598024738924e-01 3.816174921074082516e-01 2.163199474101884512e-01 8.282641498468573671e-01 4.248702626492013579e-01 2.654410647364232601e-01 7.005802236467506550e-01 3.950902349031074623e-01 1.583976520539006616e-01 4.835620099563733287e-01 6.320537949974451841e-01
7.618858470665614835e-01 9.529072951778777556e-01 3.164460180987164195e-01 8.552166644024488118e-01 5.743340208165637062e-01 5.470364900843327494e-01 1.775918743928649457e-01 1.396303385932473606e-01 1.025006755458748309e-01 3.593554952756239373e-01 5.109599631134469355e-01 2.442698336190776143e-01 4.316358448725372554e-01 6.352626657242507191e-01
2.654225734624660049e-01 5.513986763107165956e-01 7.373780321477612087e-01 8.172428118821979393e-01 9.506039799108003674e-01 2.008916690316847609e-01 9.374879468639001345e-01 9.950542424635776539e-01 4.328122764190257543e-01 8.403999186424025991e-01 7.265903225787262443e-02 3.601329109502109382e-01 1.593297189703692940e-01 8.321237330973119128e-02
2.574771047034518645e-03 1.197618540815780230e-01 3.892351449972946131e-01 9.063822783659414295e-02 2.189086736035994463e-02 5.073645327352755974e-01 1.555807929744249529e-01 6.127776979458519069e-01 5.204135406416779963e-01 8.561268834177269138e-01 6.230053531635931785e-01 2.269730932612401553e-02 5.458548098081474897e-01 6.159937961989485622e-01
3.183340728182600943e-01 9.371660571280818752e-01 7.498468863558545028e-01 5.165905507992244461e-01 2.671488369617736058e-02 1.895193162040379464e-01 5.859580283358188924e-01 8.813613908611657166e-01 4.868812321568007917e-01 2.371599484024259352e-01 5.797891723268366881e-02 9.407044223698489693e-01 5.998134185700031429e-01 4.944190722393144721e-01
5.486350124124710348e-01 7.371345965122599875e-01 5.990363594744616549e-01 7.045946304211125888e-02 3.791029543543593672e-01 9.184744955843870962e-01 4.060007705212714813e-01 2.659428252046223129e-01 8.564771619269980762e-01 3.028209357434052951e-02 4.516373420073397371e-01 9.654821735838529095e-01 5.809372291699884672e-01 2.954599924544496492e-01
7.217844374488218140e-01 4.436566128476107096e-01 6.804367345189865635e-02 7.565882025729977478e-01 3.340510514443407741e-01 2.394942528370057611e-01 1.261125894401667891e-01 7.420380397139585416e-01 6.647136104324609107e-01 7.851159765323147965e-01 2.232807046437998988e-01 3.061337347129895470e-01 4.893377858427224725e-01 9.130005511225735004e-01
1.429665892179585729e-01 5.014470256563476891e-01 3.101437398562368886e-01 3.078693663352732868e-01 9.848271286760560406e-01 5.075589402576252684e-02 4.253501474034039331e-01 9.207755462290605486e-01 6.220447663843405861e-01 7.398618360498597779e-01 3.804385205950433502e-02 3.746727505864142493e-01 3.177491096304062568e-01 6.513353739273063381e-01
6.523695726589978650e-01 1.982482415476849447e-02 1.472359230509691086e-01 8.862696342146688666e-01 2.038189391534210859e-01 3.381117584642423513e-01 5.349720044926842277e-02 6.462005931534786640e-01 6.340538800836936772e-01 5.736610664592565190e-01 5.906247551737187074e-01 2.593696911549135953e-01 4.874293197701519142e-01 5.427197763092017624e-01
3.273453053229222753e-01 2.575411987395282987e-01 7.486711930035448992e-01 6.516814666175319015e-02 6.738181411906645213e-01 1.575074805481100348e-01 7.788487208303392917e-01 2.289962653895973865e-01 3.012912223625163755e-02 4.687103941438320875e-01 7.356386352183015287e-01 9.974961961423374213e-01 9.250777823118563337e-01 2.204585548732301836e-01
4.020237821425679536e-01 7.362738213311856850e-01 1.846711506099046884e-01 8.426316016866145509e-01 1.459649016079834771e-01 6.167706524507637900e-01 8.204707070666540369e-01 6.033464622544466582e-01 8.628377027785334441e-01 6.693477066923335661e-01 5.309556701936869461e-01 4.435056427388625044e-01 7.912656986784628588e-01 2.560807975674438408e-01
2.873596387474173230e-01 4.787318202729151650e-03 4.375531125173829361e-01 1.317672958405666783e-01 9.363497796622313185e-01 1.926884154275555483e-01 7.167490880411093723e-01 1.717187668858700667e-01 1.064856224096628612e-01 2.279038148392420471e-01 4.675431090787598443e-01 8.645909693626828707e-01 6.611327362330963187e-01 3.228738732306744019e-01
1.383945360651397394e-01 6.828777808557975337e-01 9.864232817963138888e-01 5.311278060494025732e-01 6.361931143435317626e-02 8.581668736651612006e-01 7.317979929607558720e-01 1.160205334038354463e-01 9.639587340345503463e-01 6.276934268559780650e-01 7.646934784715381239e-01 2.971348414213980105e-01 2.921757403866652725e-01 6.770457414596675605e-02
5.949630577309513724e-01 1.576810600051695710e-01 7.937833059396492974e-02 8.405048174578829689e-01 9.109264450272259728e-01 4.412961714106354849e-01 9.646362631603566662e-03 5.060168097976226464e-01 2.865759742130888910e-01 5.090127125911986239e-01 6.346666569816119541e-01 4.554836414602025929e-01 8.164796566927228216e-01 3.028563489064974856e-01
4.316486559229736342e-01 7.581796891020023965e-01 1.773564825557566449e-01 6.263370938242759367e-01 9.448041833018956392e-01 1.448111468838384486e-01 4.703981466054386607e-01 7.688891882728472460e-01 9.173748378650372626e-01 5.365738820667121933e-01 4.583900784197467715e-01 9.893654954863086992e-01 4.085641416785303903e-01 5.302947737721542820e-01
3.207516107899643920e-02 4.281125623460102503e-02 7.312531111764473124e-01 3.678755550149596099e-01 7.064303144739028095e-01 3.296507560046796348e-01 3.885884029685777730e-01 7.559521658446481940e-01 7.855586805600589528e-01 1.719195415447544173e-01 2.966854155957423522e-01 3.989274836739034047e-01 2.571970647914741948e-01 1.914833819456704944e-01
4.934719707864143601e-02 7.889252178380964375e-01 5.579854286237476702e-01 6.862503592589658252e-01 7.180540652167977100e-01 4.688456009643375832e-01 8.237134007657680446e-01 4.213803588736659833e-01 8.812728436412504696e-01 4.722395191870839559e-01 8.666772076010497150e-01 8.909800201397422015e-02 3.323940045822686429e-01 8.632121830478679536e-01
5.653475351049005448e-01 3.728496040722100169e-01 7.422539506407748178e-01 1.448361277379638379e-01 6.471124422614216165e-02 9.422872672180357956e-01 3.189702648829016995e-01 6.909231866487539619e-01 2.660075453966627146e-01 6.243072506516098574e-01 2.311219785121604309e-01 6.862807127170083010e-01 7.869861043173398407e-02 9.449438444189943720e-01
9.391816913618326046e-01 7.216847549553101482e-01 1.161422986888832609e-01 9.918652759553752141e-01 7.540217387786271042e-01 6.630166227649798572e-01 1.523617277476311260e-01 9.069512695516841472e-01 9.899265096623544036e-02 5.650098374700772696e-01 1.899651193757001533e-01 8.744945561862087491e-01 2.253619648087508143e-01 3.477027380205583995e-01
6.445069574126660594e-01 7.750356788954826381e-02 7.366011887131934666e-01 7.105187826391856643e-01 1.211208852900613753e-02 7.702644120467061484e-02 8.594725371273562731e-01 2.291762275709263719e-02 9.208481706195476013e-01 9.559843006671020493e-02 1.257469961515089718e-01 9.349173284547751539e-01 8.997316481102296537e-01 2.539690019112562647e-01
2.846055134212600590e-01 4.077995675822890798e-01 3.823281109252975041e-01 7.002541874043791692e-01 9.537524275100828230e-01 6.828339348697320954e-01 8.029963329871555588e-01 2.044902876419047999e-01 4.450037217083746555e-02 7.798166448708591103e-01 9.986900029403029677e-01 3.588494908762617230e-01 8.808805606128279342e-01 3.621983772441413896e-01
8.486436213519118477e-01 2.702134824696800219e-01 3.518288420518335124e-01 8.909295575913769305e-01 9.640139644532416119e-01 2.023333473856321341e-01 8.531432234470153197e-01 4.062549412368235968e-01 6.979596106155808721e-01 3.014053082202247102e-01 6.620357496856490442e-01 9.214387743472651771e-01 1.637558292753508171e-01 7.136019364149925881e-02
6.783122532382632741e-01 3.186741615745192213e-01 5.955016014614743503e-01 4.535717444412094013e-01 1.183780934863917222e-01 2.441792208608872805e-01 8.361384124511513916e-01 9.870285119126824824e-01 6.412337902945598467e-01 9.194419982127527424e-01 7.003006964142042268e-01 9.680517464999941479e-01 8.263418666462092332e-01 2.265565678548486783e-02
2.952833766988088859e-01 2.556100861712895522e-02 3.309591969160525782e-01 5.346443058417182925e-01 7.900195763700836871e-01 5.193660299811843073e-01 6.895702128037654033e-01 7.763120251408791583e-01 9.836575686319567469e-01 5.702858981189973253e-01 1.644520944996371581e-01 8.587523665087911651e-01 8.343395019528875300e-01 8.253979510173805600e-01
5.210234002375900841e-01 9.081942109313815292e-01 3.452256622037008782e-02 7.782935402179858020e-02 6.996874847467762226e-01 2.708059170252709036e-01 8.281463116037932615e-01 9.933813646921753060e-01 4.423039672479384121e-01 5.645025522874975721e-01 3.811009998027379275e-01 6.705965921348744363e-01 4.733512714087408924e-01 2.579167553215911957e-01
9.100322121503852113e-01 5.918572740101559759e-01 7.539260409532220208e-01 9.581540868134069688e-01 3.390998253817114616e-01 5.604293599935291637e-01 2.719196781548073316e-01 1.206846773969499909e-01 5.150069381893573883e-01 1.077810584598126731e-02 3.325804539506915791e-02 4.644234479499619317e-01 7.028839303209100109e-01 9.162199667100709988e-01
9.956657443983230049e-02 8.456311082226619646e-01 3.319401710774523284e-01 7.373119728509885951e-01 8.991971388291142286e-01 2.961171454346316345e-01 5.837854762592475932e-02 2.170184814749004376e-01 8.229193170411958080e-01 2.844474971555627230e-01 6.045056286562721093e-01 8.017696187201384106e-02 9.963910927933075090e-01 6.750757038222474637e-01
6.343846606229607277e-01 8.721987201559732172e-01 4.423996014107546282e-01 7.678530556571639965e-01 7.617759320578104676e-01 6.548658828468243431e-01 2.060653813931008216e-01 3.455589245103565244e-01 7.219267557576193317e-01 9.528091761233004053e-01 6.977178133899817336e-01 5.679938376524673593e-02 3.889232285769177455e-01 2.202028602057471973e-01
3.621052521181605810e-01 5.394159419319092263e-01 6.150995640071998949e-01 2.031297918766377109e-01 9.928350301110296927e-01 8.426745190154333320e-01 9.779176836537559758e-01 1.118892111985098081e-01 5.649557554748296795e-01 5.043311430098090797e-01 3.451310569686885099e-01 5.253602376275120500e-01 3.758534269144045981e-01 4.934692371273330380e-02
3.519615323238312055e-01 2.819086770358755212e-01 9.671381098004160348e-01 7.510664453895010695e-01 8.867323785765602873e-01 2.788515749136686317e-01 7.817830300867646409e-01 4.803007201439032370e-01 6.072784634908248158e-01 1.473884372871088200e-01 7.036553810756865923e-01 1.011391232567370180e-01 1.949233319277965393e-01 9.889621655095038877e-01
2.736635663778803629e-01 9.778521268697565327e-01 1.773976136708069751e-01 2.575516019397816603e-02 3.867380993469929917e-01 7.679425931849216402e-01 8.162718926535399433e-01 6.555278653189424709e-01 4.540364110010077781e-01 9.867081636946863910e-01 1.130551954023180095e-01 7.430385528037545262e-01 6.462237023074243192e-01 8.589993343818667082e-01
4.703277532774402525e-01 1.523349038112757903e-01 3.433628555826465645e-01 5.750527683394494050e-01 3.202190917402778503e-01 5.576082651373029941e-01 7.731142446144350089e-01 9.487902707754393150e-01 9.334891179054055632e-01 8.351966993493933344e-01 9.435933756079133428e-01 4.304142814871062539e-01 8.455391013623436702e-01 9.425665145622222907e-01
4.838030191875004604e-01 3.083522004079375378e-02 8.585901586786247597e-01 7.638236310638211179e-01 5.925378255093126656e-01 9.553372324379835190e-01 3.689331010102416819e-01 4.456614036233782494e-01 1.198934317179723985e-01 9.327773671452643800e-02 7.711570388800120801e-01 4.790507574697394633e-01 9.758313239262497163e-01 2.673792554387509623e-01
8.493698627083415831e-01 1.207813339332846070e-01 4.086525767198229131e-01 1.152209647538742221e-01 1.512621588339031486e-01 3.473149369803540942e-02 5.615091538225284173e-01 5.185233628118637306e-01 8.552031983712773400e-01 3.665753442813298735e-01 9.681549102971717113e-01 8.041915313060704618e-01 9.804052299222349998e-01 1.989240618656322734e-01
3.242236751905811509e-01 1.505189407751934549e-01 6.212157167393864698e-01 9.623839688384147051e-01 5.654433294921891173e-01 8.786737989270950733e-01 6.905933618831239240e-02 6.222118688870885705e-01 9.177352246130554558e-01 9.432882933639861189e-01 8.463931653253237153e-01 2.338508986878135021e-01 6.931437064613299448e-01 8.468529417751330390e-01
8.600061478027221096e-01 3.759404164329207543e-01 4.532917906690137055e-01 6.158899091199107056e-01 3.402823075254779450e-01 4.769135296079731745e-01 4.115905058319254683e-01 7.424232816890952158e-01 4.013071188419764512e-01 3.976164771599652870e-01 1.027162834781134571e-01 7.402995328878558823e-01 6.858658619063315864e-01 8.772218856335141091e-01
1.390347745520362777e-01 4.954420688008857043e-01 8.613208731030981280e-01 9.658012424918972494e-01 5.534849798331977766e-01 5.330247888576051807e-01 1.576575933026672649e-01 9.415121178868915974e-01 4.412648365404228112e-01 1.485716674715753527e-02 4.615901632982090108e-01 6.689628312501882945e-02 6.613538951951500877e-01 2.146945225703512650e-01
7.549464821047657814e-01 7.036416585785735256e-01 1.349998414676456537e-02 8.144628669656496234e-01 6.408415864954615238e-01 8.275209133338596867e-01 8.266751642149383628e-01 8.258066425141384892e-01 6.724214274096244059e-01 1.089436703662636230e-01 7.305006672646777721e-01 6.974561900138585013e-01 5.990223466818394016e-01 6.808619086081947325e-01
9.386086508154921626e-01 6.167443793070696012e-01 1.850611127181165383e-01 4.354061290530651940e-01 6.486811017621771924e-01 1.676751710798588535e-01 9.199392139714294148e-01 3.343644125964962965e-01 6.348688376440271286e-01 7.947972512187434502e-01 2.434120761011614453e-01 1.002378497975850991e-01 3.756015807126533712e-02 8.919380368174705254e-01
5.398479591157618884e-01 3.996345505981768742e-01 5.906288992804357152e-01 4.661854924537882638e-01 6.257474601140448067e-01 5.425209754065429824e-02 4.626527208056424589e-01 1.854939312589458655e-01 4.639495715116905838e-01 5.529383861137741052e-01 7.364179769002822118e-01 5.111183193009192216e-01 7.047554435551739438e-02 8.907245032596219358e-01
2.768667553825354677e-02 3.179655308713746908e-01 8.807169821537579324e-01 8.918069363569880448e-01 6.347957958276635448e-01 5.061514748828233046e-01 4.003604862868551661e-01 4.891836099262921733e-01 4.040945609817914175e-01 4.709533016184241916e-02 8.748826932442799187e-01 7.048643692529650284e-01 6.444598092056231797e-01 9.243620568451780262e-01
7.568519717711914563e-01 3.509346539332472981e-01 5.228383039012062250e-01 5.221915623232289416e-01 4.189310108106846231e-01 2.403872353052085575e-01 3.020624072344476607e-01 9.461382839851114612e-01 1.990659195303798867e-01 6.637002673521780194e-01 5.445365627640584849e-01 4.565309495439452414e-01 1.959280942931607150e-01 3.521810330388749355e-01
3.360673871493662368e-01 1.426790999085330025e-01 1.214330109137859992e-01 8.984410952066315126e-01 2.293801140216943368e-01 3.255649711255137468e-01 6.132155066795120790e-01 7.285594537097284107e-02 8.091122555644091330e-01 7.598821914218110152e-01 3.500811795550373695e-02 1.003743558536390745e-01 3.044192056310037753e-01 2.249572746868357953e-01
6.627009517437592034e-01 6.445223270398280357e-01 4.185071498789927347e-02 3.976395220754480597e-02 8.551276595889437671e-01 8.651932386750067483e-01 6.622175875405473811e-01 6.857054526337152955e-01 6.436848242179072921e-01 2.709084024250815181e-01 5.965358178408206591e-01 9.781780085300267880e-01 1.280320709852007521e-01 8.915960033679226626e-02
1.730385598220356425e-01 9.216869057768416473e-01 8.871336401985352449e-02 6.919815439349021879e-01 7.291548604427885438e-01 2.034367616170944526e-01 8.698012186634889176e-01 8.681340693271590858e-01 2.169359936079537921e-01 6.617211919782877150e-01 2.874995311017423116e-01 1.298484554856876860e-01 1.599673050303392907e-01 4.375945825903970743e-02
7.933285973216408493e-02 2.858359549649353015e-01 3.744042237093382353e-01 2.621893766071776710e-01 1.460577602073575010e-01 5.510703446139895156e-01 7.492208811589768924e-01 7.531177401948432326e-01 6.322637377703544947e-01 2.586613985986597752e-01 6.674399062364877455e-01 1.662986512861708288e-02 9.131993443912640451e-01 2.673924515349175302e-01
4.779193528368173016e-01 1.215576839194321135e-01 8.683688559617462888e-01 3.312316738930931592e-01 2.659940204698958421e-01 8.841707372189200331e-02 5.625937810825428764e-01 5.772785010646572790e-01 7.487359803297064520e-01 8.136219415825601819e-01 5.662438022192077813e-01 3.705380409491478844e-01 5.081819186956848533e-02 9.021037340741195898e-01
9.928529271129393763e-02 2.457562232063674745e-01 5.067391816589155162e-01 5.862382758279587325e-01 5.451498012493202205e-01 7.567317063792752263e-01 8.018103817860452454e-01 3.817140838643726664e-01 6.906253914118271053e-01 6.906806519739244754e-01 1.171124349538861242e-01 7.431120111209231771e-01 1.034461346529569337e-02 1.719892936148554874e-01
4.602141094469347493e-02 6.479253080329927528e-03 3.273110030580393959e-01 1.614645319066410067e-03 7.976556753520301912e-01 6.365064158325304255e-01 4.842514248004756716e-01 6.488726610147362850e-01 4.818806996695866873e-01 1.720200987731149711e-01 8.047049430822326155e-01 5.241631073136400198e-01 1.099256510923800612e-01 3.888505347420500025e-01
5.269167076660957738e-01 8.672875072536585517e-01 3.951113950792749518e-01 7.342180876097573750e-01 9.335504573981900922e-02 3.198844754125665935e-01 4.173465911837126452e-02 7.703503732996571651e-01 8.068570709483546821e-02 7.239802069587598643e-01 8.752724995826178800e-01 1.775749484020454627e-01 7.438090688169851639e-01 3.371408770835272461e-01
8.955351673272980983e-01 5.713773872482926786e-01 6.628590544725001532e-01 5.663813908302890443e-01 8.677973632109223789e-01 3.226830721696695159e-01 3.454464360507630838e-01 6.365288123981097668e-01 3.853567244513232959e-01 1.586623315924516886e-01 7.495267199930688573e-02 3.545120750618624417e-02 4.241831312513233421e-02 3.399189247271325875e-01
3.964686984793891478e-01 8.961203342187257226e-01 7.078361819332605887e-01 6.718174542094519364e-01 8.249996379965586213e-01 7.895972365933066062e-01 3.533062806258154831e-01 7.175038044995878384e-01 9.570925341246198093e-01 9.071571822520603234e-01 9.461078309844602741e-01 4.414352855639348538e-01 6.325539445564978269e-01 1.775188690873703568e-01
6.757684669937856770e-01 4.851953845962171386e-01 1.480878929767064367e-01 3.139394480026810319e-01 4.994984124575488904e-01 1.619559474185475745e-01 8.735225601976258636e-01 8.508187052406379625e-01 6.659209995678657679e-01 4.318565406151460007e-01 2.800785506324553475e-01 9.654628039356829561e-01 3.756085888873035294e-01 6.372541279562387029e-01
6.632610724453081863e-01 6.869846582176299954e-01 2.640595169706030365e-01 1.707052130586307337e-01 2.938562639434806334e-01 4.916985181452045994e-01 8.558426217629594435e-01 9.024364516288824190e-01 1.080332448906986542e-01 8.542459964063370270e-01 7.115004563530626935e-01 2.848745445665445963e-02 9.159053104123812128e-01 6.306759866175121187e-01
8.910823660256734779e-01 3.345199291191351954e-01 6.766310783686704244e-01 8.137441679790446969e-02 9.198123293882466411e-01 9.119564294820347028e-01 9.584902264974374253e-01 2.587253250676986305e-01 8.234353884097290743e-01 3.989281793690836464e-01 8.545020492879620289e-01 2.887096311847799912e-01 6.814266709238282482e-01 8.513782162940906062e-01
9.398266427697371528e-01 9.169405517876614287e-01 7.258432377512551437e-01 6.359303492050903950e-01 4.707428484208454611e-01 8.895796466131997704e-01 9.176510770707121400e-01 2.128339600844775248e-01 7.192975524561302514e-01 2.539741531644609251e-01 3.812703252759581662e-01 2.301296431292717548e-01 6.048776208365013174e-01 3.419378762521326776e-01
7.360929434940015614e-01 8.756582487006656645e-01 6.188648485661474297e-01 9.990856148425597549e-02 2.259341448647567141e-01 8.292132197370347679e-01 5.847076021612895858e-02 9.608816889985597465e-01 4.715454480446268359e-02 4.745941943673345209e-01 6.983870394514669622e-01 4.908275621777795639e-01 2.663843085687792600e-01 8.545342118092915662e-01
2.649676922862875816e-01 1.945665100384548207e-01 4.000003722276265217e-01 9.276379985852846177e-01 4.503647885782189331e-01 8.768792591820296911e-01 2.895305744767635581e-01 1.334496927908873642e-01 1.378196812964415097e-01 4.901960155707584255e-01 9.525774846436383392e-01 9.673081440845855417e-01 5.983011158927409312e-02 1.395809640968934673e-01
8.358131395740517888e-01 7.424418585906945589e-01 9.161471559614557947e-01 3.300505671258954221e-01 5.047951653063201816e-01 9.872652648097481887e-01 1.270702105030678819e-01 9.407983154953021288e-01 5.514163089624958269e-01 1.660544126154984701e-01 6.567685328695183067e-01 6.289423528206617986e-01 8.801840510304927978e-01 6.025830787674735234e-02
9.556729606864011739e-01 9.049114334587124997e-01 2.788118934596177656e-01 6.457417797821408678e-01 6.604561183739821040e-02 6.090879826525275043e-01 4.660786871538460385e-01 5.248712905598116318e-01 7.434183125077199472e-01 7.248802750387866034e-01 6.497409086145278234e-01 8.092260702818523388e-01 2.669241031968259126e-01 9.312735757007117865e-01
6.995319718190903258e-01 7.821477585860866499e-01 8.006780479424527863e-01 4.667873795462271769e-01 7.379181607077296423e-01 2.296297105015462359e-01 8.658018487903114124e-01 9.406955312442401018e-01 9.180452410962457455e-01 9.986917889082763677e-01 9.157199155628630294e-01 4.752772513272660593e-01 6.934477880305336406e-01 6.333392844568027646e-01
6.601508804948648113e-01 9.147133660614434891e-01 2.758559194159143635e-01 8.149441032514435079e-01 9.519522113457336010e-01 7.836860193477828140e-01 3.290259848541136067e-01 1.057426114985882126e-01 5.866351768401552036e-01 3.529258478759695894e-01 8.846395995633806741e-01 5.681864939104840362e-01 2.372453706891607395e-01 3.937449330936485525e-01
4.505662625456733350e-01 3.183106658925679566e-01 9.672243474736257340e-01 2.228063617097482130e-01 9.023336627352843697e-01 9.762203664558941618e-01 1.569616891258033275e-01 1.844287469884094977e-01 4.371923570310436435e-01 2.333905104707985068e-01 8.417468044686164941e-01 2.955191032414183905e-02 1.139660896621293995e-01 8.852616265672924589e-01
6.448113163209211463e-01 1.611038567273626043e-02 7.862176733162747899e-01 6.992585869736510640e-01 8.954500186037098741e-01 1.183436159144946043e-02 7.582502403692116255e-01 3.740865167644336076e-02 6.719693610154952035e-01 9.949495341327727616e-01 4.818531864932953379e-01 2.721758662162946374e-01 7.728191166573694648e-01 3.709455290598426824e-01
6.160757738291777752e-01 2.709249138902147802e-01 7.747055419146179345e-01 2.400878303649824907e-01 7.276813258895398207e-03 5.721812900014573433e-01 9.890737079529112741e-01 9.144412932035963504e-01 7.932494010781139249e-01 8.435669675433321579e-02 1.000175836919698913e-01 2.186857267972110996e-01 3.461503332232012120e-01 7.852200614936704071e-01
1.784154560905382159e-01 8.537277422759935730e-01 2.500592204116179884e-01 6.622933819185965465e-01 2.328557956337007351e-02 2.369174592691478676e-01 7.080290586359307969e-01 3.384839821445670971e-01 7.357707221943510234e-01 4.676248131720546208e-01 8.450402410196444780e-01 2.949254498045870143e-01 1.269286656572637950e-01 1.100517566207618314e-01
6.420013155333472721e-01 3.538156461822825616e-01 6.013343326556208623e-01 9.136091120162116441e-01 3.008871180527586953e-01 7.743188419740895112e-01 5.406340726688321219e-01 1.683193470369743761e-01 6.882691854987443847e-02 6.563255588624086201e-01 5.980885111348595018e-01 1.131358242361182320e-01 6.513420662450164489e-01 5.761717463273301476e-01
5.444908408163987579e-01 3.982706968564369010e-01 4.074376703072395411e-01 2.785156823937342541e-01 6.715839003232582094e-01 9.830758208160360612e-01 3.534044637959600221e-01 9.732262152338572170e-01 4.445874206249971206e-01 7.460443689855403848e-01 2.710291033138998440e-01 3.599696205865698939e-02 1.486664503099298651e-01 5.191988695674967236e-01
3.830522417071416941e-01 6.764409774716793056e-01 7.912880281731319299e-01 2.394284860517096325e-01 3.568323056363990053e-01 7.002513996879324853e-01 7.242876051468417620e-01 6.968642302961252089e-01 4.854270536534786018e-01 9.144347631229793327e-01 2.513696901764025382e-01 3.457763258507985382e-01 3.944550126089662045e-01 1.050701633883504016e-01
8.707816954701158574e-01 8.535690147572678743e-01 6.141444595816255569e-01 2.995826295633466918e-01 4.977459447044171315e-01 4.979797272229953276e-01 8.252387806236497481e-01 1.626719711309729810e-01 7.071218517920699886e-01 1.658002126982680569e-01 2.175688413465279858e-01 3.767443419322393794e-01 9.167032578265640330e-01 9.822864261219529380e-01
4.865992508490335489e-02 5.840581955694632565e-01 3.832365464338933769e-01 9.676757074071978826e-01 1.080441218455076013e-01 5.809773346643867242e-01 9.094396693470584436e-01 7.470061060676087550e-01 6.610902809340781783e-01 8.734083996094255120e-02 2.697391400814075357e-01 9.108621016821674132e-01 7.056549432425132107e-01 5.907911311697051637e-01
7.479066761960113663e-01 3.475520219958627699e-01 2.904544041607000082e-01 2.940201482574072989e-01 9.189378703445214569e-01 5.425994608809855402e-01 6.253719775326257446e-01 7.929484591042694763e-01 2.508370596886243531e-01 4.905055457252511797e-01 5.868565004049692835e-01 7.486356604442055973e-01 6.091238917933904373e-01 5.015940951643486079e-01
4.966765854474654018e-01 7.457326339858947328e-01 5.547721557491999134e-01 5.178979798861590433e-01 1.790369556379290961e-01 3.420300825366425768e-01 4.356540178266204988e-01 2.750280440113607172e-01 7.322773267330642266e-01 7.484374823646233743e-02 6.775214812721502833e-01 5.337321318003029891e-01 9.290675155856709111e-01 4.951357623415184595e-01
7.709146719482279364e-01 7.814915788932119689e-01 7.538944292838944961e-01 9.312129452720080414e-01 2.590075477407594029e-01 5.517755692096587561e-01 3.902273510768435871e-01 7.253899845566796900e-01 8.924661895449627069e-01 8.575025577520800635e-02 9.508362357891110284e-01 5.838995390150749643e-01 4.886221016775927906e-01 3.619666702152031235e-01
4.032061634648174131e-01 3.606025676984195849e-01 5.620037885258658550e-01 1.156016871818467129e-01 4.762400801568156261e-02 2.851485501267784217e-01 3.788540463453748952e-02 2.964675969277682510e-01 3.310269767604955282e-01 2.679245110636951921e-02 5.277217096308750577e-02 5.622904663437724437e-01 5.008063178621470213e-01 8.516677896788731328e-01
4.667217497464868359e-01 5.335213555547596576e-01 5.015649059020405032e-01 7.680298206543578754e-02 8.885917533611855657e-01 7.063931243671029980e-01 2.972061922299330528e-01 9.733767243851145778e-01 3.807923474211438730e-02 8.763839685475625085e-01 3.201786310026132343e-01 9.128663312839463417e-01 8.181006118330094168e-01 8.992514704352785326e-01
9.379207695266900124e-03 5.740550028421531614e-02 7.601309821102933961e-01 9.730951551871237504e-01 5.647351287424636768e-01 1.906145950507110998e-01 8.451886928897478501e-01 9.764481363673349623e-01 5.212409985178316774e-01 7.810825910850371923e-01 7.817542209952937915e-01 3.570491466727863106e-01 5.062991149252682455e-03 9.597249507935681212e-01
4.706570323705743242e-01 9.019565325316958315e-01 2.966864166159499661e-01 5.906999205087526406e-02 6.566303255683123563e-01 4.435342902362587880e-01 8.257726101374424088e-01 6.755202609610444497e-01 3.214907976398730938e-01 4.396099015437576751e-01 4.115204619342763825e-01 5.867945716383116128e-01 1.343612928372093229e-01 5.793759645817334603e-01
7.747427552587691224e-01 8.612405595698086058e-01 7.067512051308638688e-01 5.717800727877353495e-01 1.294748519611932380e-02 8.050416541668840020e-01 4.242654993613991232e-01 4.754505698386324308e-02 4.439119002458080665e-02 4.742939061590507599e-01 5.888595263780810329e-01 2.941426406671856508e-01 3.431441385500422214e-01 3.443630522721662368e-01
8.846184172805573454e-01 3.557133306493419633e-01 1.418563216243255987e-01 2.065035216838377874e-01 4.700147507812298953e-01 8.830563459351823408e-01 3.088901106358238335e-01 7.064583543403435417e-01 4.161711333797493140e-01 1.299282062840939611e-01 6.018073996035334661e-01 3.162339677315658681e-01 8.683446186071983597e-01 9.490682286554396052e-01
9.161441699044735598e-01 1.620759926468304801e-01 9.253444873330699538e-01 6.460624284204243839e-01 1.668278684000346068e-02 8.367970654774170569e-02 4.515055730380960197e-01 4.004944809097903402e-01 9.010874358727789524e-01 2.721852312122932105e-01 4.846050286492877834e-01 5.231321595855725759e-01 8.841867809906009956e-01 7.151247736058926607e-01
1.441903130174426728e-01 1.414788165823387400e-01 7.053337988001154857e-01 3.784183731476720158e-01 4.550036280402942612e-01 4.466038470422249995e-01 5.103464418787658774e-01 2.204246689438512652e-01 8.164291749437220247e-01 8.494585141656081362e-01 2.816627042297520367e-01 5.266251301581253985e-01 1.895256143272505689e-02 9.649018250584318057e-02
9.797228314033785690e-01 5.709979521651593615e-01 1.686536268491988233e-01 5.106878574381445990e-02 7.704785867422083712e-01 4.449401828724378616e-01 4.527184895304731116e-01 5.492233323751972707e-01 3.934367096336907066e-01 6.654649786733901617e-01 6.027218028896617064e-01 1.000339352534235227e-01 6.842614837358762525e-02 9.106485013244678406e-01
8.665790941144830839e-01 7.309301370629149863e-01 3.477665314920805884e-01 8.693889847219054001e-01 8.028218485722354858e-01 7.528498834748186264e-01 4.108469386432556103e-02 2.713216090883799891e-01 2.755693482006685846e-01 3.424141684371002636e-01 6.321773292977994618e-02 7.963619627334813655e-01 2.510602397055056167e-01 5.973595599479460949e-01
8.459104542200049925e-01 7.481899417714498179e-01 8.108898507461036465e-01 3.406566264163150004e-01 9.351933931897629115e-01 7.390172154642581370e-01 2.893873324115022738e-01 9.213748514659325650e-01 3.160030642103249798e-01 6.920663687155360622e-01 3.333291541350771325e-01 8.626545774132419186e-01 6.830692878871049700e-01 3.114170878108791785e-01
2.057722881936951964e-02 9.904832733441160109e-02 6.780803328456763701e-03 4.264557343267474376e-01 5.063646628109159664e-01 2.939931216887432530e-01 7.533182292688966886e-01 1.347582863724646751e-01 5.234655216786867626e-01 1.528828505190249487e-01 6.425420556316628895e-01 2.470720206429883881e-01 5.715409868590332065e-01 4.383799268244686909e-01
9.527816391077171820e-01 1.161085603866941485e-01 1.182276332244365236e-01 4.920472305669050250e-01 9.913450338615902302e-01 7.677340864568584777e-01 9.214895512478027406e-02 3.412501178240665567e-01 8.041270073636880289e-01 9.251788196326936609e-01 9.771500890683023632e-01 3.304515280811440858e-01 7.805867557312154981e-01 7.592203974661471122e-02
2.606594826863546377e-01 3.571909366464964819e-01 5.348698374923273047e-01 4.573298971346417829e-02 5.516670927154022630e-01 3.902302332581540911e-01 6.309649857602439571e-02 9.582809557883482654e-01 5.733383231245113842e-01 5.382174985263591394e-01 4.400808474725583785e-01 6.537631531607550617e-01 8.205373606989466717e-01 3.295953569876871603e-01
1.165613886527903098e-01 1.042838693029098929e-01 8.864087133672094998e-01 6.259140436133265872e-01 5.448930594366230284e-02 5.743087724864973653e-01 6.410390849657078283e-01 9.322456203559693622e-01 3.061743090660796751e-01 7.704972820481350571e-01 9.913251078466264188e-01 9.317616618618147495e-01 8.013573422337136876e-01 6.018504818584814453e-01
9.618866784138727644e-01 1.745059475187966669e-01 9.715652041921060134e-01 4.656745133002263559e-01 6.679645005996652785e-01 4.819143358043593839e-01 9.356970643203615934e-01 6.998443159993006368e-01 4.228739936421360701e-01 6.607830391075064647e-02 4.401458167771199470e-01 3.659761144576201275e-01 4.405010806287013025e-02 8.802476799907174021e-01
8.690064254529161758e-02 6.775697583478623720e-03 4.515341105041000835e-01 6.674524993282000551e-01 6.009896730628297989e-01 3.753561476462509150e-01 8.027583579153885207e-02 8.540884865465177000e-01 2.022011613666743202e-01 2.859813681875089664e-01 7.222703676364439218e-02 8.609670295985333288e-01 6.231742287081246667e-01 8.453185671148482072e-01
3.312233495462152399e-01 5.500695052257023043e-01 8.648455593655820506e-01 8.793287498155499815e-01 8.960323687742295373e-01 5.889409172887094535e-02 8.624221043562536604e-01 6.296789136278213572e-02 6.455653720147985775e-01 6.382554962675277554e-01 7.692598909237879923e-02 4.935458593580910325e-03 9.480085669376613344e-01 3.894537646411811993e-01
1.257624816579322458e-01 3.736917720310423130e-01 4.582048296774287044e-01 6.505700454180701753e-01 8.438862488889640190e-01 6.753160494246399637e-01 3.678545802953843147e-01 5.779744666433148659e-01 7.992443324377435099e-01 4.895868285084725713e-01 6.933669442593201060e-01 9.736532849962643565e-01 9.970447090648493216e-01 7.235552173298718248e-01
7.090950286620052445e-01 8.580332048343823903e-01 2.274603998424267193e-01 7.534183920618044983e-01 6.776759478917843138e-01 1.486802749201365792e-02 5.696215217258017161e-01 1.490526590744100099e-01 5.360088899314063848e-02 9.550714368564194867e-01 8.322543767046182150e-01 9.159939037906101866e-01 9.964453732226127292e-01 6.125766176544543695e-01
4.470655908064227191e-01 6.707357214065648998e-01 1.300534240316991719e-01 7.904570706928512047e-01 9.258946836773984668e-01 2.664883897909564592e-01 9.261634686399622396e-01 5.053837995902337177e-01 1.354243775155045126e-01 3.245073851958262257e-01 8.687035124365670713e-01 7.159677148442901151e-01 1.862571711744365199e-01 8.502674353433335996e-01
5.756764656788371237e-02 5.540276626156448447e-01 4.832258055128542118e-01 9.820897454554400330e-02 7.977047846729504732e-01 4.545672632138995084e-01 5.257062784213920592e-01 1.108945491144733841e-01 5.081557969189723911e-01 7.832478481668289083e-01 3.940509171690154133e-01 6.429255080561422364e-01 6.857201868553275403e-02 1.635472566251310322e-01
