1.516244519341747310e-02 5.390241030690323676e-01 4.661044593726837437e-01 6.578486953961838468e-01 5.517903170515158218e-01 1.647926192555370095e-01 8.098203446489862234e-01 1.977722778761952238e-01 6.592785460331608283e-01 9.062415120336442254e-01 8.940303705694333525e-01 5.641071038869812648e-01 3.263310420517374633e-01 3.963098589961406848e-01
3.836938666831456457e-01 9.130176750412198894e-01 3.894282561907911333e-01 9.636539962810450888e-01 5.724719332045546949e-01 2.030508997071533983e-01 3.429832173575676491e-01 3.672350240914349362e-01 5.791981679172505393e-01 6.049586801017573512e-01 2.049211102301442544e-01 3.688397659467891332e-01 7.272269584648983765e-01 7.347506376679892037e-01
5.397404148886741915e-02 5.337757173734813954e-01 9.644108713723298365e-02 8.195657820749843170e-01 8.303334628363914227e-01 2.726345610633404970e-01 9.257991303278400030e-01 2.437969872762574264e-01 6.920957463572755541e-01 5.235907768806458140e-02 2.504911868125317964e-01 9.212277375536939150e-01 8.845916749394397982e-01 7.804127612840627837e-02
2.915931258902598744e-01 7.737823127403886669e-01 2.907465565187641321e-01 6.978266521783166310e-01 2.016907202898506890e-01 2.134687282834842881e-01 1.939276854678755324e-01 9.879950772734468201e-01 7.534661413303045396e-01 7.480525879390201860e-01 8.750038198546319368e-01 1.820577673151702047e-01 2.775574500837946212e-01 1.386172785659210982e-01
4.407092908721289559e-01 3.806347664445485224e-01 9.755882136763505130e-02 7.672126680417387101e-01 5.135224668734837961e-01 2.741217766260316546e-01 9.103944337286538069e-01 2.219173410619412756e-01 3.075401696841704169e-01 1.397372081144921951e-01 9.603829158174101988e-01 4.443055505247061054e-01 5.685342238854846908e-01 9.438521114187705674e-01
7.369192850073894574e-01 2.131576884390963267e-01 6.091118642536045291e-01 3.146375693437267751e-01 5.682014646628829047e-01 4.247326271797067232e-01 1.252053114726239258e-01 7.599777161241416668e-02 9.312189368493507535e-01 1.599398322239803383e-01 9.464894613378133092e-01 6.610697673752866654e-01 6.232080787912400721e-01 9.527954281881769738e-01
8.638455216905827072e-01 4.188204576291197911e-01 7.286003342089873991e-01 8.495408751179361895e-01 7.914106040122134145e-01 4.094929415560950581e-01 6.465566403679040564e-01 2.596335469360536718e-01 7.382912280941438254e-01 3.041739679050129430e-01 9.762738575485083725e-01 1.610033478039244459e-01 3.148636565500987361e-01 9.431783055201231614e-01
9.533946979821347201e-01 5.408221961269120692e-01 3.655741268700215540e-01 4.231637503990797189e-01 6.372983852123448312e-02 5.582331875800614629e-01 1.846661701188132554e-01 1.028251826672638147e-01 2.550903058900743092e-01 5.424613434036917869e-01 6.728049023446354138e-01 9.577346446834961169e-01 9.993130962797911465e-01 2.490225410706824460e-01
5.618346959677738006e-01 4.205575108818393471e-01 2.848086648250497399e-01 8.623302020670543522e-01 4.053927714323123377e-01 4.580254780256352021e-01 7.825408573830118231e-01 6.500258134699052892e-01 4.467912552223368694e-01 9.797926924233922863e-01 9.567068943244250168e-01 5.086793953056972795e-01 2.310413903304857630e-01 8.261767752394489905e-01
8.191714908519270866e-01 5.302002729406413151e-01 4.105560999760319296e-01 3.964475614146063531e-01 4.913374452862410147e-01 9.490689741502695842e-01 7.369364839572669634e-01 3.092433355913886128e-01 6.196521863613609904e-01 1.545523602238035865e-01 1.632084732143118666e-01 7.889250933331043436e-01 6.893808218902996998e-02 9.364026516879639939e-01
1.650288745546443225e-01 1.860988841487615231e-01 1.289286193490146726e-02 4.681026929428848682e-01 4.985688563762386005e-01 8.200711164426528477e-01 4.665718312954999503e-01 2.957555996440757173e-01 2.263732321044773510e-01 8.552520273162440567e-01 5.171424824722059554e-02 3.743522992404910710e-01 5.771091163388670786e-01 8.516024913077981928e-01
6.687445538610189422e-01 7.819484095769605458e-01 5.234370672035609795e-01 5.226182385676350073e-01 5.845295882533855236e-01 9.645793199778962546e-02 8.037622390560840158e-01 4.379927075125246150e-01 3.374758707443196171e-01 6.848947129996902916e-01 8.709081098920938846e-01 9.381163759777004785e-01 9.332913161396975132e-01 7.450968623426376114e-01
6.630341820024880928e-01 1.300368863419626431e-01 8.973224980625486014e-01 9.784039970417212073e-01 2.526766634620917218e-01 6.831068675271834145e-01 9.317357289853571700e-01 5.951120244155827521e-01 3.999265162342402480e-01 2.387805007726095941e-02 6.912334934188197888e-01 3.806531073330985393e-01 8.874920946608698680e-01 3.935996130832042361e-01
9.672751107123237491e-01 3.352231512465000396e-01 1.337719632035289097e-01 6.366396261777461651e-01 2.269655538538895012e-02 2.481620241236613955e-01 3.453049386663742393e-01 6.038236757956566558e-01 9.799445830323215700e-01 2.356092568026024736e-01 4.704151861581813421e-01 6.380176127243186723e-02 9.902768608455754240e-01 9.231942119556502124e-01
2.607317135215311277e-01 1.170759769212241785e-01 7.227694802431642307e-01 7.022043549352912084e-01 6.890579847059823404e-01 1.113088327718814163e-02 1.733182478620906020e-01 2.043955390297347297e-02 4.999479084588324129e-01 6.443077994863485314e-01 4.127654225739979532e-01 3.248284332571071964e-03 9.395025205346092534e-01 4.841275986320110469e-01
3.176014607995587546e-01 3.998955979707760067e-01 8.253540660652559646e-01 8.458797805553326388e-01 5.462579888067264910e-02 8.932820044204272669e-01 7.598821478162889331e-01 7.514890116112827867e-01 2.842219416873621451e-01 6.862147284659170232e-01 2.238928430372930656e-01 8.866916569994899300e-01 7.237157746747002740e-01 5.300181631131826165e-01
5.894573085016108216e-01 3.240295291073641559e-01 8.369190814693381331e-01 1.046025881871883723e-01 7.709167156557693579e-01 2.758979266451855317e-01 2.567573149340811600e-01 6.618111719213420896e-01 9.176652083353897815e-02 7.323905022048257107e-01 6.607163760143588416e-01 5.189877847661460430e-01 2.998310031844915180e-01 6.855280828902740042e-01
1.309137351274713978e-02 1.608977354726202069e-01 6.000010188869616679e-01 6.798986847743365702e-01 9.986470917991457918e-01 4.532791079259006484e-01 7.435665690854721399e-01 2.476560813460072508e-01 8.548884000240353220e-01 9.431199646101979805e-01 3.969450109998770015e-01 7.998253426409297484e-01 9.538448570758869538e-01 7.315814020009873131e-01
8.600664982233590106e-01 1.808158386471471202e-01 7.531574193052792410e-01 1.192754869405284746e-01 1.739899763174224123e-02 1.978414341929956022e-01 5.744295765076345983e-01 8.921640603177656281e-01 1.990446039630705544e-01 5.553411237171355097e-01 6.466819139669028882e-01 7.321522138606597618e-01 1.003484872053495014e-02 7.991817934554921177e-01
2.140592287853078091e-01 5.564020520746543186e-01 1.825634984506689928e-01 4.624773629871045122e-01 5.535291275120473031e-01 8.681866765951067322e-01 4.660855166088506696e-01 3.634054097639862757e-01 6.445335709018215065e-01 6.971449757844383477e-01 4.255420721319858046e-01 9.910896377224829301e-01 6.043187790995985242e-01 8.096430568313816023e-01
8.250014662119605768e-01 9.024926424209129827e-01 1.386327900017804149e-01 4.110534985870025748e-01 8.323391872425484062e-01 6.756072786323117363e-01 9.958816567288810706e-01 1.068263260521532532e-01 4.988853203759909816e-01 5.386667969371039533e-02 3.416345553613605590e-01 1.086834460142803715e-01 5.735321610125295733e-01 1.262956114744684388e-01
7.020010218074679287e-02 2.140758675445231241e-02 1.170201069074365829e-01 2.508886744468113994e-01 6.535437370797413381e-01 2.268154551653700501e-02 2.387280514502639894e-01 9.192855382983028401e-01 2.324356431004703794e-01 8.031010065444257329e-01 1.206869025869131695e-01 7.728512754782148608e-01 6.420988232218275416e-01 2.338048279758625503e-01
7.223671328212893927e-01 5.713297362129305945e-01 5.931589802704558823e-01 4.278356548631936374e-01 2.399353685034839589e-01 3.259674794918105967e-01 8.144792015299899823e-01 1.762354413491982186e-01 7.542216555810693501e-01 5.635588543908846004e-01 1.045802860630644648e-01 9.586577522392164541e-01 2.308679594407730962e-01 9.778204757918458334e-01
5.826435933186787652e-01 2.184052098495704586e-01 3.936164671839292861e-01 8.397622239921547216e-01 3.796329153697031167e-02 5.588106163698558504e-02 7.970756923767556845e-01 1.688029301015897543e-01 1.543231996058421762e-01 2.442010122992892551e-01 8.180707346211080200e-01 9.355172775210178759e-01 5.510822045409259351e-01 9.125973688551930474e-01
2.992063412064009942e-01 7.893045196494675730e-01 7.845642863234236764e-02 8.746793261638670103e-01 7.949081754073791251e-01 8.939265403939723464e-01 7.919305582859611503e-01 8.323204961162152804e-01 3.200528710769438012e-01 5.182291589831482526e-01 7.640453637369822859e-01 7.713632154938779850e-01 7.880753887307294647e-01 3.735715192013223662e-01
6.512414077563211112e-02 1.851527315335546042e-01 1.854476816827544949e-01 6.154299814409782687e-01 1.171298728729418537e-01 8.287909883440539582e-01 2.475521317199348426e-01 8.235312130077010462e-01 5.419650183421278467e-01 8.401748861413516067e-01 9.040285263541024685e-01 5.439428868087694546e-01 1.988313791178560885e-01 1.993051015287812255e-01
5.754458701093246864e-01 7.943372813769401519e-01 4.098776695714357876e-01 8.535910314915148289e-01 6.010055480230523939e-01 8.523699265319788498e-01 3.457818293597028081e-01 8.257433590407897706e-01 2.584654750748091034e-01 1.218050478381005330e-01 8.617269795837072532e-01 1.275629388525781893e-01 6.382111970401541656e-01 8.116904308553134495e-01
2.848412283452669280e-01 8.645516835485592688e-01 8.307499125753099456e-01 1.968271224396354047e-01 5.831611886700824865e-01 8.562817628196656150e-01 1.400399561757084133e-01 6.768612549417711843e-01 7.478680333107765588e-01 3.193720971656194285e-01 1.156385068636437419e-01 1.644104998744506663e-01 6.023801747493846559e-01 9.155585234546776974e-01
5.735978595954702719e-01 6.236648633811524567e-01 4.995687765087066801e-01 2.162737032165881201e-01 1.808590292755989370e-01 4.247742969183135875e-01 2.171024025104433264e-01 8.964771178522150663e-01 9.403780509300150303e-01 8.097868948774612496e-01 9.764542600346404200e-02 5.384108197960935094e-02 1.343867471952875370e-02 8.041968873707155963e-01
5.161887483355124262e-01 4.243561194544864801e-02 3.655966345630528025e-01 9.554761044408124349e-01 8.704067972287907740e-01 3.995160705407122537e-01 4.483795284268813353e-01 7.666357192448104430e-01 1.336101839799697100e-02 7.469369701152236418e-01 2.149115046045531052e-01 8.356514645472572500e-01 6.009227810411951198e-01 5.905160317586195529e-01
5.397441091133355906e-01 9.695423993958286468e-01 1.820195934476429578e-01 5.381092963027854781e-01 6.319599750017287354e-01 1.913878995800263327e-01 6.524067766572575477e-01 8.095591990264869864e-01 3.272796633359559282e-01 4.542597353204221866e-01 2.718435433075075958e-01 3.421344928837710686e-02 7.748011706615782757e-01 5.039124716349574484e-02
7.366835161976658108e-01 2.584916651578981206e-01 2.290239851191921971e-02 1.678826089922761389e-01 3.930586689144343060e-01 4.191340187064649392e-01 7.017387005866733141e-01 3.784393252103318561e-01 3.542148661647525065e-01 7.590958594244207047e-01 7.835023321049282563e-01 8.263059123734944889e-01 3.667201826884808336e-01 9.637463448195919824e-01
6.966288660897149709e-01 8.951212163703325952e-01 5.511917558158785369e-02 8.266877840762250074e-01 8.979183890357717024e-01 4.658367676839053617e-01 6.457939722707226604e-01 9.339683645403957790e-01 3.240033225781665527e-01 2.162679701697446388e-01 7.658383994516119175e-01 4.559134853255113473e-01 3.716360741786506328e-02 7.501199491427912314e-01
4.100704476236954887e-01 8.916312817995347695e-01 7.772904841286244482e-01 2.218496129807403516e-01 3.452774364021782283e-02 5.809431068939523435e-01 6.148730800505929350e-01 8.083079104820314331e-01 7.947783374109022025e-01 9.093491314963632055e-01 7.300492794756996418e-02 3.519857231364159622e-01 4.004643371380395278e-01 4.508188369253871564e-01
1.161382252274464344e-01 6.277167032127352053e-01 9.494936616555137432e-01 4.811224562277394146e-01 9.651873276560672954e-01 6.823204830643371244e-01 8.421468380727253900e-01 6.507469567003772992e-01 5.097645765482354818e-01 8.906357683930753444e-01 4.638935868105161786e-01 9.368535802149328129e-01 3.856706385595883857e-01 7.216271953443397225e-01
9.150434390523335404e-01 8.920661114641722511e-01 3.900943861417600633e-01 2.888760187067427321e-01 8.570732179725556454e-01 8.356888189180055049e-01 2.285099738435498740e-01 3.022459715194765195e-01 1.431137625081473352e-01 1.304404630655121577e-01 7.815412539183240748e-01 3.855414662412196547e-01 3.140293393014096379e-01 2.301530141720300460e-01
4.824768077967211966e-02 4.896753507058931865e-01 5.514933607395281490e-01 1.507037386985476957e-01 1.680394473866831939e-01 2.160873569795521698e-01 2.916928958162733343e-01 7.609084798053974419e-01 2.139949042507894861e-01 3.064277759428764014e-01 8.680610041578439295e-01 9.630526841720751241e-01 2.134747499635447632e-02 2.352409216326979413e-01
9.328297533313653078e-01 2.509834175079563856e-01 4.629797225754125334e-01 7.576056230747914011e-01 4.689894224871677952e-01 5.979867259185696060e-01 3.952971360648865895e-01 1.971795779972196350e-01 7.269241496988909645e-01 2.365120960385466153e-01 3.872924963419533961e-01 2.295104388428292896e-02 6.894026737810611261e-01 1.902218830588586762e-01
2.112860545795058886e-01 1.550724365553984851e-01 2.551368512963169133e-01 8.913211519768661217e-01 8.759148571755518420e-01 9.438441063179551227e-01 5.486903316771595263e-01 2.902263397139734913e-01 8.845201781971219201e-01 6.303976237564983265e-01 4.148436595145876815e-01 1.482431500756011822e-01 2.753464003845238484e-01 1.691382413943076646e-02
1.241790050854697514e-01 8.031232810095317864e-01 3.569353674227266904e-01 4.348693523678393014e-01 4.747809839399445009e-01 7.373396322146403836e-01 7.949252578403525060e-01 8.790055201667038576e-01 7.779963330111179243e-01 4.120940719978206657e-01 6.138407713218829720e-02 1.561461396558135872e-01 4.655860607305942755e-01 3.487450550736500565e-01
9.149592244977146072e-01 4.885110040124709396e-01 1.533625574233542510e-01 7.956627164927658757e-01 3.896801263858078457e-01 4.373350268472749880e-01 7.434389893737907151e-01 9.313553317043126167e-01 9.638302288665279161e-02 3.603770080120886066e-01 4.455052059510234974e-01 5.104667605611055148e-01 8.420766991216778186e-01 9.863005996994900215e-01
8.893570082919243225e-01 3.246868041340738031e-01 7.468332245107701661e-01 7.136667182928729813e-01 5.983628210501723554e-02 3.236478467358856470e-01 3.677650820295969014e-01 3.479241539126378679e-01 7.807397786955532215e-01 4.676203174206832180e-01 5.766412990423268603e-01 4.284933299139839225e-01 8.027793824998213923e-01 7.130851138394701527e-01
5.526776913059656682e-01 2.845560398504304311e-01 2.967539189734156313e-01 4.291716338637127093e-01 9.433113945903306430e-01 3.877362589004366145e-01 5.174790260139736642e-01 8.824652478809388301e-01 7.849650637235848771e-01 9.151998460889387843e-02 9.883907347816820455e-01 7.944006365499279854e-01 2.000447529316184969e-02 5.869576606227753235e-01
6.536695546947505209e-01 7.198843269791348476e-01 8.140194388456764019e-01 9.497937835423572173e-01 4.444224338674874764e-01 8.095595062154137267e-01 4.635318240990116134e-02 1.850912549362516701e-01 5.291959882231499490e-01 9.627357851344677808e-01 6.448499634767903554e-01 5.553120687031366520e-01 1.191720196793649711e-01 7.780357922885088318e-01
7.508587262305013166e-01 9.072242586895702399e-01 6.253073372640751693e-01 1.685071708639349630e-01 3.375392192592845397e-01 4.292063701878164883e-01 7.414790652595750764e-01 8.427401391783622131e-01 5.301750824927220496e-02 6.013386253078130128e-01 5.830720504486989197e-01 8.949559293947793037e-01 9.242622991029958435e-02 6.874732587123146832e-01
2.414972954419992712e-01 5.089887200376433940e-01 1.897602621271438084e-01 7.316470445896576802e-01 5.570627508625140001e-01 9.202538769444584821e-01 7.410917685811474476e-01 8.186391274231203941e-01 8.392094016619451313e-01 1.341893665629479981e-01 5.149152006946572380e-01 7.564195286849555444e-01 5.892151047555783672e-01 5.400074545421243988e-01
9.174354947821857786e-01 2.023607621719065719e-01 1.635032810897101285e-01 1.829526368090785837e-01 6.185666920687735715e-01 2.732162080224839196e-01 2.464414007007832419e-01 2.987454024881077697e-01 4.946512376560648905e-01 4.784165976938120624e-01 5.275387457060765062e-01 1.599715313261231842e-01 8.729323963260268160e-01 8.001920009652350174e-01
2.706706633525129968e-01 5.718204152458650213e-01 9.341741669698900852e-01 3.825673402747631346e-01 9.083680004206085012e-01 5.326144035934357035e-01 6.544775308307195782e-01 8.241726079940929761e-01 7.771726048003401166e-01 1.165597792679524680e-01 9.814708751168651490e-01 1.509871289482704881e-01 3.529565372758493025e-01 8.652696664949436345e-01
3.138581315603750088e-02 4.021852026114802747e-02 4.459289395716922177e-01 3.140249105259405038e-01 1.884883350516797229e-02 9.076061599773910249e-01 2.641257131301641969e-01 8.074055648334221846e-01 2.635843321907962444e-01 1.157537118325745462e-01 1.859880311315527113e-01 6.473047625436720853e-01 1.878076381480319190e-01 3.201813441907849223e-01
1.101846049177916953e-01 9.899451120032179974e-01 4.050839879664885901e-01 6.608717366025513851e-01 3.333982772629475733e-01 7.261470714342086463e-01 8.469523564816207051e-01 7.828687150995200517e-01 8.135344959637480500e-01 7.039903736004727852e-01 5.615858217404793296e-01 1.518670622097887390e-01 3.913528946768002337e-01 7.133844218127957104e-01
3.460732165213085132e-01 9.893100229505207288e-01 9.444800458924107467e-02 9.064190856121756568e-04 3.636748692890685586e-01 6.201614571142710641e-01 8.689071129354111189e-01 6.975695397538506093e-01 7.498166266494302734e-01 5.021443789483680531e-01 5.268425182873002210e-01 7.131814099070764579e-01 4.117762740109897068e-01 6.831084768693260756e-01
2.353404776686602862e-01 7.387353529720994683e-01 7.297984667449383123e-01 2.809371697669211798e-01 6.033529298450579503e-03 2.867788955295936804e-01 9.948377052725435599e-01 7.110149919838903987e-01 2.843183929752157724e-02 8.349877910867191666e-01 9.433566723200712545e-01 1.855415053899777122e-01 2.104992815511596005e-01 9.657254383862751146e-01
8.034528077864648843e-01 3.041957575271789782e-01 3.186415288384076838e-01 3.343250771418113665e-01 8.763572812678463997e-01 3.461637188930991593e-01 2.307799121653272278e-01 5.484743174625084094e-02 9.817282273616393384e-01 8.972970177182623130e-01 3.394041309429919329e-01 2.528671419071450988e-01 5.628505718297193150e-01 8.558511092257686803e-01
7.543187590132225395e-01 5.288785877833248605e-01 1.442506205245452922e-02 9.551981937051845506e-01 5.200987374906358429e-01 7.048624633175263332e-01 5.722420118450772808e-01 2.931425948299993811e-01 6.280087734042968384e-01 7.634243382811670697e-01 1.248684930246207747e-01 9.137407618071484716e-01 9.049133318879046817e-01 8.116699383832918224e-01
1.426336617833396936e-01 7.257089603326344340e-01 8.839170456996389147e-01 7.760107614054270186e-01 5.730604140706544447e-01 1.932678517031465315e-01 6.773928562324810221e-01 2.919520009295718532e-01 2.412057918478756058e-01 5.249721589009082034e-01 9.028893551104257842e-01 7.709832433196793788e-01 9.381160924507618848e-01 8.541620109119983928e-01
4.834816474292452648e-01 8.146795347671633714e-01 2.822610428054285192e-01 4.927998233546053708e-01 2.899023257729727021e-02 6.277839548240695677e-01 4.231558391947891629e-01 4.335567313716098825e-01 6.575827306275427997e-02 2.743411466086298489e-01 1.530111547550874196e-01 2.795120395030165072e-01 2.434444738597997260e-01 5.153681433496060116e-01
8.771225418383596928e-01 3.778302748981499093e-03 9.221523455768249056e-01 3.979575365638594597e-01 1.659256994408915276e-01 5.272124010559013918e-01 4.170535240271830979e-01 4.078743198408247839e-01 2.473382578730509707e-02 5.160086645324560850e-01 8.257482344662133711e-01 2.930494586980553207e-01 8.641596390416292905e-01 9.912621510019652415e-01
7.648844966373568033e-01 9.096707891083055664e-02 4.750696066131200324e-01 1.445261315483925557e-02 2.090638410576044492e-01 4.172378123285780394e-02 7.080184852744035862e-01 9.287384846820379014e-01 7.620607846054361367e-01 6.343510009601883715e-01 7.457282130056397396e-01 6.071490166935002986e-01 4.887437471569431313e-01 5.027447214431746136e-01
7.880765416121815470e-02 3.204725770826037934e-01 4.037237497600268954e-01 8.047608003119597342e-01 4.788582608621528847e-01 2.858762095708818896e-01 3.517362781157821194e-01 2.285672529076298032e-01 5.314731181564147366e-02 3.277801760906166040e-01 2.181114389396163755e-01 2.722256519255805696e-01 2.913287853049673082e-01 2.551254196270933416e-01
7.279929392615233086e-01 8.209281254347854384e-01 9.825102031760113430e-01 4.425081084980988511e-01 9.051649342369458839e-01 8.035624394371077006e-02 8.669210021132588428e-01 9.650430636247160354e-01 9.869711232956988045e-01 4.560933673204377037e-01 3.908821592951878809e-01 8.369037521525398704e-01 1.286034135444169557e-01 9.367295194409791526e-01
8.279621312294273006e-01 1.758335309661847035e-01 2.360119483897268333e-01 7.115224717270034471e-01 5.883311821562691168e-01 1.063805309243379682e-01 5.537866403729873044e-01 2.943080475162470622e-01 1.681140090409204424e-01 4.005880568250461682e-01 2.291633939999948577e-01 7.135486450663200975e-01 9.199002558003346319e-01 8.119322057573211682e-01
8.021022589656623403e-02 9.090209100251088747e-01 1.661292969848999768e-01 9.494901157024066007e-01 1.760663125716278588e-01 1.006024170372241677e-01 8.578377201347622272e-01 4.624133974661392976e-02 6.563511588066004432e-01 7.937066240226735570e-01 9.597138049424791539e-02 1.552905351816753488e-01 3.404692686365153875e-01 9.484432250345475879e-01
9.889673978607154137e-01 6.971237833541623630e-01 4.496398753463821674e-01 9.432197357883524980e-01 2.288970777600091155e-01 6.903798327012714564e-01 1.424718046893080903e-01 9.611081492421277295e-01 1.854873702289296933e-01 6.924563373932960397e-01 3.971365859572174584e-01 7.015496067734128260e-01 9.776548355362905118e-01 3.155723533345173859e-01
9.136494173401318308e-01 4.317038048497787717e-01 8.767067871875365848e-01 8.510956269011473729e-01 8.530551972180195897e-01 4.953540301637993082e-02 5.708084685137830849e-01 9.222518697070126725e-01 6.610969266963214741e-01 3.734492980025339026e-02 3.843681722467087170e-01 8.561836790360181082e-01 1.840072236104643988e-01 2.559589537757684941e-01
9.217222764159531678e-01 4.549561860755523268e-01 6.643271990854373588e-01 8.238957772325465889e-01 1.042604976299558173e-01 9.633979672165905450e-01 2.798279571456316894e-01 3.503037005099093326e-01 1.163503601485254002e-01 7.155729109385959852e-01 1.613156138830270647e-01 2.719578202896251184e-01 2.851035138226232224e-02 8.338742279477715513e-01
9.189778814231902571e-01 3.486299906668175463e-01 7.989769406335816004e-01 1.969654673999353678e-01 7.287100735315942268e-01 3.634002077197460157e-01 6.785287632080948539e-01 6.080445032673580386e-01 9.568021874242867986e-01 5.744224318662923823e-01 4.397643575307307318e-01 6.401058336034006757e-01 7.118781051997793430e-01 2.016823102019427161e-01
1.687014431227651379e-02 9.549125859847381603e-01 3.375427366801592166e-01 1.871185958838683661e-02 9.953400341078793012e-01 9.148618179258909411e-01 5.370705553223060758e-01 7.684813792550929668e-01 5.464874884428774227e-01 7.230522031042782016e-01 3.271971423134210077e-01 6.656943363960926563e-01 5.836354379661004010e-01 9.914526731532026238e-01
6.461594730647569618e-01 7.111888089520334022e-01 8.122120966558392663e-01 3.971093949694386449e-01 2.969521577671305756e-01 4.849395000426014457e-01 4.156530475851641926e-01 4.930455466008974996e-01 1.718332172538297176e-01 5.393360618328773004e-01 4.216619516040424065e-01 7.773782084484757160e-01 3.321478352605427009e-01 3.659659627910339941e-01
5.558952649916683031e-01 8.615156097516962763e-01 1.875591211864877650e-01 5.019119562986968930e-01 6.695708631237389241e-01 1.257747464278613503e-01 7.623036302461625446e-01 5.621688054317114380e-01 6.775283767411175440e-01 2.401514819498159481e-01 4.219857075158217619e-02 5.438173748468332347e-01 7.730564057476457807e-01 4.316262815966724897e-01
3.742304571191829021e-01 5.754402136237185550e-01 7.770645438390280102e-01 5.411502924702910056e-01 9.764712736668357262e-01 8.259611068218964958e-01 5.949616956011993807e-02 8.945000828378346647e-03 3.573216882653280635e-01 2.168888766004691826e-01 1.423646766924923091e-01 9.759816403635277471e-01 5.273923936174572669e-01 9.598228168459600473e-01
1.803346079771428467e-01 4.823740833961985830e-01 9.628087475336031265e-01 2.050271088100829031e-01 3.337640948727629286e-01 7.222560583728750983e-01 3.851904834619279683e-03 9.130398671493833440e-02 6.852004409514125260e-01 1.047592377998647351e-01 4.963788321361986000e-01 1.120631989605068712e-01 5.891591100453252849e-02 8.532995610318950819e-01
4.274247253871067409e-01 7.878877526871479464e-01 3.392920342116386712e-01 8.227159096210125977e-01 1.684737990488544002e-01 3.694559623479389820e-01 7.321422342270945682e-01 2.436287822600698982e-01 7.568061550762983369e-02 1.654431754153022904e-01 9.113530704929921900e-01 7.208086738634857937e-01 7.502758394086953553e-01 3.742260159977651712e-01
9.558844469943991173e-01 2.482067926565283411e-01 5.255772763333250719e-01 2.634493911366497798e-03 6.713452453093068373e-01 4.198679629689849868e-01 8.534328610064534359e-02 6.987444250591036132e-01 7.805834582807663624e-01 9.369712853127888375e-01 9.207838552643952124e-01 2.574590482068926933e-01 4.920160815684392341e-01 4.842479686187795007e-02
1.487545209150065162e-02 2.456247387355623424e-01 7.592556764401893199e-01 2.712215378596597448e-01 8.499273133750280262e-01 1.594523376736117770e-01 6.001773661238782864e-01 2.057534252767152516e-01 8.305021178049054598e-01 7.981572103356113779e-01 4.934636133761461929e-01 4.191122199060781650e-01 3.290532080709923646e-01 3.229478755767304365e-01
9.530125182865589739e-02 1.476769841787218818e-01 5.255234621638846804e-01 7.822813076706427449e-01 8.567048791634990224e-01 5.430759751595998219e-01 7.243207784234944047e-01 6.160800928594764025e-01 8.720046862485271166e-01 8.297306235622684545e-01 9.653085877357415745e-01 4.530124442860293810e-01 2.954157261295209391e-01 6.613782299283393895e-01
9.361675450214606009e-01 2.352080336818784811e-02 1.559688661032498924e-02 8.675741959544549520e-01 9.247933721647740857e-01 1.898785759107771698e-01 9.129067848877606695e-01 7.962524806957669288e-01 5.446047153244794048e-01 4.751594305714567090e-01 2.616837417461456150e-01 3.464639711645957076e-01 9.651128189349040820e-01 9.507967597672849491e-01
6.963317589320956458e-01 5.395162578407013410e-01 7.823730438847987800e-01 3.811684329438984609e-01 8.653101906870538373e-01 4.987643131898431559e-01 9.207115551955125099e-02 8.103464069085611898e-01 1.636831442325192842e-02 6.665950343516346965e-01 8.332147795921884814e-01 4.979318770443497133e-01 5.392958655171351534e-01 3.199049539492763161e-01
8.127668833212504662e-01 4.949418810744378172e-01 7.949987303878540690e-01 9.774998469423502589e-01 7.980298318464879026e-01 9.441359166686357218e-01 8.917715062431708084e-02 1.995426441153437258e-01 5.029907755111430179e-01 6.392477032722779784e-01 4.346122497984982180e-01 9.599246840830192307e-01 8.799734901000412224e-01 5.094096865827737464e-01
7.095320603078675292e-01 1.810690339948481942e-01 9.060925326998173768e-01 3.420844674386752660e-01 7.113055545309890926e-01 2.220488080520621743e-02 6.609139180080156883e-01 3.100415580791993087e-03 3.445285359925439606e-01 8.266674244559849560e-01 5.175362196849661034e-01 2.622029525320527243e-01 3.861053109965474350e-01 1.248748703656084036e-01
6.805314270191356041e-01 3.027546367877883560e-01 6.463512484644132750e-01 2.977974908137305254e-01 2.057383337953614388e-01 1.278678943604812934e-01 9.965673897193203512e-01 3.061294490744487229e-01 6.785729038110027700e-01 7.698077142798046557e-01 8.920978157214871640e-01 2.163790822204858522e-01 2.615442923930918484e-01 6.666245225878308922e-02
4.997226533326608600e-01 4.200453675621259597e-01 4.471167310122509120e-01 7.539813125152612372e-01 9.702666543749460804e-02 3.253774195875649422e-01 6.308114350850931862e-01 8.122597846008593470e-01 6.374646912965244994e-01 6.890802891876642855e-01 2.706557848720360093e-01 9.538228979522506146e-01 2.600228127000006051e-01 3.051946305225009537e-01
3.010168229807903550e-01 2.425719384724234207e-02 9.036877199232207225e-01 1.857540141731429673e-01 2.054096970195018468e-01 5.986495566957391601e-01 2.368991895628035360e-01 8.305790222909392728e-01 3.294836660055843192e-01 2.475942572177953771e-01 8.706108666250118588e-01 7.027719772514239294e-01 9.025267512839882933e-01 8.068044195691392861e-02
5.481512588096121297e-01 6.771971951850181970e-01 6.928678464502144863e-01 7.604717255446342694e-01 3.051849394271298754e-01 9.702972400612629444e-01 7.756637984919476647e-01 5.186110495390885422e-01 5.168807802460615441e-01 4.731088022665821402e-01 2.855106583635143025e-01 6.765781036822555716e-01 9.060747427642384944e-01 6.422872123654239651e-01
7.487477438715289813e-01 3.860587361811684826e-01 1.130839207352449804e-01 9.101631784228879640e-01 2.289141855193902453e-01 3.017783438208937463e-01 6.619390411631123072e-01 1.577881336840263327e-01 4.992404556230043422e-01 2.453536611641912168e-01 5.527717846002644375e-01 8.322824223658126241e-01 4.530757691039194457e-01 4.678703141652883479e-01
6.438556971724554989e-01 3.950205820758632136e-01 4.242289742944485020e-01 5.669275835964360244e-02 8.164572122416846600e-02 9.825746553106532444e-01 5.573175335516793449e-01 3.450385951262147088e-01 1.514678699870797285e-01 6.541807751876537180e-01 1.167615244062852886e-01 2.439121830461155049e-02 6.464409432099496033e-01 8.754978575811269703e-01
7.221997446084162942e-01 8.287724559262950041e-01 1.161459676116345374e-01 3.185263463594821820e-01 2.896850887818305242e-01 6.664466192255531496e-01 2.899724931706996189e-01 2.507938988179342354e-01 6.771717051018344424e-02 7.504742720110150200e-01 2.640724374565983634e-01 7.046677398765306410e-01 5.264795411081054644e-01 6.469438370268488780e-01
8.314771008245913642e-02 9.894388149186550407e-02 3.485253701248679503e-01 2.611660826116867229e-01 2.669430440144693328e-02 6.022381053272308771e-01 7.150059074293508843e-01 8.998667896046316228e-01 7.533105608189962776e-01 8.275310422287777135e-01 6.570322295006549851e-01 8.446724496768397428e-01 9.956672308636019819e-01 2.206203274479834331e-02
3.108199099919317643e-02 2.351806902515752862e-01 4.463243503499237930e-01 5.408941483686596774e-01 5.274985016289432949e-01 4.412286690780911069e-01 4.001777130177708308e-01 3.312596026550446160e-01 8.328025500618063681e-01 7.915055124848326962e-01 5.653985940699695067e-01 4.828904476978157501e-02 9.601177097212540978e-01 9.733177138876024648e-01
1.271449038565286571e-01 4.870334901062568500e-01 7.710572613395881847e-01 4.586687237452518051e-01 2.204213431644826970e-01 6.077067270982877689e-01 1.038201773215420287e-01 8.420300178007634750e-01 9.641792174312903141e-01 2.550476753510267924e-01 2.663960069246172901e-01 3.245823929643159023e-01 4.957038548799673761e-01 1.182583891423094613e-01
5.176708007906120068e-01 2.870851325074258442e-01 4.417692100474195360e-01 6.491482940694465187e-01 1.771528788228993179e-01 6.118371171823058230e-01 1.537559469281876146e-01 7.999249458220358822e-01 6.707762180353803450e-01 8.136629652216128550e-01 7.856629469526532628e-01 2.970060646812948679e-01 2.601708301886757058e-01 9.932253540141170456e-01
5.296825239013122077e-01 7.837244291608507218e-01 3.825862850712228314e-01 8.216140862914289578e-01 9.203822177829934503e-02 5.074318890541297256e-01 5.873474656704431585e-01 9.859896725551259289e-01 7.220596056850927535e-01 8.109213246960396138e-01 3.885532068779508075e-01 3.524896823226103537e-01 3.709986086656440474e-01 1.189954407143968274e-01
9.597902447359761835e-01 9.349551487840630504e-01 9.240718346505761849e-01 8.217393253452224267e-01 9.412764982021920579e-01 3.615519062769012582e-02 1.000479875037567634e-01 2.085764284653638390e-01 9.265089589270720793e-01 8.636337301837115898e-02 1.584263427880222563e-01 8.050430367953400612e-01 3.014829378009753480e-02 2.498977635521580920e-01
9.463098562811521619e-01 2.806953221290359179e-01 1.131660327654172571e-01 1.856727620860526562e-01 4.490565420414832642e-01 1.551345976147731065e-01 7.310282891707620134e-02 3.890210030929379670e-01 9.781700574815099802e-01 2.809321736120261592e-01 5.543094831728323513e-03 5.280856115807974760e-01 6.554884279325241536e-01 8.317253594241177383e-01
5.030303936913321783e-01 4.627183387912220391e-01 8.839056995748242329e-01 9.566353668927614073e-01 4.032237144659875927e-01 7.076586830267179717e-01 3.012521970737430665e-01 6.706348514140402228e-01 9.929263415947265914e-01 6.746830421823248880e-01 6.905547532998795868e-01 4.518473769403145157e-01 9.791240112976460352e-01 3.517004724027560369e-01
7.853439007820658402e-01 8.560058460519104351e-02 2.126614093728329546e-02 6.465704059557528804e-01 2.571291412904936902e-01 4.983706818276707473e-01 6.023969576886645250e-01 2.525323218379527113e-02 2.048323274195673616e-02 7.991947895518677347e-01 2.018736945583121667e-01 6.801505840473328623e-01 2.160110021318328855e-01 5.638184252206542846e-01
5.933791802732022447e-01 8.456969367678238703e-01 3.262513645235036730e-01 8.790453415943891846e-01 7.759738524538847271e-01 1.112277016206307811e-01 1.408723883369755736e-02 4.259047907763066076e-01 7.725511009572905152e-01 6.813479697150629510e-01 2.618125783654670080e-01 2.464122553890236711e-01 1.913397933755538460e-01 2.847764963896382007e-01
3.486827603154276645e-01 3.643618305291347337e-01 7.935919461736641312e-01 4.571024654385715813e-01 3.728401305547593969e-01 8.094978415471769662e-01 3.386865953958166919e-01 3.815521647095900803e-01 7.764815679405665527e-01 5.061648768294232381e-01 2.264088454232745518e-01 8.174026343486910928e-01 7.731438182819886373e-01 6.060840562097101758e-01
7.525363925599527493e-01 4.764895196988944148e-01 2.889768452763517015e-01 9.723446525976575661e-01 2.871003165558394521e-02 7.973735174104139567e-01 8.673779212687103835e-01 3.154102410050426686e-01 7.350385968458436059e-01 3.114641469923962180e-02 1.148072369019268457e-01 3.274132173544744839e-01 8.972095310183829664e-01 7.577830776597932472e-01
1.073746357465342749e-01 1.443100908450042352e-01 3.646897140418881023e-03 4.482370362818233200e-02 6.027551710255516504e-01 7.434926600813455133e-01 9.863186686542636528e-01 5.514102226993966571e-02 6.740870276312284082e-01 3.139724832642399877e-01 4.119256991359059317e-01 2.325089472486672193e-01 6.435176419434012196e-01 4.603050336412842780e-01
2.763676477939195353e-01 7.396041163915696437e-01 4.208624560372327128e-01 8.045236214647750739e-01 2.813368568890100008e-01 9.972486540141762834e-01 7.094109166467624794e-01 1.842698368266236786e-01 5.405354169804709175e-01 9.660155910571485149e-01 4.934509685402516110e-01 7.039284701342815032e-01 7.966897161583803566e-01 8.341539737270566857e-01
