2.016550413208145764e-01 2.284480169808411620e-01 6.348068105284633278e-01 5.405432410787758268e-02 8.310944319418942516e-01 3.119682296793815368e-01 2.534653810253293393e-01 3.976397991803450882e-01 7.161511832806105593e-01 5.855274970432556847e-01 2.633342641371051451e-01 6.542574723183898211e-01 8.022971835446011113e-01 3.310422787644151654e-02
3.417230604210054201e-01 9.603344293423321520e-02 3.154938714149617685e-01 2.732867316152914894e-01 6.161721799724861892e-01 2.422780505387909233e-01 9.769695101552262617e-01 7.919577822604689787e-01 6.792397171853797877e-01 3.036265615056064071e-01 5.715705472744720961e-01 6.761603885071885145e-01 5.567245318500786411e-01 2.121274111989454036e-01
6.488021680265865232e-01 4.639853608447670474e-01 6.181557509507121795e-01 3.483272216417462319e-01 9.147131206554439675e-01 1.993538655198461296e-01 4.585845409731237332e-02 5.521062152058520134e-02 8.902649923327079495e-01 1.380155366553927898e-01 5.006809198767041558e-01 3.255926032019317296e-01 1.026423975994370519e-01 1.784545494265826759e-01
7.941716384900066039e-01 5.819122469925431806e-01 2.592373197405138940e-01 1.697277804907926235e-02 7.981042928705739392e-01 6.474441012654519323e-02 2.838511892195644259e-01 9.260193381646520949e-01 7.931482697570602092e-03 2.491271472569379641e-01 1.159171037777860791e-01 8.170402536263134952e-01 1.704790669198914532e-01 3.678894924927554877e-01
1.912269023504757914e-01 8.068669335070199899e-02 4.344315699509229134e-01 5.187491002921392758e-01 6.034112363089142450e-01 6.753714386255355029e-01 5.669232656625498024e-01 3.303197159167746699e-01 8.818933808107977113e-01 4.474868247629160134e-02 1.376438794097447627e-01 8.884747314072446445e-01 8.218559375332311623e-01 2.692069408065526082e-01
1.380961794557831190e-01 4.154179478126683867e-01 6.325028620997864559e-01 8.537421628567445353e-01 9.347519601274351109e-01 1.815672834342324515e-01 5.810358457640543151e-01 5.503612921608301845e-01 5.563497570377019530e-01 8.821137053861122235e-01 6.354378077800488800e-01 8.138309306944205845e-01 1.849296349776051729e-01 5.412620290525688160e-01
9.536157208282948217e-01 8.134840965647178734e-01 4.470245004750859064e-01 6.592086584564382790e-02 8.131270341027696524e-01 3.359660524003779125e-01 9.473147605707058494e-01 2.989546148538527737e-01 9.315501939325495639e-01 6.005446446030855423e-01 7.588276930035593448e-01 9.255136709165623365e-01 5.991903142637138302e-01 1.349214033360097709e-01
1.869639640823193005e-01 5.352955600006481518e-02 5.692026939897967264e-01 1.222069602027009427e-01 7.406666615149576360e-01 4.584393795592905940e-01 9.363139153064822251e-01 1.629670171030503933e-01 8.477903246592269904e-01 2.780802140766091002e-01 5.760066156715420993e-01 7.654364701116284087e-01 3.045038235762702605e-01 1.201147687130726949e-01
9.387570825162738775e-02 3.628721328197397344e-01 3.479027975438817588e-01 4.724039178794896543e-01 8.223715040581092151e-02 5.209919515271621560e-02 3.500672440768354265e-01 8.501620885274019379e-02 2.530907347927993101e-01 2.658197026981583555e-01 3.873011983386476231e-02 3.480089705798715682e-01 5.164016187384813383e-01 4.047776618026387441e-01
3.400970751352838661e-01 5.772098356939749930e-01 9.672557153331555746e-01 2.187545189399447976e-01 9.522083881670919681e-01 1.732342533930102402e-01 6.596978227042885612e-01 4.930309433070068081e-01 1.887820427531893275e-01 5.260189390722624925e-02 2.973451580345969347e-01 4.431706481461938907e-01 7.200274000046473777e-01 7.631657595881944367e-01
3.757816034150744944e-01 9.997643162906256764e-01 8.787405342139253950e-02 5.482977425280406436e-01 8.938032680130740815e-01 2.511240250631098236e-01 7.463763674674384063e-01 8.157046744147946615e-01 4.376563300520283084e-01 7.296780529957014316e-02 3.647376641714084045e-02 9.345660106626239028e-01 1.486423328006677425e-01 8.040962175972434789e-01
1.644099993090682998e-01 9.783964232198634203e-01 4.004748340470277723e-01 7.588069779791806191e-01 4.430214105772070088e-01 7.613418715814512794e-02 1.089430928393536613e-01 6.607176285858097353e-01 4.518564813867023133e-01 8.109725340425008033e-01 7.345931185125147422e-01 4.630768615097400343e-01 6.536081866719247735e-01 3.954696009779720134e-01
9.133199856006031236e-01 3.850558364607398198e-01 9.382550508740536976e-01 4.043382090265305040e-01 1.473517851566646941e-01 7.612913484997196889e-01 6.489901330279437275e-01 5.483490934187633670e-01 8.016056261851713938e-01 9.942312415075655885e-01 4.637828926503928528e-01 5.344087594076765146e-01 9.932982612519293264e-01 5.900167716588062827e-01
5.399395283021339864e-01 8.171821801923011552e-01 7.953851863809746625e-02 2.816579877036038404e-01 2.082916385079902621e-02 8.701805666267991013e-01 5.535926299422089247e-02 9.701495374715788378e-01 8.553096699926430180e-01 5.171265316469642048e-01 9.479824513317763879e-01 6.644922785706547375e-01 7.644412019181084927e-01 7.478486469183950325e-01
8.396447598478132823e-01 3.414042099083599568e-01 6.061227742303056942e-01 5.042793485365808515e-01 1.170470509514770496e-01 2.741455837582483790e-01 1.819973126009865050e-01 9.319005629810805935e-03 5.018584923127644704e-01 3.858043585793525798e-01 2.769680527676834370e-01 6.395304083586613730e-01 8.645031344476786783e-01 4.141363689941165438e-01
6.115916750237297972e-01 8.141959980559414500e-01 5.872733721038339016e-01 2.957566298019725926e-01 6.596718866426557470e-01 1.419117936254947754e-01 5.079611045134010405e-01 4.304413526128473277e-01 6.185550597324371846e-01 5.158702855092037742e-01 3.963485259662720139e-01 6.306174749407349456e-01 8.314924021059787451e-01 7.870692417085843884e-01
1.788285284287546295e-01 4.166478020584758468e-01 4.583275749084755324e-01 6.798786066331499178e-01 8.840544670255854331e-01 6.752295848479318296e-01 5.953869907725981570e-01 4.894551948777093875e-01 1.897616323580709752e-01 6.590357056549770443e-01 2.490931261415700870e-01 1.431336310025295155e-01 1.609655319701164267e-02 8.880483118472355386e-01
9.000441753932652000e-01 8.336484095364640190e-01 7.779513177751510300e-01 7.775955678300739971e-01 4.915622452669934361e-01 5.868171075900783240e-01 1.361901592029124419e-01 9.122986120118015130e-02 2.714460047220048633e-01 6.850791180047111073e-01 3.439178353846553682e-01 6.908150751269124257e-01 5.757780189505981028e-01 6.224082311705071424e-01
1.209518318053944830e-01 5.837294158527277510e-01 7.869025540658196594e-01 7.696332478808494137e-01 6.718106245169697122e-01 8.853613917658519350e-01 1.451098963854091650e-01 2.634845382440049733e-01 8.040551486169215112e-01 5.224416468890805687e-01 9.410770132246237818e-01 8.278724725590144162e-01 9.599529744685803001e-01 2.311650234298929796e-01
5.480295937316650434e-01 3.086778070850498823e-01 6.129403340129311317e-01 6.500678447741271571e-01 5.432512818118335751e-01 9.491242020748820174e-01 2.708510854698306103e-01 9.462379143902938106e-01 2.838679250106205254e-01 3.849088537560861889e-01 9.020056260227971023e-02 1.259356902193775607e-02 2.920159181064222453e-01 1.293774770785599548e-01
7.604343878056650796e-01 6.284650538485976323e-01 9.568827682532556889e-01 3.580263240608081432e-01 3.139683777559514333e-01 8.430409982379351019e-01 8.774657538024280834e-01 8.558707373415503916e-01 4.105754958963120371e-01 4.763651707900099508e-01 3.474400757423417030e-01 8.112579797310697227e-01 6.321977766741571081e-01 2.138947231249377356e-02
6.806595472192770169e-01 1.722225998870317021e-01 7.919506417003943088e-01 4.504517534368227549e-01 5.941318309573442313e-01 7.548290300524534979e-01 3.690576971342018897e-01 4.655253517795329143e-01 2.861891001700606063e-01 9.753557583859995272e-02 3.871920066630030188e-02 6.841049309035696080e-01 1.944195505135467572e-01 6.844720300191794449e-01
8.130249769869700716e-01 5.716198203214336582e-01 2.649380879016239865e-01 7.973551235446871832e-01 2.766288456777908911e-01 8.527474384837336885e-01 6.436960501799701140e-01 5.395551632446327073e-01 3.400087594194118878e-01 7.890873653089081063e-01 9.101760611295341974e-01 4.669849142674531439e-02 1.810875701884002709e-01 4.929896527993937738e-01
4.316114549208366347e-01 9.436523766048858786e-01 5.269157931628312141e-01 4.837459574312971133e-01 7.905576878107484218e-01 3.590563068419915238e-01 2.401319822461056575e-01 3.610327315147922045e-01 5.948962476374222152e-01 8.869603183145685632e-01 4.577452013755819449e-01 9.773265485604862857e-01 5.489043148674769279e-01 2.639689624483559927e-01
8.885787237282177786e-01 1.343635192099362774e-01 6.276359959392364685e-01 3.640116641360360283e-01 5.065627111137135374e-01 4.374529888041567283e-02 2.701451216609511707e-01 2.502976101687177657e-01 8.080885878728707450e-01 5.637190701521526126e-01 4.040778159550806325e-02 1.082429354182234960e-02 7.326440433693061083e-01 7.060137556213480492e-01
8.900932563300956168e-01 5.100687031264885540e-01 7.170287839188382861e-01 9.864863368863809878e-01 9.370204755978950306e-02 1.362508678129527029e-01 9.311569125186921481e-01 8.033718133231916303e-01 8.649081981191524271e-01 3.246670109598037701e-01 6.112167924082886339e-01 7.403831510538119165e-01 6.301424117439086148e-01 5.626751144235665469e-01
5.254101859716089340e-01 1.506294174087358106e-01 6.522541688199998688e-01 7.788189185053850938e-02 2.299954887613597787e-01 1.563431363958931453e-01 9.714677547750338871e-01 2.997150590474058074e-01 6.339294497282134122e-01 8.123039146147984502e-01 6.816633569405362580e-01 7.006970343310009453e-01 2.029034208320339427e-01 3.363036743029834685e-01
1.811261586979150406e-01 6.226355938905387966e-01 3.782383627691738859e-01 9.555676243252256841e-01 5.282256447738195027e-01 2.233447070180081262e-01 3.558421375585522073e-01 5.756757894058944780e-01 3.777476602921486792e-01 3.530506051639503706e-02 1.163122091211220566e-01 5.814432902957890059e-01 8.479689850593775668e-01 7.296006729583256467e-01
3.014995201940384728e-02 4.039627049528824454e-01 2.241305135151475669e-01 6.845842819829031090e-01 1.305515304108517682e-02 3.202314845581063496e-01 7.037654700501878580e-01 8.868622163664968694e-01 9.440575934593541385e-01 2.403582468685734330e-01 5.390296957775391196e-01 6.916493445243787619e-02 4.924780728961896115e-01 2.327320856934766979e-03
3.521977163532786781e-01 8.525370258467238616e-01 2.260869114981712835e-01 1.609210779777671130e-01 5.897572396780272896e-01 2.785475670097704581e-01 6.243581393420621906e-01 6.622660987300384994e-01 6.569103016458930355e-01 6.076188012982516318e-01 2.403649607027686930e-01 4.075801568921294527e-01 8.861688647705652233e-01 7.030892830102025703e-01
1.808744553926255882e-02 7.149178152671948894e-01 1.860564866029484898e-01 4.302232387642274114e-01 8.958139893431554812e-01 2.541917778225118996e-01 6.591622454731221881e-01 4.179090442419615137e-01 7.928800001926338270e-01 1.678983349526698143e-01 7.817381300440806591e-02 6.101581034424222727e-01 7.028638184323727778e-01 9.612135678417317308e-01
3.442348218024291473e-01 4.130650511276908743e-01 8.888974826268718488e-01 2.130223779892915781e-01 5.198921955828936792e-01 8.119969613693245325e-02 5.906072701285733917e-01 6.348827246314396877e-01 2.462442855981744616e-01 8.139965807756726068e-01 8.299656151174454877e-01 8.294473932769155233e-01 5.842827951932196839e-01 3.676484610855967894e-01
3.032081900785243977e-01 5.410725719037045023e-01 4.606318283964682125e-01 9.812021664539737342e-01 2.542096507424337348e-01 5.941947695287829179e-01 6.158403868387585245e-01 2.278535826925022212e-01 9.286346192553064371e-01 9.293238079381697103e-01 3.047442498750002615e-01 2.054540731397856979e-01 6.799485009357405518e-01 2.184490097634217420e-01
5.218722056332868453e-01 1.149529221228158260e-01 9.086472959778203462e-01 8.554448942898408292e-01 3.982000292844042333e-01 8.082983973443466086e-01 4.457768829894630525e-01 3.028976182273436235e-01 4.480829408173210293e-01 8.240828246683810088e-01 1.426470417348147945e-01 8.222491897052722765e-01 9.527078802660682300e-01 2.944742025519081485e-01
6.338749210364063025e-01 5.923569774686211487e-01 7.703095468496431453e-01 3.820577784251077968e-01 5.982994554180431912e-01 8.559215992805785378e-01 8.848021385876252420e-01 2.592907641441182243e-01 5.083201867548302610e-01 5.833101889814853447e-01 1.321967963717279870e-01 5.403132587296325395e-01 4.883957497777849932e-01 3.052701437683671415e-01
7.741984213180308494e-02 2.291410864047526141e-01 4.719547691845582538e-01 6.979573900429902888e-01 8.397869675966330716e-01 2.695724734811599799e-01 3.834098377181371919e-01 1.258443255645756986e-01 1.947468683726346628e-01 4.970640015498806186e-02 6.172072621284522276e-01 8.091200433900481714e-01 4.679531620804100456e-01 6.745827192737622324e-01
2.925789855262370676e-01 2.416648457808139305e-01 6.023121631425081279e-01 6.723228055656333968e-01 9.099527149550887817e-01 9.683733425530469674e-01 3.598105759742991072e-01 8.683398973164079271e-01 7.857931468401340158e-01 1.112104606000363649e-02 1.377144040410839265e-01 2.764983515369554556e-01 3.820643518694841756e-01 9.789070868726001962e-02
2.429307370475766170e-01 1.056079004008092515e-02 5.485781542356665819e-01 8.339678739828918497e-01 8.814428013304558274e-01 9.141109683141690478e-01 4.289742005566354877e-01 3.705734729959642149e-02 3.022349497439356103e-01 7.375537723257714617e-01 8.135128528029549333e-01 8.190217510278451352e-01 5.034736833220129215e-01 6.324869540654944888e-01
9.034392681974303674e-01 6.923405422133993570e-01 6.762931217031453723e-01 5.055039240476189022e-01 7.941484650519199384e-01 4.882457876856143297e-01 4.549615600571583762e-01 3.299273803513356196e-01 3.396987076229466274e-01 1.867851264274457135e-01 6.069856008490671639e-01 7.787129731438748870e-01 1.655011360727437486e-01 9.549188363610866537e-01
8.853790935141636620e-01 1.429056092204404882e-01 4.373056694587211801e-01 5.718762398163670380e-01 3.314027723256156577e-01 5.099596647945253691e-01 8.227319744519883127e-01 2.489601956026917806e-01 1.433656406398454708e-01 5.888046644156513798e-01 9.583555834549853936e-01 1.973317887987425800e-01 8.968135882767946931e-02 1.712115957882656136e-01
7.670039535954791265e-01 2.072715216594311904e-01 1.070983541090468893e-01 1.679508309535597821e-01 5.455646019637198085e-01 9.895646920607291674e-01 4.913481012302668427e-01 4.383619192649231833e-01 1.196435081219782148e-02 5.637103055449370625e-01 2.356714470914318404e-01 4.927086139406826604e-01 2.400010401526738724e-01 9.750172059906230260e-01
5.898876444765173144e-01 2.707243353758403970e-01 5.563328296276742746e-01 2.133966906969230193e-01 7.827385181574216810e-01 4.057419753306867882e-03 6.228197971214133322e-02 4.817827894319363091e-01 5.938475979598721866e-01 2.258432216045377361e-01 4.853578044456001717e-01 7.988475704979867142e-01 9.834255878148082664e-01 8.012182737833728474e-01
5.553695476204990600e-01 9.448063615610333699e-01 1.497535693672813473e-01 1.892017560192749137e-01 8.025080207395329790e-02 1.093633925392428763e-01 3.451641838103863824e-01 2.020486499806348757e-01 9.276195592066992512e-01 9.506287829793413913e-02 3.778923118874427667e-01 2.647049462733835901e-01 5.432016868123735742e-01 9.273398514517513513e-01
3.023519361064255229e-01 8.324891033325985124e-01 2.269409602413100524e-01 7.379431027977022550e-01 9.863430603849102640e-01 5.714833729419843689e-01 8.218667464066061745e-01 8.930405946062476286e-01 3.916806369032949098e-01 9.451503653567560059e-01 8.885560990588214914e-02 9.593104618354236779e-01 3.220358698032405043e-01 8.981070118040944683e-01
9.832190745000712884e-01 3.456445003504116098e-01 5.588784588044635182e-01 7.458052478082877190e-02 9.580300339208486227e-01 1.748515483968084983e-01 5.062572138701584290e-01 6.184966912889076074e-01 7.938216889838410895e-01 1.545742320873575437e-01 1.848172304758313178e-01 3.335115767144509746e-01 4.287126970029890849e-01 8.183639922013474788e-01
6.131073208940327479e-01 1.272683016438436177e-01 3.449221790524932274e-01 6.389193158353458912e-01 4.077436149829136713e-01 7.243481154463980998e-01 8.877883421661749708e-01 1.618641447412572099e-01 2.007726805269838266e-02 8.588666730612840583e-01 6.452795869588143773e-01 2.901137797027553145e-01 4.650141783655904471e-01 9.745179861573033397e-01
3.490638858245818099e-01 5.157750910625712448e-01 5.150169067591776617e-01 6.810878617121647327e-01 2.176707673928408582e-01 1.152403739355123413e-01 1.604598173084641477e-01 6.504013440627773868e-01 4.813236827245083171e-01 5.127835817323411760e-01 8.504221091556307677e-01 6.682018837067874584e-01 8.635340708704941637e-02 5.956578393473329625e-01
1.716759529480764712e-01 8.783258031878398153e-01 9.261617245366425832e-01 8.160443991906886074e-01 3.315491117263560383e-01 9.262335045220798646e-01 4.416983820585669296e-01 4.233619761215461352e-01 5.570597761032654027e-01 2.994571143140172254e-01 1.189056409003445003e-01 8.486597213675852736e-01 4.354017511104503191e-01 8.973231433327198969e-01
4.618005253597112780e-02 9.219464982716596424e-02 8.488501042709843958e-01 3.789710585930405884e-01 7.408875689625961103e-01 5.711969257737420369e-01 1.308818044235146028e-01 2.372321615793220317e-01 9.099962129501339980e-01 1.726111324686482318e-01 1.176477105274068569e-01 8.563459014502757816e-01 6.523737997166330072e-01 3.677261779744243064e-01
1.188177752329264703e-01 9.022745605237096900e-01 8.451707033759954246e-01 5.956965611566497065e-01 2.628071019819029353e-01 6.849709299421778974e-01 2.667988026309494609e-01 8.818669868426712855e-01 1.944640939185856565e-01 7.613280674160320949e-01 6.438292111350719660e-01 8.288281686404307402e-01 3.242603169370054106e-01 5.660938572347564701e-01
8.841930362282203193e-01 9.339874077207175329e-01 9.129425424852825044e-01 6.330781129295701692e-01 6.107663857844050082e-01 4.130636087505948906e-01 5.060301425056435987e-01 8.790074283953175360e-03 2.588517242638856963e-01 8.478212792617889626e-02 4.080569149912751659e-01 1.938585624754324277e-01 1.504954855817675075e-02 6.251719760674355753e-01
5.153103277294703854e-01 2.225968755814501376e-01 1.655304798072295691e-01 6.606562317465778378e-01 7.479187797820966432e-01 9.678471539702233617e-01 2.673980837264665622e-01 1.111349347226735507e-01 6.575440866681204755e-01 3.495207706571316075e-01 1.838213960356601673e-01 1.882004766646625527e-01 5.870601875058856223e-02 6.340232138602499568e-01
1.228237039124639995e-01 3.997674686019969670e-03 2.715502803681654198e-01 2.226896392016263215e-01 6.524618174992579123e-01 4.261351656269979360e-01 5.230865038171410575e-01 3.675849073937772493e-01 9.678124800977557785e-01 4.271818504367872471e-01 4.580338458559661818e-01 2.189182180229221064e-01 4.322321343868938959e-01 7.338201248460402004e-01
4.144739056725569304e-01 2.575654171766660339e-01 3.530911083293533093e-01 4.749977077686412530e-01 9.579384855860322290e-01 4.116975161740401568e-01 3.277315913138408865e-01 3.723365103361262474e-01 2.305266293875209982e-01 8.973526733791338250e-01 8.822541978723420497e-01 2.171918332912536886e-01 1.733424555899355513e-01 8.954938359248633128e-01
3.619134975872572157e-01 6.601978455884353059e-01 4.489674484797002707e-01 9.600896472917007651e-01 4.201924732921406003e-01 6.737432396717388805e-01 5.570920416081148741e-01 3.519197746693586426e-01 5.338233994523837733e-01 9.307152684573259949e-01 4.564067328638304888e-01 2.454333259371505038e-01 9.736199439618987705e-01 6.372270103467856384e-01
1.671158987380441108e-01 5.199049294308073499e-01 3.570467736165465755e-01 7.962715198799593663e-01 7.120360349643058973e-01 8.012716795654629687e-01 2.884866173116105159e-01 7.540948214093505797e-01 5.017658383267888933e-01 7.539137664825903418e-01 9.696676500719818570e-01 9.000249357407673623e-01 9.222943703908970114e-03 6.023173476733045817e-02
1.995921848310462376e-01 6.294031406102330584e-01 9.139946952682169723e-01 9.580973405430498469e-01 3.859147848493560407e-02 6.781735061692415467e-01 6.618373040481495551e-01 3.947395851966162272e-01 9.501724837254754696e-01 6.037611498395047960e-01 9.789602332402596030e-01 2.091046918458180359e-01 2.899971655272517435e-01 9.342008370884773427e-01
9.805548194886709590e-01 4.192197243597460821e-01 4.928078827031656672e-01 2.645622499449552523e-01 1.848981102399861465e-01 7.498045616720051543e-01 1.349321176824901380e-01 9.943658690707293246e-01 3.577135293464314136e-01 4.240726889847066250e-01 4.729066906867807063e-02 1.719363011022352339e-01 4.784207498606507514e-01 4.897573571224574929e-01
3.890734045120192164e-02 4.980940320288839152e-01 3.611561429389442690e-02 1.037849482316234306e-01 6.663777037541929182e-02 2.582228989605392933e-01 7.515433133191129489e-02 3.896887415620665651e-01 2.280064401312389410e-01 6.826165185004214875e-01 1.637801150366438030e-01 2.130113256455236082e-01 7.139574297486920296e-01 3.529939035581948215e-01
3.790363299426181554e-01 9.569075037255703187e-01 9.167548129295018944e-01 3.202161312488599476e-01 5.191002203325529862e-01 6.799642834055078522e-01 1.920400442107234040e-01 1.040089144484145356e-01 7.082439130554520901e-01 8.513793405358682786e-02 8.047962382105192658e-01 8.338537796756650966e-02 2.100171938427221052e-01 1.237695162722772801e-01
7.150668374513180492e-01 2.945061819575145456e-01 5.945597834072059440e-01 6.871641802501319285e-01 2.204512734096257809e-01 3.508511470665235388e-01 6.503564033248026011e-01 1.947081479059157294e-01 4.189112800846584994e-01 4.789514533980393507e-01 4.732074221830623317e-01 6.011085270487330767e-01 2.494933885105775628e-01 3.803924687892185075e-01
2.703999117689455112e-01 5.409727290196046923e-01 8.506312429384340623e-01 4.613765927721205085e-01 8.144624077053080891e-01 4.442853105013250259e-01 3.849343727100278389e-01 8.460550430776776487e-01 9.606987618855730160e-01 3.175393841595768318e-01 5.013884887698937254e-01 3.430798064779589929e-01 1.425996238781205294e-01 2.802872240730752695e-01
9.903104807619926842e-01 3.028461199708842866e-02 6.356816735938495277e-01 5.941050992138977582e-01 9.563273160429496267e-01 6.367026789730391156e-01 3.135975785076673406e-01 9.641395247293500503e-01 4.835348518977189425e-01 9.201746447995200473e-01 6.354073706513116981e-01 3.299976262325151621e-01 7.166981806169085978e-01 1.690907510279444637e-01
7.610264568554825360e-01 9.274233474158805057e-01 3.141371662051410940e-01 5.653191752123472025e-01 4.303333595028240310e-01 5.498682544193220778e-01 1.198015369176538281e-01 8.021383123638049506e-01 2.855525941451219074e-01 5.648757265109786152e-01 6.610511947870703064e-01 5.715231024559520590e-01 6.833632335854760154e-01 4.842766637257341911e-01
8.852716623423879660e-01 9.190503073520994715e-02 3.224834086957708568e-01 2.943598629951427181e-01 6.584115085449454563e-01 5.632938346994755818e-01 5.987390667193225324e-01 3.881620152453000294e-01 1.259881036340191329e-01 2.470838221480701202e-01 8.407743852980387178e-02 2.014594141348524658e-04 8.641987898699889925e-01 7.763547871195017880e-01
7.377463575341853819e-01 5.149941893383581659e-01 7.086903506717062706e-01 1.758268533750294571e-01 9.457945822460354091e-01 4.641508086910584030e-01 2.966926328332126772e-01 2.231505213670698096e-01 7.309673282083976043e-01 7.454735492523952844e-01 9.210471958105599377e-01 7.912959630494753593e-01 4.512107982262550943e-01 6.513182877237917445e-01
9.583153850361957327e-01 6.401553596154034853e-01 8.857586158960639722e-01 1.967540647713130753e-01 6.788475613700769573e-01 9.392167871918656319e-01 3.607551447188128702e-02 5.640750144278302569e-01 5.624553933790205074e-01 5.418636680763869728e-01 1.581705290276914644e-01 4.473006745398852013e-01 7.106943836156340844e-01 8.187374578185756535e-01
8.466239482035806674e-01 2.481907056738338335e-01 1.461495338722449411e-01 8.896165275667670125e-01 7.671607847204610087e-01 7.860747774614249561e-01 7.468789346497375359e-01 2.497502725970602855e-01 6.032502087486878439e-01 4.181990931019317070e-01 9.965910087845676335e-01 7.448940621709008170e-01 4.385441916267193152e-01 8.920901689873569351e-01
1.854264133847361995e-01 3.284587016005080518e-02 8.148795660371119798e-01 4.703101087750100051e-01 2.213575443705280144e-01 2.850060521980287698e-01 8.275309041164355950e-01 2.251657228482895068e-01 7.878290423072987769e-01 9.831022864985136112e-01 7.868693481996072991e-01 2.205489647028981981e-01 8.471228249923989928e-02 7.526786203847962708e-01
6.528692232078248114e-02 8.595174060358919954e-01 1.881355725647091415e-01 9.556173157473488722e-01 5.384162549202505810e-01 9.252616145306465922e-01 3.998247928704111720e-01 8.040762466899634697e-01 6.061919806372495501e-02 8.806163923190539755e-01 3.773940026775483014e-01 7.398775879837368175e-01 2.356165372460625740e-01 6.156371458657833307e-01
9.437135030531702551e-01 8.033379823109543239e-02 2.834237594191260090e-01 8.298874449423903066e-01 4.270513474497574791e-01 3.590479534859019051e-01 1.978610940490582726e-01 8.494393461079663421e-01 4.898591432016746738e-01 1.655412274808754081e-01 7.584232090744136290e-01 3.800496426834326646e-01 1.635616969912259133e-01 2.239124451232018531e-01
4.208712426322814837e-01 5.038596780807650388e-01 8.041920464007978886e-01 6.358639766938402049e-01 2.027850135846758217e-01 6.765487159291654340e-01 6.436659626961460656e-01 1.536189452969798364e-01 2.199024610673813163e-01 4.003297101954295112e-01 6.115155045926603528e-01 5.324643958817593115e-01 6.838336142423221409e-01 4.931381283040603414e-01
5.710847574377408975e-02 8.600458157093127110e-02 4.409009483514181316e-02 3.624011985996491436e-01 9.638830354028344871e-01 5.625129314134799108e-01 9.422587900338897926e-01 1.743258374272474986e-01 3.512249361421844185e-01 7.564659227735952562e-01 5.874773574647129681e-02 4.534014809556269343e-01 6.785079114882303086e-01 6.497018134622716268e-01
9.504743255018358594e-01 5.522704857557499958e-01 7.497872161654168810e-01 6.823471000048033641e-01 8.661344825394995395e-01 1.673656945024865061e-01 5.154780745769087513e-01 5.579171464921054424e-01 5.807861174204154153e-02 5.333431099944934140e-01 4.349055946008330009e-01 7.090221524705905276e-01 3.069799214703387014e-01 7.523520527627214349e-02
9.861701774606489446e-01 5.827705494542073650e-01 8.129602343442751122e-01 3.791561244766333827e-01 1.859755076247804340e-01 9.284554479885251954e-01 4.051145644096465492e-01 6.343581991203250947e-01 6.664310323717772544e-01 4.096382245541438927e-01 6.247151175063745399e-01 4.351297667248456014e-01 4.275654932726170587e-01 5.437812794653416049e-01
2.523266713840812692e-01 5.141789238624641101e-01 9.162326342934287160e-01 7.351783036908158264e-01 1.176883776018897709e-01 2.382870734747905006e-01 4.389102743801176487e-02 9.916220782629984187e-01 9.383291819996162353e-01 6.686672493750704938e-01 3.326106292023479627e-01 1.844823413328826600e-01 5.215649119320435734e-01 7.567652446239492292e-02
4.763773412024987497e-01 8.288798032505201308e-01 8.625095218973406475e-01 6.771568612576257529e-01 6.585609265685299363e-02 6.120789424086918729e-01 5.048356414429170380e-01 2.252841271900279940e-01 1.130905762685633364e-01 2.338107188700341288e-01 7.977492595545994103e-01 5.531655086457569759e-01 3.597156883973388064e-01 1.198561086579622570e-01
4.630154610605422549e-01 5.611049783515069667e-01 6.779613079161858069e-01 3.758294167230524785e-01 8.943955012841326990e-01 4.793062279637765322e-01 1.256684699208497902e-01 8.740126248288452304e-01 7.296547794481145210e-01 4.638101043502322884e-01 1.083521962098858982e-01 2.505134868668377202e-01 3.719901105041891753e-01 9.734332110234618085e-01
9.924252053155735442e-02 7.995107806928559713e-01 3.834791515172590870e-01 1.507907574902489500e-04 8.518817632755106839e-01 7.778619900662836484e-01 1.935433557936135918e-01 6.620127274264984152e-01 6.744996781586297674e-01 4.405921090597277878e-01 8.548959760182971435e-01 7.306652543953673362e-02 7.726350382996834965e-01 6.878286289038533230e-01
7.312002366776620965e-01 5.302294087912378107e-01 6.828132194053797566e-01 2.499805975181234041e-01 3.437693717366639978e-01 8.614273874111919582e-01 8.062493428965906705e-01 1.451802282634850894e-02 6.795015572571408979e-01 8.124310196803097295e-02 1.049853810503622586e-01 5.947444915323896186e-02 8.639841751668660974e-01 2.295953446731489045e-01
9.681177010696995211e-01 5.882877340309872194e-01 3.766364303932698832e-01 8.709289646137040597e-01 6.481239477494539214e-01 4.583730099978957639e-01 7.533499322321592917e-01 6.095610332890170069e-01 2.076951996995696215e-01 5.234170877460279092e-01 8.801777882881067772e-02 6.303219251471129381e-01 4.167621496862504715e-01 3.859286267625144928e-01
9.287057776174468815e-01 6.863231370724648395e-01 2.684690107840194129e-01 5.547963879234436568e-01 8.121454328360967478e-01 6.188892377504728870e-01 1.985120217656436425e-01 2.370952034475766190e-01 7.566451814422375799e-01 3.956519585970591502e-01 7.823621166426304452e-01 6.723021453138243730e-01 4.868578467042493640e-01 6.964897899291642158e-01
1.126977342650332670e-01 5.599478059965028454e-01 6.864599302902126832e-01 7.723985844917192756e-01 6.805601053058039085e-01 6.513883607593607961e-01 7.283502811919295716e-02 1.790496308069821074e-01 2.126035231929643832e-01 2.496186346421641611e-01 7.657366796707020251e-01 7.736024392140564698e-01 3.735433929469392789e-01 1.806916484617308027e-01
8.341101868257142504e-01 6.827901558421506367e-01 8.504379624623357170e-01 5.310304498883211544e-02 9.322117879412696873e-01 2.881677205003257969e-01 8.414234911874237666e-01 3.964056735033486545e-01 5.944016246722504393e-01 4.923980046832745483e-01 2.058559541221248734e-01 2.970939938674739267e-01 4.760611491589228361e-02 1.207509330994142038e-01
9.914331617562903709e-01 1.826633585156934858e-01 8.135675457624252926e-01 4.544974455597343699e-01 7.248868075910991360e-01 9.388425103979015640e-01 4.104768689950490934e-01 4.713324674844668882e-01 2.060089320451088390e-01 2.324798930464582192e-01 3.945663766929738969e-01 6.139586032193006249e-01 4.509071991162555415e-01 8.683314603267020537e-01
4.215490148491896072e-02 9.803091730472407450e-01 5.403104139498654535e-01 2.401281116386865255e-01 2.124921557583153708e-01 3.517244278589390927e-01 1.602289310247790866e-01 1.426186023661537572e-01 7.135692433546401148e-01 9.797119153417299664e-01 5.862981364482610092e-01 4.103503672201569419e-02 5.837696545426840355e-01 4.400817370217546820e-02
8.396130240225563313e-03 2.898340704093445019e-01 6.670315060994865819e-01 1.470878123790604342e-01 3.899855698403165150e-01 8.074786332371732822e-01 4.981857875298106864e-01 4.566160932119045501e-01 3.223304198083197791e-01 6.385186677828169621e-02 6.192283186610729739e-01 3.128010780842649385e-02 1.827148864439803733e-01 4.543197113404844334e-01
4.308191295405928711e-01 5.581222230710016774e-01 3.979988336479145516e-02 6.550554005151941750e-01 2.931885061770966860e-01 2.219494536699075926e-01 8.032822170342636126e-01 8.065421374553949363e-02 3.277622652550784554e-01 4.229937682812104915e-01 3.990311852342358634e-01 8.819936178219885958e-01 5.392398719226794146e-01 7.504031220377734845e-01
3.931273391829561703e-01 7.357886542116292006e-01 9.952793969772202320e-01 2.607987004937806219e-02 3.933812385396021627e-01 3.457610210981190146e-01 1.486640340042970632e-01 2.562204972359088950e-01 4.100829129162766318e-01 4.560283116747522181e-01 8.348390513197900820e-02 6.873260197797647075e-01 2.383602859015848674e-01 1.932690396908584018e-01
5.938890177552393901e-01 1.534029926189720561e-01 8.073786966425849920e-01 8.489229946067851085e-01 2.252337591545784390e-01 5.541892973353002017e-02 8.678674626357486543e-01 3.621356105681706739e-01 7.399510584854750439e-01 1.666152025002323178e-01 9.069623885433267807e-01 2.729040631446838505e-01 1.609264569078372453e-01 6.236699122315063626e-01
3.978557876140539351e-01 5.088232903975626886e-01 6.280327861358860897e-01 8.038744718830201919e-01 9.175039931502960711e-01 1.081582482890868224e-01 6.106730926883785493e-01 9.624051060988702000e-01 8.412206457627589007e-01 8.250378682673140673e-01 8.285696994883503530e-01 4.047134672514566267e-01 9.710487387278754490e-01 7.849757737087793563e-01
9.710691606055223968e-01 8.226176160596343490e-01 3.254157847113950952e-01 3.343768583622236390e-01 9.389251842664723124e-01 9.612522989573095700e-01 8.144791440228595913e-01 6.034634761690756966e-01 9.276305869583497676e-01 9.732121792021289908e-01 7.489273319486527969e-01 2.791812209014233881e-01 6.843754127903665108e-01 3.522067029969874197e-01
7.399574075720140032e-01 9.640999737614284193e-01 8.240265097072206890e-01 4.775189593889435091e-01 8.096596126216426548e-02 4.813967556592260166e-01 2.364601791911786766e-01 3.038693590280885370e-01 1.712396965090116074e-01 8.885294848320893779e-01 3.992008239734134989e-02 2.072829989589984878e-01 1.249225230347937865e-01 5.838472820832764087e-01
2.910561956710459031e-01 3.889730532133934826e-01 1.520154068356247556e-01 4.985221932245682552e-01 3.435811430698927360e-01 2.825709872661044120e-01 7.969504374536782176e-01 2.020966091400343556e-01 9.160943666185267231e-01 6.992673346808682133e-01 1.290219035847685047e-01 7.467456347103884617e-02 7.270498413669469473e-01 1.620462392546629937e-01
1.632835666996467205e-01 1.837649894272678219e-01 7.578381941743117522e-02 1.581320784412337810e-01 1.148071582012542002e-01 2.515773748322321923e-01 6.289312326000712217e-01 1.511892849154888863e-01 6.792454439536895761e-01 4.470310833110697768e-01 1.822090530806259601e-01 6.622773138724052933e-01 3.997278733416098628e-01 8.519465214602013337e-01
8.968169445560335573e-01 8.742771236357345099e-01 1.960621629952393752e-01 7.707314471190050975e-01 7.779538038276617717e-01 5.051767524362422712e-01 3.837045082281942410e-01 5.227871143685784983e-01 5.661172220098760199e-01 4.670022176400855374e-01 7.734899670439128183e-01 9.230111066408227538e-01 6.695557313567165325e-01 1.056569958427958644e-01
6.081622812100282438e-01 3.505297728223311093e-01 5.442529124289918752e-02 8.981080965562704410e-01 3.336844955084908859e-01 6.509286734336561242e-01 3.427367170890851522e-01 9.334227354699931034e-02 3.644005969016703705e-01 5.927178285075411779e-01 9.115289276171433253e-01 3.847565036918657588e-01 2.927645134159000406e-01 2.551141662941791566e-03
8.506715324797182731e-01 2.848094841158463897e-01 9.462507645442164161e-01 3.314621863230586829e-01 1.056541065362831544e-01 3.549776209227727408e-01 8.100444444426452284e-01 3.112846287515502741e-01 4.544910716172086973e-01 6.552555456735278394e-01 4.928933512957341945e-01 8.833563447460636153e-01 7.122132335254952595e-01 6.624252731128388305e-02
8.011855130425087346e-01 2.474487532170153159e-01 3.672621573393208827e-01 2.059178398113354902e-01 8.644109330429203819e-01 3.590692228825345111e-01 1.972827384513707871e-01 6.849279858128377585e-01 2.174692625315699512e-02 9.686368506462816885e-01 4.073476417802673888e-01 2.339196735853610321e-02 3.416880898179397441e-02 9.978522292123025439e-01
7.454886424868658601e-01 7.413685145122801412e-01 5.802519075431961104e-01 7.389478973033065667e-01 7.060692258031513457e-01 7.547391710009972998e-01 8.476985506090344291e-01 6.789684831674684951e-01 4.185653504220704368e-01 1.994393446755642341e-01 9.387431397692080903e-01 7.933707747859798376e-01 6.547386993347512618e-01 2.489400020321264062e-02
