8.019722738400774098e-01 6.959126078919593006e-01 3.975898725222839492e-01 6.235035921241277590e-01 1.404062359077350441e-01 4.857854445525054965e-01 5.912900421643974003e-01 9.215698459012546806e-01 4.121928370359062566e-01 8.846357700261497925e-01 6.173148554281386868e-01 7.378923748013646033e-01 6.003436156377027766e-01 6.630648700356442937e-01
5.656776983977759299e-01 8.972811486473594167e-01 6.047036628045571183e-01 3.079235355797078633e-01 8.306606206161428751e-01 8.485902210156948122e-01 9.940819792896220530e-01 8.516177419948777194e-01 4.513710864583658777e-01 2.524172111106683936e-01 8.708206798768424184e-01 2.934421101622860517e-01 4.700301065498511122e-01 1.596337301865480285e-01
7.140819561980626951e-01 7.028954792004116214e-01 1.572835988653817907e-01 9.125471311568958965e-01 4.889954808574817902e-01 8.887821374573513511e-01 5.130241033808482509e-01 2.270700019698603800e-01 4.082648039621240565e-01 7.593749120092199156e-01 5.386016342856657646e-01 3.738373197296864792e-01 5.880745146255418332e-01 4.658765581538637512e-02
4.723447049063517200e-01 3.278264593544918393e-01 3.001409620239483544e-01 6.996349068540878013e-01 1.659405089972266767e-01 3.896218596305508486e-01 6.246528594785922817e-01 7.079953014950918222e-01 2.023836140681317675e-01 3.045199073756610364e-01 2.494496690046539289e-01 1.028687010932760604e-01 6.662935182637119702e-02 1.193105059909398413e-01
1.343979069196016285e-01 3.190998525656720819e-01 7.745711901240799335e-01 8.216082150532751927e-01 5.258056844269098917e-01 2.434744524260129550e-01 9.064037925635509696e-01 4.636760174974488002e-01 7.275411708980062953e-01 7.801884452013202464e-01 3.396405469854335557e-01 2.199690317052610533e-01 9.571195461829257178e-01 2.803156847354728587e-01
5.285412917129147514e-01 2.787544762544792443e-01 8.437149927339337996e-01 5.999048334733865229e-01 9.505320875119884771e-01 4.570960038886832111e-01 5.259392346359731407e-01 4.618051115336698764e-01 1.914010476747564082e-01 1.597569532082498966e-02 1.712595418121083402e-01 9.801233433240971182e-01 8.805378038609544822e-01 6.504925015006195466e-01
8.664461354992946118e-01 2.890272325701852552e-01 6.996613823495175799e-01 2.914212249487627693e-01 7.937239834883105249e-01 6.103662301300720738e-01 5.253143831605963099e-01 5.976550301928645892e-01 1.988154140727945718e-01 7.754796401014951712e-01 8.617190500019976662e-01 4.423077014986167566e-01 8.239762232020005905e-01 4.343574105340850533e-01
8.388521490137993419e-01 1.995221683460843831e-01 8.693163420269285346e-01 4.948837968107988594e-01 6.433571535684527998e-01 8.318372491162184801e-03 4.061048301741236877e-01 7.857644795303123653e-01 6.474278857912192375e-01 8.789391982704147788e-01 1.860484728685102285e-01 5.555033081783051774e-01 7.039097454527619702e-01 2.561662250590329704e-01
7.303214105805255763e-03 8.746585064774161644e-01 5.275027020495021146e-01 9.197509503902194794e-01 2.068826791280466981e-01 3.407358405479690155e-01 8.751429199814975135e-03 6.282389050239631789e-01 2.522740214676706394e-01 9.982204396674900782e-01 5.956763265787541339e-01 1.729321677538089297e-01 6.619222477623110112e-02 4.462413614350512203e-01
7.591267221820867661e-01 6.641685280650067025e-01 2.281705337160228053e-01 9.280351887654627596e-01 3.403323658634329618e-01 6.708195973693575898e-02 5.864237656517312658e-01 4.899750652409295970e-01 8.265808539206332961e-01 7.481290817679487892e-01 7.299489453590417565e-01 8.260796799388616662e-01 2.216695905928314225e-01 8.066404526520321028e-01
1.189294932742038791e-01 9.120813021301726886e-01 2.337403215997471140e-01 6.123759756185811476e-01 3.983980228400537671e-01 1.766089330742736108e-01 9.448064942828109380e-01 8.774154484977262358e-01 8.422725688513191811e-01 3.947874186178890188e-01 2.771652596552678371e-01 3.348623003929112052e-01 2.845738339262769978e-01 7.044376071997792144e-01
5.183479600453038127e-01 8.827810274876667362e-01 5.475683737553356245e-01 2.809288059016655792e-01 9.430239577037747845e-01 9.506163755408247873e-02 8.266092999328156221e-02 6.286508718399632656e-01 4.987216121680180247e-01 1.126573621592942276e-01 9.504090973087864214e-01 4.858096416376100901e-02 4.293317495928964389e-01 8.466164696376046184e-01
8.259241795837426459e-01 6.071273603648003059e-01 3.175278765952648241e-01 6.458864926728575817e-01 6.335135433500327373e-01 9.274386531760880903e-01 3.864777407587886016e-01 3.994096388531981345e-01 2.811588848542823094e-03 3.945752398097414071e-01 4.368972022726527182e-01 4.232321124632848486e-01 2.245404709804035281e-01 4.614137771882861339e-01
6.203819547195851269e-01 4.744202202982417127e-02 7.231211669066767156e-01 5.262901952788455739e-01 6.168205227010459257e-02 1.261921707497596357e-01 1.586058805714775088e-01 2.129570642474259978e-01 6.961888724081350954e-01 2.402651173161122200e-01 1.689770850042905392e-01 8.629997702229734724e-01 8.458605701018203638e-01 8.105368215482721128e-01
1.472274160446185309e-01 1.602562908386607754e-01 8.778500625190768236e-01 8.174373497026194979e-01 6.625024952756297658e-02 1.329263543205870812e-01 7.648890041126750194e-01 2.598801788731622819e-01 6.537955472727947637e-01 4.973509624329660594e-01 4.379822366294858771e-01 2.495956703591202253e-01 9.701520478268333969e-01 4.775617875618369812e-01
7.032831788656288552e-01 5.610212250938114709e-01 8.155550289592239377e-02 5.320229763178271343e-01 4.442967770262816751e-01 5.627597743427655841e-01 2.185879016534364450e-02 5.226211304022808646e-01 6.284601234199012065e-01 7.365233667185541178e-01 9.445758836645555823e-01 9.437408802424905874e-01 1.682926082830026315e-01 4.001638527755043695e-01
3.969158298225593517e-01 4.955046423412404755e-01 5.477688006212382277e-01 8.490178756887064582e-01 8.794626873575913661e-01 2.125229772799029915e-01 5.266528267414054554e-01 6.049964449682172507e-01 5.033655389469577912e-01 7.077448338059382227e-01 1.242185773826686157e-01 4.996082352609810817e-01 8.207470074092653167e-01 3.534613585085677467e-01
2.144064576155788604e-01 4.268470117240380501e-01 2.514617982699791643e-01 9.825898013196298075e-01 9.616524155022797560e-01 1.399328202395848653e-01 9.205801706711723709e-01 2.204233793865243429e-01 5.516218473852352311e-01 8.258288045082083917e-01 3.385785156951656161e-01 5.597239607814511464e-01 2.696177417335889892e-01 8.787344475860130455e-01
8.945622614311233844e-01 4.991525485300963849e-01 1.147902575503298994e-01 6.327589302414117212e-01 1.932919588128222399e-01 6.435255992173581907e-01 4.452444030765959626e-01 7.652020911167753958e-01 8.932016951865584531e-02 7.571983937318996771e-01 2.200153273502795104e-01 8.619672654858540062e-01 7.035145741109776196e-01 1.097538902993159260e-01
3.994508162309635679e-01 1.582976927886586838e-01 3.691316717988614160e-01 2.464335682341135536e-01 8.147569648920315322e-01 2.106476480623979963e-01 4.246106483265402742e-01 6.049111854728955739e-01 4.652350537193779001e-01 7.577853105872648376e-01 7.396269220007778422e-02 4.836188201810975862e-01 6.992634650916174088e-02 3.940623388259699711e-01
1.899154981081468963e-01 3.213163186675999095e-01 4.429510208491684864e-01 5.016286802646301446e-01 4.331093991539828325e-01 9.979050917948202315e-01 8.393621406649468542e-01 7.473155034456607781e-01 2.497205975488704377e-01 6.795257515905548384e-01 6.345003677198786107e-01 3.979383721869014234e-01 5.996418848427786941e-02 7.023099025916013094e-01
3.904514744184679476e-01 9.253578899724568263e-01 3.676189329835499731e-01 7.824254619546537892e-01 5.590933435161764553e-01 2.802175674646695258e-01 3.636036606801118509e-02 8.246546440901568742e-01 7.002081445637623469e-01 2.523209654178127925e-01 4.713927095135187484e-01 6.094888836826913847e-01 5.566022035976931903e-01 2.118331926266109333e-01
6.276783845163971254e-01 6.587646367648726242e-01 2.548468824479281913e-01 8.596035852272867483e-01 2.235295511552346515e-01 2.631977006099071037e-01 7.756756000245730309e-01 4.203915362168784142e-01 1.630729624269799949e-02 2.367939093691255881e-01 8.876011391857323574e-01 1.652295432012310661e-01 6.776951834236313310e-01 6.706631926230398610e-01
6.443298785520930050e-01 7.009565390007584940e-01 1.993087004023814668e-01 7.518850376199269769e-01 4.797667340793543289e-02 9.873578968811234091e-01 7.307988805011839117e-01 8.541924906086192371e-01 4.067267761002569815e-01 6.211537865711681539e-01 5.931421635381327606e-01 2.933035648644719551e-01 9.104001946357062058e-01 9.476982952373382840e-01
5.218110042183033981e-01 8.995850160110205884e-01 9.658358347275852740e-01 8.625970419449614512e-01 7.678159031849947080e-01 2.514175180797738607e-01 4.447579661819357488e-01 7.033186327572316099e-02 5.368741951074522678e-01 9.487022256209245441e-01 6.502183758879607200e-01 2.115014843848200821e-01 4.990269100331210517e-01 8.926925672553769342e-01
1.021852936940573775e-01 8.868708657340969026e-01 3.346635099464714269e-01 1.376766268382847436e-01 5.867220524097024326e-01 4.577015702064676228e-01 1.295493748798746125e-01 5.839615240290700893e-01 3.495228344931357034e-01 2.416381178563001830e-01 2.064666626011456563e-01 5.169495480445267521e-01 9.357962060729566600e-01 5.306133788828193421e-02
4.270997355880999935e-01 4.448565647872126938e-02 2.467125508820505742e-01 3.709131629918936968e-01 7.643746871193067838e-01 6.162760791100818647e-01 7.872679463629635999e-01 5.348358884204829078e-01 3.304280675145764290e-01 3.079709552784679616e-01 4.121078944115279530e-01 1.678058042118127924e-01 4.175552403636796361e-01 1.744410912145418768e-01
8.820390735606199462e-01 6.214185433847824180e-01 6.132267670693797301e-01 5.774281823225385635e-01 1.340036994114339741e-01 9.114021228283208931e-02 4.428244844752496912e-01 3.257851959486313120e-01 6.269859265904826895e-01 8.458550411624118359e-01 2.437584763822463474e-01 9.896949885594468199e-01 9.772184563129271417e-01 5.049262788400620261e-01
9.781862412195635459e-01 7.189275970205070143e-01 4.552484820092462803e-01 3.975725327455426061e-02 4.027846118239583051e-01 7.217545162595901953e-01 3.177090590352030786e-01 7.266743213753982245e-01 9.991603376069934095e-01 2.622326130519322396e-01 9.609822153393862143e-01 9.778135482945400359e-01 2.603393348260498730e-01 5.693199400464887816e-02
2.112900634214320839e-02 8.791068353507472954e-01 3.383267100752821444e-01 7.394399496047575626e-01 7.154030168644397447e-01 3.934864003431174373e-01 6.482018229567816370e-01 8.711449711989137645e-01 9.072271468000273620e-01 6.832453402266351894e-01 2.146157789372721281e-01 6.796242366651523703e-01 7.055052144036590978e-01 4.021932380405736085e-01
3.460068271300192899e-01 6.591272692178089532e-01 3.552159666345540145e-01 2.628535895741449524e-01 2.060297393133425636e-01 5.242574361033959240e-01 8.430867785886692056e-01 2.647335934148338232e-01 3.229939007160838038e-01 1.334936132706985301e-01 4.602897568552234420e-01 5.091346331566959371e-01 1.597176916427650584e-01 5.762957891434207225e-01
9.788162845605224982e-01 8.893890917955501463e-01 4.753157384147894682e-01 8.615040217832991010e-01 3.283250541092953556e-01 9.490842297748907086e-01 2.527987022367306214e-02 1.540705254604231023e-01 6.977311550534284201e-01 4.219728670767286527e-02 4.864310628206157672e-01 1.509146333693194286e-01 5.993755133440962224e-01 2.832460177858764361e-01
8.500652459487956225e-02 4.985681997286162126e-02 3.421015857215694567e-01 9.682139999322947332e-02 1.723129463847038467e-01 2.544145879213466355e-01 3.158127945088413657e-01 3.154421622754356447e-01 1.310781752712538717e-01 7.647479408923516520e-01 9.534037893143650910e-01 3.494928585824231826e-01 8.057033384318059710e-01 1.871146709527360397e-01
7.205544448992960982e-01 2.933361996870553767e-02 4.687989743184487468e-01 8.841642444614008500e-01 3.235244760732350899e-01 1.468747241560206529e-01 5.739018054259803492e-03 9.071394660623094408e-01 3.827541573574717582e-01 6.435726946066750997e-01 8.660533822034054419e-01 4.249936156751793481e-01 1.260750487004880238e-01 7.603734450880854645e-01
6.862168868713601766e-01 3.419277968008642699e-01 1.129675873115899565e-01 8.492248613572099813e-01 4.440398736252968437e-01 3.792283905460269722e-02 3.029737319330699785e-01 9.678946850891685383e-01 7.624748770189019309e-01 9.431423843541413277e-01 5.882977359274329521e-01 8.464209107869504756e-01 8.210129248499594690e-01 2.034923827607569846e-01
2.455657542484189770e-01 6.106798517897991108e-01 5.381695047343997285e-01 4.669459862435898501e-02 1.658563530099909089e-01 3.396751256691525889e-01 7.739197930020671468e-01 7.476466999979858308e-02 7.141073125312737968e-01 7.332053150241182315e-01 1.259812158056654585e-01 7.219537067141903464e-01 2.839224341419442910e-01 9.757158346802429216e-01
4.970798361966854984e-02 5.321200853721903545e-01 3.444336932826862485e-01 5.883054247146848326e-01 6.007848389361668540e-01 6.583159624417189715e-01 6.933287017145849385e-01 2.889308945138152618e-01 3.107594411975348470e-01 5.851702538530847431e-01 8.331134111582357837e-01 4.684466333647511194e-01 4.285148560925007288e-01 7.398209287537462764e-01
2.320727561279251061e-01 2.302140410821014171e-01 4.462348459353326913e-01 2.112157453277941910e-01 5.458409526669578682e-01 3.048887202222129167e-01 6.198144969992195330e-01 9.788390262290141974e-01 8.477654340322293702e-01 3.169698822784260406e-01 6.582026980388625548e-01 1.557739249100368317e-01 2.868218941926788945e-01 3.466334727033218988e-01
3.523828911717832302e-01 9.102935851542388601e-01 4.088609618459227990e-01 9.067855032337984733e-01 3.936296760603658074e-01 3.237691561382415317e-01 2.499348650620978329e-01 6.776484499579157328e-01 3.029514782029330000e-01 9.871298133966068811e-01 6.369840812180006528e-01 8.138259565974746979e-01 6.574684487000249655e-01 7.608475320723601110e-01
7.939193325014337610e-01 2.505780396921678532e-01 8.569653600020207262e-01 6.094293723118378026e-01 7.373211378489863410e-01 4.784118854584135105e-01 3.227437850454405455e-01 2.993839714977841737e-02 4.457124968632787398e-01 8.621940270954712160e-01 7.508971512115367730e-01 2.527270355126716161e-01 4.973996899006666306e-01 8.267878489399972386e-01
4.426870508529102688e-01 3.803623172562879962e-01 6.388152996199435441e-01 7.426947556405607553e-01 4.198311095126415760e-01 7.314065931503133111e-02 1.228891702155675558e-01 9.721073270455885540e-01 6.936712309586812175e-02 6.175743523617658326e-01 2.094727015829039862e-01 2.514669460386752542e-01 9.678798216624605599e-01 3.835115522789488418e-01
7.757051202466764828e-01 7.854946464338209422e-01 1.021759392636272246e-01 1.089146313934874488e-01 8.721782224581058340e-01 8.429224956255658707e-01 1.538617149193735045e-01 9.651938225561415008e-01 6.710433955249559546e-01 2.654489663450187997e-02 4.240681830608256098e-01 8.642556932188696361e-01 4.884762982781221119e-01 6.370027932520949676e-01
2.117314951403559409e-02 8.198809393050172645e-01 1.794048761237601042e-01 1.665608920446708385e-01 5.925720709221041771e-01 2.017213569962195141e-01 3.841402079708330364e-01 5.124404310873431623e-02 2.127073105798763519e-01 9.674432270142824253e-01 4.103529845037962032e-01 5.566378839696317637e-01 5.335335556891293018e-01 6.755697913578376790e-01
1.970905853010103126e-01 8.231473863485225806e-01 6.093066308772162598e-01 1.829451924022439391e-01 2.078705704936092413e-01 2.908659921976989304e-01 8.681949614747773714e-01 9.265052286484593003e-01 7.381191733697214374e-01 2.052773347295808737e-01 3.756961535105403094e-01 1.820205132008422266e-01 2.295586620478662354e-02 4.422681617997916703e-01
8.855702362256291371e-01 5.498553228811580151e-01 8.058837432975384241e-01 8.205329382517838610e-01 5.657079074537076924e-01 4.585715112407049432e-01 7.999604125628877460e-01 1.773488325649204000e-01 3.645417628719226366e-01 1.648093183136414286e-01 1.164475744634825283e-01 9.619882881514068007e-01 9.084334064824717281e-01 5.956352881669287891e-01
5.581929049372378326e-01 7.814214027556303233e-01 8.984323245942377190e-01 5.525859964982441364e-01 9.372033413804313762e-01 6.836890451943961056e-01 3.509084692474589984e-01 1.053139048050522053e-01 4.921463835954499322e-01 9.985578623518218677e-01 3.010245210449177256e-01 1.926647408645768556e-01 8.328535415982875056e-01 2.279402917522013183e-01
6.643707347723759593e-01 1.925789557693731169e-01 7.556657400270417879e-01 1.509233296406735647e-01 7.766990543097107569e-02 3.016564271754038629e-01 5.213704364623114040e-01 3.027165728235163833e-01 2.746462205541253532e-01 6.752720078983417418e-01 3.957931486052145287e-01 7.713577225754356670e-01 4.811124740466352634e-01 8.628975533500736761e-01
6.290037944816930793e-01 2.893619268836468139e-01 4.329574007993686191e-02 6.786514355128993037e-01 2.731557198373698592e-01 3.813365662452200544e-01 1.438979976741860956e-01 7.157633522884599975e-01 9.036244952378050810e-01 9.718220036649318772e-01 3.001286979527473253e-02 3.475486067119432088e-01 6.973994236271023883e-01 6.110123802716106445e-01
8.850312923016989686e-01 8.452491534765358416e-01 5.629333565592498090e-01 8.983037274170890818e-01 6.139209158687917167e-01 5.537322669420724486e-01 9.255167551065266451e-01 7.231739941306807307e-01 5.088100268947479687e-01 9.609287075461576677e-01 3.264067780392572171e-01 8.036141319766543223e-01 5.407538911278521043e-01 7.070851874387382718e-01
9.863658742883351094e-01 9.323967611192076621e-01 7.858273543182991983e-02 2.174003501807431071e-01 8.432075673347967371e-01 9.577128828255933035e-01 9.143049057604072383e-01 5.326925464421339296e-02 9.036392526741794384e-01 5.810215578990051144e-01 9.450388587379114913e-01 8.708769328025567358e-01 2.177213613583798280e-01 1.877490470518672350e-02
1.058171898317160631e-01 8.353991090962540333e-01 9.725518061672338010e-01 9.694501929665544360e-02 3.363649604495009271e-01 5.509260675888849601e-02 6.393430691575650027e-01 7.856092416946979240e-01 8.113748300027537885e-01 3.310878767074347806e-01 1.508811069655716652e-01 9.651958107805511666e-01 7.507583024925632564e-01 9.220997678349456272e-01
2.882976189087677055e-01 8.305257303280643155e-01 9.652490126335452336e-01 6.992752825194706867e-01 3.910547756753761650e-01 3.726557315889935662e-01 6.832213997948769491e-01 6.963717257133172911e-01 3.400477994004004190e-01 9.131072397668944518e-01 1.976468761909371263e-01 8.959751318896267414e-01 6.015360352538166033e-01 5.014062015155988927e-01
4.979932314023348683e-01 2.769371707844006103e-01 8.203598796969581164e-01 5.624055621412471506e-02 5.999153508971480919e-01 2.460885966386605617e-03 5.687211815085528865e-01 3.329554464230696231e-01 8.837108603590733136e-01 9.947577712043031983e-01 7.495606797202621907e-01 8.479997356349291415e-01 7.109984375364396536e-01 2.360770495480057907e-02
7.629683738025125894e-01 1.791710713603411609e-01 8.986757921561006057e-02 9.244762916905074901e-01 9.236665345219942092e-01 9.086982769454615694e-01 8.385868410667721706e-01 7.099748224064684754e-01 4.173777477178878259e-01 8.205141753943023808e-02 3.678889574200350232e-01 7.876546512516506837e-01 8.626953776900093684e-01 8.994569432712080648e-01
2.213261919943586564e-01 9.161399375528190836e-01 2.896488416463168791e-01 8.492411247514924932e-01 2.507946926699714529e-01 9.706563771148409847e-01 4.475953092090489971e-01 7.859699208458805764e-01 3.415540625415539600e-01 7.692990837870230525e-01 7.129155719690584148e-01 2.654197854887674346e-02 6.242530230886491616e-01 6.137055916895819418e-01
8.021421461748412529e-01 2.568236846666979156e-01 3.721905569180067319e-01 5.859924076093877554e-01 8.410183638582551247e-01 9.408207612095103034e-01 9.638979196847953235e-01 7.379122492387979459e-01 1.946997375457798496e-01 2.156347682908875685e-01 9.236529602246106307e-01 6.192616391598793069e-02 4.763703849251680333e-01 4.398677991717332425e-01
3.966508866203174444e-01 8.280446228859860147e-01 8.365975097915111514e-01 8.689056986256434856e-01 2.415397214359571443e-03 3.073637724518945014e-01 2.509264459549940263e-01 6.949659680595677846e-01 8.363343024487747135e-01 5.417924631944459612e-01 8.112705111272051628e-01 8.444340755342911731e-01 6.192511078865025054e-01 7.706228115355728825e-02
7.896923934467614536e-02 4.513361959924558908e-01 1.302515425788196568e-01 9.120485392392633228e-01 5.794349332384768347e-01 4.875752638307683240e-01 9.348628586515158601e-01 2.694816292787928225e-01 5.812611263823121988e-01 4.322738513709306618e-01 9.284492186475772346e-01 8.895360890453178904e-01 5.716640224383987556e-01 2.337439048963405597e-01
5.823937334237089258e-01 6.801694779429490190e-02 9.386837085132027081e-01 2.463008675605522502e-01 1.166556820434578867e-01 3.718069895813138626e-01 2.533174143654954857e-01 8.390997994139044458e-01 1.784002935191498773e-01 7.585336793466710414e-01 7.124751393258339505e-01 4.201217801554446574e-02 4.269441778636767770e-01 8.610333245467397534e-01
6.707518693808439680e-01 6.360009244165470976e-01 9.226614668855370738e-02 4.571107084833772038e-01 7.379656154658342793e-02 7.438945930897210568e-01 3.526562823319784323e-01 3.146684654169468187e-01 1.368431789194065606e-01 2.355135277330522303e-01 7.374247478397442102e-01 5.014533982678114343e-01 1.982669223423005889e-01 9.591911793696153987e-01
6.256526711022095677e-01 4.256443999862369321e-02 1.964963462005560046e-01 1.884839329552944198e-01 1.943383067830771749e-01 5.202477668247280640e-01 1.981136021192997365e-01 6.534672283182035857e-01 5.382663393762053827e-01 9.050617180943005824e-01 6.867546412344982532e-02 3.973457814500491736e-02 7.532143552068977232e-01 5.818373291131041514e-01
3.579088984460839784e-01 2.634860659405821037e-01 8.362909719935767150e-01 1.022245738712966867e-01 5.274183577763329467e-01 5.977125887246416136e-01 5.231516711809279796e-01 9.345849638056058506e-02 3.200137227318938793e-01 6.018179671859803515e-01 5.751071121206957626e-01 2.176997596673982960e-01 6.224176617844126014e-01 5.613422239709332517e-01
5.640858862286165509e-01 7.128011057216598889e-01 1.720031564696888893e-02 6.266845950724887482e-01 9.960401147001771704e-01 6.278706410400067828e-01 8.000399703972742582e-01 3.695119823322046138e-03 5.774868248667860415e-01 7.620946838803451806e-01 2.108885854902587953e-01 3.630041631372301625e-01 1.025672300941573578e-01 5.409917584739126761e-01
1.743438630933802358e-01 2.915170998930101121e-01 4.686484221282359863e-01 2.399427272498566577e-01 1.039800909669525986e-01 8.634973240937994232e-01 8.734535990782358317e-01 2.683150994452256910e-01 4.467895163303029493e-01 8.472459525002719039e-01 6.575602104919012758e-01 9.111711057519934487e-01 5.207710003407006738e-02 4.230608350028068898e-01
6.936214601984191930e-02 5.864213623709585432e-01 5.914935830372936021e-02 9.622747340644335345e-01 4.861311976956281811e-01 6.764773985601671979e-01 2.239890602998646507e-01 9.133898105589087768e-01 8.852404407054318414e-01 8.345903864565252794e-01 3.402137346170903687e-01 8.773886159938266704e-01 6.339887717588232885e-01 3.765589674159924849e-01
4.516530843332053902e-01 5.817324788062052665e-01 4.539973724300472302e-01 5.236744353500153437e-01 6.138818896810896986e-01 6.471302192497152550e-02 9.637036401943253061e-01 9.809090956150257057e-01 9.682192066124867269e-01 4.013495214637766706e-01 8.948199873189581766e-01 5.686282473949337835e-01 2.355060790999243814e-01 9.508011168161301097e-01
1.436632114377042191e-01 8.572927955277905854e-01 8.361641147321970946e-01 6.021447271377428079e-01 1.642512054330445004e-01 3.602563944215125824e-01 4.142543412704642325e-01 8.833049209090373388e-01 9.244506758565880222e-01 7.970806339912750449e-02 5.646381366033368376e-01 4.938526721827517507e-01 9.711033002892590638e-01 1.160291312732489866e-01
7.691940370646273006e-01 9.535299203538116775e-01 7.200937007625881625e-01 1.668967953453887043e-01 3.499739290409792369e-01 1.504237185258181508e-01 3.860310293082780397e-01 2.036524464581778160e-01 5.589727732819279593e-01 7.092043867437330951e-01 9.843116096275559279e-01 5.127172493656395602e-01 4.128572815061404278e-01 2.045942875908537406e-01
4.622743712617216616e-01 7.662177874362985364e-02 3.918827490212813958e-01 5.236290161903797147e-01 1.470593199825207531e-01 3.142440263524337585e-01 7.375628506386786576e-01 2.751113548020545085e-02 3.260539294527964316e-01 7.372348200186982226e-01 8.982601334187684250e-01 5.745803993603911808e-01 4.563250010000757806e-01 8.228734292009873830e-01
2.780323321923834357e-01 1.838869566713083881e-01 3.368663961840501209e-01 1.958415449987521706e-01 4.098096777985277273e-01 1.627361048094808638e-01 6.048335928425420116e-01 8.573620098569503245e-01 9.099633453443084496e-01 8.340235414041541340e-01 8.133896398263507077e-01 1.505901288277206040e-01 1.626393436714426155e-01 9.571313500946397879e-01
2.921899309050447480e-01 6.303720296501326148e-01 2.665718646805954606e-01 5.316020599226546350e-01 1.312020619430007695e-01 3.188970950228290357e-01 6.208307025662731515e-01 2.135369463090529552e-01 4.531587796979708038e-02 8.046653697668899596e-01 6.511165961414414616e-01 5.804542777348330462e-01 9.050536638335306971e-01 5.815696441630013869e-01
6.786473208168636306e-01 9.631559098817864539e-01 7.355962400669846524e-01 7.389418190919557761e-01 9.710398275804867918e-01 7.511388818111671695e-01 5.187997440368358193e-01 9.087086756656292952e-01 6.399671316947910249e-01 7.735562258977811689e-01 7.427910505809300901e-01 4.479154551374880944e-01 2.557938818034528605e-01 4.355700333009840941e-01
9.749128480729164492e-01 9.946902525997916023e-01 8.325312351474567496e-02 1.521152607850145833e-01 4.306017511202258063e-01 2.733735302439551651e-01 4.965763841477466300e-02 4.734281567248769251e-01 4.458559450548856828e-01 2.784566534451363706e-01 1.820151990102436557e-01 9.926373266080787960e-01 1.119231551015372750e-01 2.006761052704826298e-01
3.750830311901374170e-01 8.464474161645906269e-01 9.445878222365684529e-01 9.799696726156157389e-01 5.688034287446877002e-01 3.430304568502045015e-01 6.225061051899176690e-01 8.808508299185607848e-01 3.964888005361644208e-02 3.534801942573929656e-01 3.538900748344101510e-01 8.900864641611371253e-01 5.045697166838890579e-01 3.897219700699747769e-01
5.106037198687046752e-01 2.190922149698443233e-01 3.604223519965081834e-01 7.067186933087153955e-01 4.456405630130405582e-01 6.269414874208206756e-01 9.267417410997893512e-01 6.494251306819327496e-01 1.033684020151438565e-01 3.072651414489858679e-01 2.845653516958225326e-01 5.316932438554357043e-01 3.641593713100821361e-02 5.951153795622882159e-01
5.319597378751611538e-01 9.384441708240800484e-01 1.392929888269486272e-01 2.458443800198585327e-01 7.985772003867962487e-01 9.975126018216643464e-01 4.999187787261087923e-01 2.355909527919070046e-01 5.056515530147043247e-02 6.388747319919555467e-01 6.098301847572954459e-01 3.626317589821019816e-01 7.352130972461071723e-01 7.645791953693311660e-01
8.769832524354147507e-01 5.668585716889307236e-02 7.096413221866014753e-01 9.840717462543199234e-01 7.558851794707542870e-01 4.203778660620431928e-01 8.538355510046593544e-01 6.481308467665569673e-01 1.108072626585679954e-01 5.237209005057106292e-01 1.431780425695560188e-01 2.773871668899626775e-01 7.009431178375274962e-01 5.696082863918293659e-01
1.113541016750206891e-01 5.654943933339432460e-01 4.211019666820320362e-01 7.467195648076679904e-01 2.945267938248671280e-01 9.481447515945097271e-01 4.325921739931296583e-01 6.232551678270377149e-01 7.082807575778438114e-01 3.904757496161134211e-01 4.166035054519815484e-01 7.598253305996101048e-01 9.250277334312977384e-01 4.186261521244756256e-01
1.427429477656771972e-02 5.931526136657201409e-01 8.152544502644351043e-01 4.691152687498364449e-01 2.809112330986481831e-01 5.224381125222116173e-01 1.329518631579817978e-04 4.795414655826109041e-01 2.517430312079304011e-01 6.326847131755448661e-01 7.379176659536711425e-01 3.001649621153312797e-02 6.938419512453489757e-01 9.302036537461944032e-01
1.806216018485463648e-01 6.759582300119983955e-01 9.559373829837785053e-01 8.422169890965658379e-01 4.268074849322737174e-01 3.323387022152005654e-01 2.706788067718154389e-01 5.392807051265551266e-01 7.861613622256022893e-01 4.832852610998205067e-01 6.242027232653171165e-01 8.033688638308165153e-01 6.962087793111785272e-01 4.405373752486073657e-01
9.835339980867869869e-01 8.482398231864703986e-01 2.268247836592746092e-01 5.642488433276009463e-01 7.633106907865399027e-01 8.240053755863050444e-01 9.411175958529645058e-01 9.153838549437864902e-01 4.336116153845526178e-01 2.551215104813345791e-01 7.732516985971449319e-02 5.744976500781352469e-01 4.674762458151238143e-03 6.695195602531500700e-02
6.573604235964436437e-01 8.205411064630914186e-01 1.291393059412974109e-01 5.513124395223811813e-01 9.471609863250195493e-01 4.629699842858665537e-01 1.120397313339627221e-02 3.750944835818112999e-01 3.650858758082670130e-01 3.714250622909427424e-01 7.157795342289177132e-01 6.769591779899704065e-01 5.678307916312141934e-02 5.721656848739066215e-01
1.600408743329607697e-01 9.097651092499736691e-01 8.413736664914978070e-01 6.130107672785299888e-01 3.295719814539671555e-01 6.204420227326459258e-01 6.105693781851863067e-01 5.037126305020049877e-01 8.615718258483689995e-01 2.133984975253437888e-01 6.149069021304970351e-01 5.491935937447398608e-01 1.672416939409470116e-01 3.649344735228727821e-01
6.752693834610123957e-02 6.605185004677771587e-02 9.142233059309473608e-01 8.713174672304061508e-01 2.404214119366816504e-01 4.553268003543965436e-01 5.689613783497414756e-01 5.073941509769813729e-01 3.946924704621274094e-01 2.223727142093160358e-01 4.638895172385848475e-01 9.378589477332170965e-01 4.185730425164284618e-01 7.071534724193424548e-01
5.998936952359932295e-01 3.042157397665751217e-01 1.571123077258396172e-02 3.235955063155385725e-01 1.031343415515225681e-01 6.484971095850194933e-01 4.198446208572746974e-01 8.847654952205203926e-01 3.069200805736591597e-01 6.618560760224030393e-01 8.091583597639352421e-01 1.266948301091543883e-01 5.398283760956879007e-01 5.233430932178585460e-01
1.077389470741594302e-01 2.364601411787337071e-01 4.310950528859689435e-01 4.032121311831903254e-01 1.514722987114900388e-01 5.507727745723219881e-01 5.930206025030128059e-01 6.527676686601414646e-01 7.853839432529672315e-01 3.044645948902398036e-01 2.855471351116456447e-02 4.032812104093486116e-02 3.887566570611747929e-01 5.093314105524666680e-01
6.268478800231251924e-01 4.084379798923087890e-02 1.839184500968239488e-01 8.994771223301780694e-01 7.947460153736624067e-01 7.529686981782873767e-01 9.559548292551837134e-01 4.938436090423781177e-01 6.738738231639274101e-02 7.190945207908713277e-01 3.181293635053333846e-01 4.084649352383534771e-01 7.931839759642063115e-01 6.739892533048160717e-01
3.590290852374286024e-01 5.502342369097371622e-01 2.409489483085133221e-01 6.946888918454162676e-01 7.117016991164223372e-01 1.225251574495339613e-01 2.999405410353550572e-02 3.144476483616720497e-02 9.661855338652391989e-02 8.000443511457504542e-01 4.320957364330164641e-01 6.767254644190932034e-01 3.122586900237637186e-01 1.404673734518327999e-01
1.376879859409156914e-01 8.376320985153590248e-01 2.803978055320688334e-02 1.617649964394758388e-01 8.729848362710926901e-01 3.947915992909210026e-01 1.402746212794273584e-01 6.588551932352796348e-01 4.612735686676269209e-01 7.728328448699828268e-02 8.681102631002257652e-01 1.643067092023032805e-01 7.761486076051914429e-01 4.052817617631296887e-01
7.432375337104969448e-01 8.831928247284775990e-01 1.184643056828931229e-01 4.769714589339314470e-01 6.058158572084371141e-02 6.718537846224180710e-01 7.292886865021278586e-01 3.960188293233557477e-02 4.752392892744515818e-01 6.965897283645865468e-01 9.393723217935984193e-01 1.974945705384718586e-01 1.064747446978111522e-01 2.214629395601052098e-01
1.154466287552181614e-01 4.362694223259165893e-01 2.761705814757454691e-01 8.589639490888980600e-01 8.894313568749953047e-01 2.136926353374711818e-01 9.991465100248685394e-01 2.410848239834005868e-01 4.710259209303832018e-01 3.986065689759457076e-01 1.360952370740831086e-02 4.704935585382457042e-01 8.681731625108034534e-01 5.138553978102610165e-01
2.706612656878354395e-01 9.965046182260736130e-01 2.177466684701615529e-01 3.109131364676208653e-01 8.564535928373026019e-01 7.759294324270016308e-02 5.125261046451081715e-01 6.974533911161026056e-01 5.508615436087827000e-02 8.118440169561176312e-01 8.031554471674451356e-01 3.408310097827855767e-01 4.650320390600037879e-02 2.801207850970062196e-01
6.928558132431428263e-02 9.109035805643583839e-02 2.260257916513366272e-01 9.710125350120129006e-01 5.329281716874733066e-01 9.036287955462983801e-01 7.704294659683053048e-02 9.122983345583258741e-01 3.034769061700839377e-01 6.707031847840431160e-01 8.319806773511772002e-01 6.131530512706426794e-01 6.541803189859107803e-02 2.930521806730697065e-01
3.633150555604106602e-01 9.215705320577125548e-01 1.096708069514684691e-01 3.914557516998838915e-01 3.257620924335942192e-01 4.327505913092674072e-01 3.965808212542983879e-01 1.957486019578213998e-02 9.319294112072882275e-01 6.888037809788827293e-02 2.603369116730703814e-01 6.603886739786586357e-01 6.520025265399259640e-01 7.726950701170886004e-01
2.632908215507616667e-01 8.680557853658096290e-01 3.837417890833931811e-01 2.856477675659481186e-01 3.280728348305519404e-01 4.895670465538896066e-01 7.780042672731578568e-01 2.347745934564644532e-01 1.032504192055631043e-01 2.773276710560856895e-02 1.182881741836027123e-01 3.232073808296100914e-01 3.944994447781192681e-01 4.428836036251482255e-02
8.761134880863428176e-01 6.424351132290735400e-01 4.961681576092987767e-01 5.139817264400616814e-01 1.540018684667111559e-01 7.970230626189116485e-01 1.456498179757550471e-01 9.820528930362648623e-02 7.325786678543512176e-01 8.453743185703745944e-01 3.950542464383642871e-01 6.543132874940897903e-01 8.562427663755978191e-01 4.169561027121727603e-01
5.390174689011840714e-01 6.347332629758883904e-02 4.893391483770787032e-01 1.172911486710270790e-02 4.320633430251170637e-01 3.790040947645230140e-01 8.812835438593858983e-01 9.179690858068284554e-01 9.297616348894893745e-01 6.475415709553573596e-01 1.662839732559513450e-01 6.061890540016956486e-02 6.539154737148089591e-01 4.348447272527590224e-01
7.941841177107564764e-01 2.302390066484245601e-01 7.543556449935641117e-01 1.762156077068611770e-01 7.327928001978732953e-01 8.792420506627883769e-01 4.073103784203594424e-01 2.674063173959626560e-01 8.053983076837993860e-01 3.003295135367715085e-01 2.316393674662080571e-01 8.120519854427569184e-01 1.081119593652437594e-01 6.768669672054866693e-01
7.961434002146976496e-01 9.162823234527184280e-01 5.130612305743168511e-01 1.286563224147887485e-01 2.542511778610805351e-01 1.634330792303054780e-01 4.187060632795848170e-01 4.595473021050615614e-01 3.718024360624206937e-01 7.351898211472107647e-02 8.916527586709777076e-02 6.130163725070767455e-01 5.667039391721224728e-01 2.338181483419649043e-01
4.626327751977756808e-01 4.930553677293203485e-02 6.438725451087742302e-01 7.127331191071344385e-01 3.883100867410009815e-01 8.308118888885441811e-01 8.337597666971700017e-01 3.201295052437710398e-01 9.505638163202283497e-01 4.270767675246491812e-01 3.829893371865328300e-01 6.131113456872852030e-01 8.567385517229944014e-01 3.820672605103281327e-02
