1.801056999698198435e-01 8.010164649629492040e-01 9.532675748153661699e-01 4.350987805241884887e-01 4.763280644106818729e-01 3.045349110829670414e-01 5.034694584428693886e-01 8.671993448868544618e-01 4.091735844264254851e-03 1.484320670483518789e-01 6.379655523613851908e-01 1.167342675392188944e-01 3.750153546544030547e-01 5.362612723086530586e-01
6.758026059788401207e-01 8.422721077523055433e-01 6.734352172101814027e-01 7.445289116782772831e-01 3.905345855620845352e-02 8.589340609616745725e-01 4.079410905571627666e-01 7.156001359013798302e-01 9.708218607480932905e-01 8.898446507291788432e-01 5.769681008986837778e-02 2.534557870715646866e-01 3.791500359814670151e-02 1.253535110949534070e-01
7.054265559334766955e-01 9.195971801712332638e-02 4.572294834985535239e-02 1.654665725640547258e-02 6.091646295975818859e-01 1.608402600466052323e-02 4.562391176926787750e-01 5.650867174520363134e-01 8.387286711581077858e-01 5.337220375308117104e-01 4.579743516365460954e-01 5.959000131561172919e-01 3.701301954816386131e-01 7.385593366971016094e-01
8.034248975404622017e-01 6.480986499299873360e-01 8.064357668537984747e-01 5.528975769293444920e-01 5.258591354118224981e-02 1.174159426301392140e-01 8.364154928547706813e-01 1.834781409071170044e-01 9.213817873475327325e-02 6.494626293653422699e-01 3.722877898281504727e-01 2.287253157201811771e-01 7.480745577436344051e-01 9.618941665059093094e-01
7.849714388505316665e-01 3.779451455605666865e-01 5.538179016295491364e-01 1.954543226250549104e-02 6.338612678497754782e-01 7.797956661164617831e-02 2.394657869613899814e-01 1.751507152367092202e-01 4.458849822807690044e-01 1.328441632112571380e-01 3.569149024289375305e-02 7.142467423156315665e-01 2.616057031918216369e-01 9.283586548836331165e-01
3.522716715208102922e-01 8.364681643750278006e-01 1.549933931818465727e-01 1.506412860800777631e-01 4.061194499408485870e-01 5.136549980010586269e-01 3.077081684004313589e-01 5.418165385916778876e-01 5.828838401670386471e-01 2.208285294718365099e-01 4.863256512951111832e-01 3.331171634570597728e-01 2.407929912408597328e-01 7.821420554717173346e-02
8.635201890375100442e-01 2.459393419718519658e-01 8.121655487618093527e-01 7.879149304479152738e-01 8.850960968103983584e-01 7.096949627885813516e-01 4.789911824245907113e-02 3.137018067811118138e-01 8.079171966848035513e-01 7.660940311560388016e-01 2.639018502345935602e-02 2.953353533116742646e-02 9.510127329427948695e-01 5.830726488671607033e-01
2.775421563696811589e-01 9.421348046676381038e-03 5.541329432381254527e-01 6.002781028630445048e-01 9.116601176655574346e-01 5.276422762323563775e-01 4.861435645915195281e-01 6.906475751402737506e-01 9.362872637508758977e-01 5.399594043677383715e-01 1.835378381594616748e-01 2.928503422376073084e-01 6.388998705113136944e-01 7.823016700507035015e-02
6.460604849208527733e-01 7.834912107081539734e-01 3.952170338947037509e-01 8.862890086709123150e-01 2.646359182562775247e-01 9.049424617342463062e-01 6.510128918823478994e-01 2.405650887884710487e-01 6.367075947157931903e-01 8.875082028641354537e-01 2.976971884551399272e-01 3.831503196174080861e-01 7.159592224946060846e-01 4.731955345288690884e-01
3.541959626612656287e-02 8.783128070258974240e-01 6.169050146181885852e-01 6.747210530709518705e-01 1.754407741758232664e-01 4.446992964541497395e-01 2.689974499642626693e-01 4.885667463425968915e-01 4.286043446697460624e-01 7.151225247333696800e-01 4.151924238840324355e-01 4.487770535012639561e-01 6.400909519196886777e-01 7.950903092679650896e-02
1.462479156401267355e-01 6.870062628763300427e-01 8.763086795657768491e-01 7.017728455427547640e-01 2.698192784945497857e-01 6.364321387842235556e-01 7.075526684547883693e-01 8.915171769738403640e-01 8.466782514697061002e-01 8.476146383769920245e-01 3.431470828053077016e-01 9.749405023334937193e-01 5.533047876157082268e-02 2.217193067964141617e-01
7.572073783753199283e-01 5.042696945461607738e-01 1.462901404874539235e-02 3.565945280584249533e-01 4.760407400952281209e-01 5.610317988926898369e-01 3.207718440499308654e-01 9.824319141826024504e-01 2.497347358395550776e-01 1.596345539394846691e-01 1.300521458017388499e-01 3.242483659683653707e-01 6.869056737959219339e-01 5.044395345095131766e-01
4.074871341251686818e-01 6.471230897236207591e-01 1.810724763622491018e-01 2.023307819725868040e-01 4.611311447861150548e-01 3.987977948637658754e-01 5.300350330501588658e-01 3.721783325908222251e-01 2.891770921354331891e-01 5.115482058123890230e-01 2.727232543921831454e-02 6.677904417755869959e-01 3.817805124441853160e-01 4.079452389319554451e-01
5.588243945504035581e-01 1.965436056135840825e-01 9.716786463665784135e-01 2.706310926577338849e-01 8.512222412618253298e-02 9.038168322552967426e-01 6.466270090222859812e-01 6.969147631914590635e-01 3.689921165749924237e-01 7.281969246416120090e-01 8.142636433998104994e-01 9.223482160183786860e-01 9.746650602689721499e-01 9.813489779032851246e-01
8.938471948797228617e-01 1.976537288473461107e-01 7.321520889245688446e-01 1.740129972966398819e-01 5.844658086704912492e-02 4.564913750206435195e-01 6.017693902310358167e-01 1.978068694332568711e-01 2.633331194537849029e-01 3.622464012750992168e-01 2.902056734102720359e-01 2.957022993023497026e-01 7.946617676107382566e-01 1.514837128427778401e-01
7.109417264657497126e-01 2.347537508628888547e-01 4.961224585728376546e-01 7.237176104082870820e-01 2.305115492888120121e-01 6.423294374970497378e-01 3.402456468796180022e-01 3.314208734258977662e-01 2.120784554440817704e-01 1.752801096710168149e-01 8.463345369211229263e-01 9.815298351558537915e-01 6.716544818827201446e-01 6.347334297616600285e-01
4.187949509848516438e-01 6.597460159937194035e-01 4.047140295955640177e-01 4.597879201552657058e-01 7.903178435690014769e-01 5.864516807502124784e-01 9.092525470838368484e-01 3.337516914519937927e-01 3.173939028293428777e-01 3.205805885823371781e-01 3.418361375921910028e-01 8.912960154643601030e-03 1.034224223776164520e-01 3.902464426966004707e-01
5.923224714802119983e-01 5.610386120138283195e-01 3.453157294108927244e-01 4.716990876350387607e-01 8.868488916326870974e-01 3.664398833507463982e-01 9.746715278756576950e-01 6.963590645426434023e-01 6.063486443283035987e-01 8.726661092354452975e-01 7.065352872202055323e-01 8.036034333098859284e-01 6.695243843893713409e-01 6.110924735887264259e-01
3.016504957089879424e-01 5.745030670141948459e-02 6.429441187269502311e-02 7.311634734756278231e-02 2.323518337780787757e-01 3.800163187557661360e-01 7.257660255137783345e-01 1.143728352972739337e-02 8.607761717013983072e-01 4.958011224909458781e-01 4.828782094489576515e-01 3.901089211405389667e-01 4.847766797376957815e-01 9.583672238261178311e-01
7.939253419769431996e-02 1.106575420776689800e-02 6.041221382236783288e-01 2.676077379236995180e-01 4.337293004889243297e-01 1.593292941799422380e-01 6.306874556668519149e-01 9.208661560047699535e-01 2.899573613339874179e-01 1.197982178810447218e-01 4.361624699953396966e-01 7.174006167317464877e-01 9.460311701407952967e-02 7.604753630497042005e-01
8.333378839164683471e-01 5.320810793629048296e-01 6.515209951669607147e-01 9.912055681135629737e-01 8.953056670267348638e-01 9.751210824416223222e-02 3.568406729103738018e-01 1.147908766729507368e-01 1.670738205431520074e-01 5.848876070467955435e-01 9.790314212034451069e-01 5.849065141705959148e-01 8.389638441954605508e-01 5.164451409641160895e-01
6.842258173690423106e-01 1.913829609056593162e-01 9.725496234592823086e-02 1.725118207090799993e-01 4.407648453928340038e-01 8.643495967467662577e-02 7.615888965641768316e-01 3.221011637258771598e-01 5.069705122332500702e-01 9.312876562304054362e-01 2.295691929213637961e-01 7.534749116140196934e-01 6.140792571586406456e-02 4.834468317848114038e-01
8.723993114384273051e-01 9.912601232923620165e-01 6.444181670677758822e-01 3.134968145815564267e-02 5.680516807349107467e-01 6.891706924619183106e-01 8.951050236756066258e-01 3.265612782984393947e-01 3.080497126520232998e-01 2.766297606179963786e-01 8.523829601619039575e-01 2.609034967443271125e-01 3.501032537970230063e-01 7.749090096017866580e-01
5.196126046183919822e-01 2.690449005951215389e-01 5.028160878406895407e-01 6.070476133763247351e-02 5.632886636588485540e-02 4.613752854887054333e-02 8.928470028266359826e-01 8.641541015222182764e-01 8.555747826405221135e-01 2.249822580235069092e-01 8.502208293086293001e-01 4.363345598559666971e-01 2.476492292133336548e-01 4.721095635835843574e-01
7.757124325615902816e-01 7.515996802107385300e-01 5.303890829472475144e-01 6.927513570730209347e-01 1.962054305934868292e-02 2.722622551375212252e-01 2.310146693063204193e-01 6.091177668466851713e-01 7.802318917741670745e-01 8.796319710867478436e-01 1.529127203771445398e-01 3.523165014157220165e-01 7.875618603788493433e-01 6.447435873921809613e-01
2.549474769524073814e-02 8.611258829715012775e-01 2.926951314090222578e-01 1.898289185746908636e-01 4.176701412677099601e-01 7.125661983862089377e-01 1.400426946181461130e-01 9.258729539647941875e-01 7.531358694725138747e-01 6.226601640894319223e-01 8.991845488246041906e-02 7.873812211035066122e-01 3.643344315064609429e-01 6.496680961728666936e-01
6.845524727963668843e-01 9.120003489499289850e-01 1.315225345165380588e-01 8.860335842664598394e-01 9.559741180601017962e-01 9.804389022722579394e-01 8.657047269007510648e-01 2.252855990575151068e-01 2.051119793873810160e-01 9.815723771993394298e-01 9.539178943232047292e-01 1.692292187854070873e-01 7.363304386213301855e-01 4.238611146042456923e-01
6.325591667009567987e-01 3.933776057079718669e-02 1.035407355417161668e-02 1.705169955877221533e-01 7.188762056630537689e-02 8.421938177311691920e-01 7.027157192118260731e-01 4.643611112355910953e-01 7.849900326309243725e-01 4.560714502700302653e-02 3.457903805200802649e-01 2.029470010903755561e-01 3.579943805341638807e-01 8.900603816793685175e-01
2.804248542505898278e-01 2.941842369809520852e-01 8.627991816092487332e-01 9.148469943411878802e-01 4.698947428939557192e-01 9.782028384679894994e-01 6.418855249327272139e-01 2.201898000588520254e-01 2.927935241435364322e-01 9.695375665049629221e-01 7.611881374356662677e-01 7.974609493351059175e-02 3.062254204715062489e-01 5.415726690871878191e-01
7.181608328207743641e-01 8.760506934217296982e-01 5.328506082865409610e-01 6.789341264413549792e-01 7.940113789885921980e-01 3.250137434253632662e-01 3.781776812180832614e-01 6.095419454893385991e-01 3.570669583807817293e-02 1.300958662951474665e-01 6.789042487203764686e-01 9.651749827725636388e-01 6.140547411649456278e-01 2.743537849550587993e-01
9.490081370844934971e-01 3.929079613618126077e-01 9.542868044583339149e-01 4.188125113682933387e-01 2.291210753751621310e-01 2.896053112257889195e-01 8.917143856396666513e-01 1.899110036434034088e-01 6.053722641068486343e-01 6.954482603219833692e-01 9.709889860691733876e-02 3.665308155055173600e-01 3.111997019634693551e-02 3.861989750668318733e-01
7.854566172678723035e-01 3.186608224117771782e-01 6.153397517441606679e-01 7.207653270570735238e-01 5.082071026651465706e-01 8.443421831665838262e-01 9.334828411668292247e-01 3.053763719750179906e-02 2.970291315111789343e-01 9.121489784368856935e-01 1.560788180365796363e-01 8.340908831671070001e-01 9.727701149710878958e-01 1.832563938402227421e-01
5.463315487574926799e-01 2.122907410046561694e-01 8.035302308195371168e-01 9.812983569929123462e-01 6.734333223720782025e-01 6.080942424708779548e-02 7.373261061333400423e-01 4.742281522808269312e-01 7.001814719796572994e-02 8.999748121860142724e-01 1.004060610692659727e-01 7.172896740786560699e-01 9.201011302044732609e-01 9.543108326159615018e-01
2.181970681695372116e-01 4.379252685606614959e-01 1.524273472682686759e-01 1.195376300646853185e-01 8.810416714119262416e-01 4.868547188426749495e-01 8.910750993833238542e-01 5.082783371638289749e-01 9.973631428350886452e-01 1.847482626506454784e-01 4.217889640985782451e-01 2.787357618727002162e-01 2.922023983677335401e-02 4.721744846643314286e-01
6.079663701946956822e-01 7.940335999083865115e-01 2.528094085822883974e-01 5.246713519484786925e-01 8.369858469559396941e-01 5.372482570750551911e-01 6.967379985152768462e-01 3.887915293862663768e-01 8.133896296640320545e-01 7.008255393064261041e-01 8.070805106575066334e-01 2.013159939907709362e-01 8.284689103421172263e-03 5.039299109555361866e-03
6.609365907585026401e-01 6.178246981118480363e-01 8.965629673973721792e-01 5.977489576605680144e-01 4.681072128657529641e-01 8.662250315516007992e-01 9.342967422101442487e-01 9.308684337481031301e-01 8.506099815714850410e-01 1.683984486309264561e-02 3.473402043779058035e-01 1.994465063854961029e-01 7.811236139810472379e-01 3.469010221634950542e-01
8.677250378609006054e-01 4.995092678352603954e-01 3.004508415390493292e-01 9.259124598557714192e-01 9.335816496682630694e-01 4.752750619555533573e-01 8.410552367803655338e-01 2.420349963930304993e-01 3.376030007204114947e-01 7.715363611123826626e-02 4.522155024360796638e-02 3.737844260866588497e-01 4.257585449199073890e-01 8.278908701489428035e-01
4.325340562956371260e-01 7.693937181301387929e-01 3.212158790054826518e-01 4.206434272310258793e-01 7.015595680759997288e-01 2.673152189856023986e-01 1.181073092172054695e-01 7.328241155208766733e-01 4.540186893265010237e-01 1.374214603769230436e-02 2.593225358791811930e-01 2.360297163976033952e-01 8.680323599379129451e-01 5.822500051663725973e-02
7.571828216182214799e-01 9.291577537759231342e-01 7.411497169191763046e-01 1.505055653646003577e-02 7.963957473509183371e-01 5.516184647398773011e-01 7.917895894086056652e-01 7.854816112019312735e-01 6.868258090079992773e-01 7.534960445966517595e-01 2.490374108188868618e-01 3.351151637649558701e-01 7.146529080047593352e-01 6.191696952765485262e-01
1.890940912181892086e-01 4.263206633739181628e-01 4.520728494371027972e-01 1.044327540919934849e-01 5.413076373308856049e-01 5.083456556287175854e-01 1.767383612478932164e-01 9.693217431094192094e-03 3.372916489726256462e-01 1.111459309902137482e-01 1.799885914193883885e-01 4.358610719129941691e-01 4.139940598249324255e-01 4.124893873996421378e-01
5.862713251783774338e-01 8.129957775009838405e-01 5.917534712221225179e-01 4.283052894379267839e-01 5.212967225751822253e-01 4.707908617124002548e-01 3.318785415298675101e-02 3.417812707528189442e-02 9.505205368143299083e-01 7.068092067911367904e-01 1.831171282013674961e-01 4.044632510224506206e-01 9.772818542382674112e-01 5.778035049683829527e-01
6.809280500734932184e-01 5.935561126565311874e-01 6.711351126838526193e-01 7.238580476389810947e-03 7.748632703186353332e-02 1.951957080715973625e-01 4.449978639741890563e-01 8.964045249120341508e-01 9.218291434044978416e-02 6.033252420077993561e-01 8.170544421620472564e-01 6.731641759871149766e-01 3.482305495083164448e-01 2.162978154494928917e-01
9.305984448548838550e-01 1.915721273895313326e-01 9.079224830807381963e-01 5.565888721471585754e-01 3.445446282442585773e-01 7.865834284105978069e-01 3.984955408093512341e-01 4.133775376039295901e-01 4.622001420275422268e-01 9.824098110199084299e-01 8.870764507630424234e-01 9.262344500664561053e-01 2.564202592829126770e-01 1.224361193738401354e-01
2.889402905772023855e-01 7.849933005519507123e-01 4.823844261608037920e-01 7.568324717042044236e-01 7.514382757420324799e-01 4.902363780346683519e-01 8.173758934847950020e-01 9.606124311233867896e-01 3.889391341412067327e-01 6.339434964472050460e-01 6.551548356638711157e-01 6.135546127638078495e-01 6.292336612329496592e-02 6.497055266460581846e-01
9.574495106817004775e-01 5.057205967704674343e-01 8.119491840750595602e-01 6.147525834873556194e-01 2.450306598024084570e-01 3.464391382429754529e-02 3.291729356733490430e-01 9.291300916656763942e-01 3.628003908500250230e-01 8.252876322458656544e-01 6.507154700973446504e-01 8.377087579329105527e-01 1.599856053036241565e-01 2.752269622927703274e-01
5.961640048268340708e-01 6.724733624872758497e-01 8.307212988255614494e-01 8.184068576381554605e-01 8.326002171605915159e-01 4.454012309854384899e-01 4.662187270263852268e-01 9.333841146216531603e-01 4.037875136843023238e-01 7.764092859307869521e-02 7.375977263455175681e-01 7.901758679747257208e-01 9.866044692125921500e-01 3.161230984681862033e-02
4.349276767239673713e-01 4.727396983174892986e-01 2.254561162678333508e-01 8.023596016743670400e-01 5.720777386820703470e-01 2.085973167225124714e-01 5.764756245214855968e-01 2.773758084386860334e-01 4.113386214158494258e-01 7.283344650949823418e-01 5.566890479355478538e-01 5.094827944277459109e-01 4.301644550533527678e-01 3.366760516206286358e-01
3.794451281136611565e-01 7.877958189290845681e-01 9.460840165942354663e-01 3.707870638477537284e-01 4.045560762611906114e-01 8.693660181989193436e-01 3.596484795986668592e-01 5.227623116335962106e-01 4.901561039462143388e-01 9.172902501525516117e-01 7.078286829205036046e-01 7.694481218414650492e-03 6.675638161372332569e-01 7.654441626256071052e-01
6.133834814827519022e-01 8.207499676190502802e-01 6.421099350675590900e-01 8.538960985759881384e-01 6.843617384175593177e-02 1.196706218548170275e-01 3.256111658988370960e-01 8.731250494034884513e-01 7.461132395602214640e-01 6.458304974202105919e-01 5.024009788656700337e-01 8.643475984232681375e-01 3.154915231339803228e-01 3.352180057975630012e-01
8.235127465478901954e-01 5.268555287373278828e-01 4.937634344956359778e-01 6.632252078200501222e-01 5.477949480452179998e-01 7.687664995003935520e-01 8.782418468332875428e-02 1.135460867281106179e-01 2.045626487725050735e-01 7.977373948992306785e-01 7.072112224856296203e-01 9.708735404440971273e-01 9.379260784597693856e-01 7.586218959942614415e-02
1.651681476427164785e-01 5.189582818178203327e-01 7.308164273098065600e-01 5.801555517856393784e-01 6.386783637769100075e-02 4.998391332726864755e-01 2.930045521813191556e-01 7.840203551244098179e-01 1.275073910780819553e-01 4.480265183453248090e-01 7.465252067558681981e-01 1.102723965369738490e-01 1.622440648334094737e-01 7.888690427798975557e-01
5.900790950225960341e-01 5.936150690490580306e-01 6.339117594840812941e-01 9.983802980329788967e-01 9.175245925532712343e-01 9.603045899617108638e-01 2.358420761611215166e-01 1.587677517884013012e-01 9.776177426070998822e-01 3.378757906976340708e-01 7.595714816365134459e-01 1.610459613600474515e-01 8.074622472783141713e-01 6.236171076434549043e-02
9.961970338921358747e-01 6.407788157776848070e-01 4.713316688130926302e-01 2.046219084124855092e-01 4.178430215370638745e-01 6.499023563588475216e-01 4.617473852438545023e-01 2.693449583388018986e-03 2.973977113091619273e-02 7.873010460955705003e-01 2.319592892733377543e-01 4.973175577584055818e-01 4.648067335691653534e-01 3.870636171208403642e-01
6.531196954702567226e-01 7.703650116769975575e-01 7.201899304673715640e-01 6.087239706776764736e-01 5.452443774837144597e-01 6.166615290419534823e-01 9.640037459459568359e-01 4.686132299714498295e-01 3.935476227053048559e-01 9.013934405793581073e-01 3.081638234518333519e-01 7.502190004065580897e-01 6.828053522894363958e-01 8.493926687491185623e-01
8.445339295376754762e-01 1.596649568441210754e-02 4.958419938736724486e-02 6.585952664020835456e-01 4.051282345592205347e-01 7.582885482910270980e-01 6.579149922917477689e-01 6.446331514507204208e-01 5.634328392335481439e-01 4.452578408736505011e-01 2.931550044675377276e-01 5.965214603910281577e-01 5.892769663093917476e-01 2.569409747755546647e-01
8.816900526639499525e-01 2.301969948497235574e-01 9.398868874341652635e-01 5.564049855615459395e-01 1.966640904577543481e-03 9.634923950386919955e-02 2.079686135841072314e-01 4.905932600156646117e-01 9.502162558953973770e-01 1.525776744929647766e-01 7.911917522026588045e-01 9.899612716495276299e-02 7.647903078655541309e-01 4.763674072401341553e-01
1.396172364169115943e-01 1.667165450964560591e-01 8.483083120192742577e-01 5.063928447020489276e-01 6.032929158147515292e-02 9.614934124407193972e-01 7.175467930049282961e-01 1.993189999312157124e-01 1.479017090201084628e-02 8.521226659618503785e-01 8.192323758663098143e-01 9.386133831407141859e-01 7.062967717233979981e-01 8.521762276025295346e-01
8.780903458862346911e-01 6.113906754409421662e-01 3.616696753383173979e-01 5.604074048908852523e-01 1.909286287415811190e-01 6.064001412890309695e-01 3.650012284129307005e-01 5.847974990598775458e-01 2.239188861578377265e-01 1.433488150925863458e-01 3.717023564972921079e-02 2.011434856570399887e-01 9.037813712758646645e-01 6.612302666285138075e-01
9.741892838713326341e-01 6.376500005433829443e-01 5.481592467926603707e-01 4.575284446614780176e-02 3.043678398264964002e-01 8.030888045350504933e-01 7.848354596312409059e-01 5.222428589610582650e-01 4.309418995736491453e-02 4.201297156223604556e-01 2.452710679359438872e-01 9.952818096601869780e-01 2.349951707791076982e-01 9.477201332316973481e-01
8.068457119906112807e-01 9.221399074982536970e-01 5.665551744313253035e-01 3.956353965865503364e-01 4.213276145235071990e-01 6.142503368193503732e-01 5.631086042726967111e-01 2.848278807851933880e-02 3.150499851613737246e-01 1.082781063249995679e-01 4.194396378808089576e-01 8.316424353380532652e-01 1.025703934946199380e-01 8.703595377239251585e-01
1.655195371200952614e-01 2.604417088725973217e-01 1.505420150272023250e-01 1.099482125441509917e-01 8.155751624515382714e-01 2.343925131342889934e-01 2.273819983595387617e-01 6.327201649932912009e-01 8.143083449845934796e-01 6.917159179060148322e-01 3.406596532206809247e-01 9.006859474319781622e-01 1.722261665420518062e-01 4.538309132642114330e-01
8.631562548447191396e-02 3.738012943691526591e-01 9.341446395702102112e-01 7.759902785808775461e-01 2.523815450612152400e-01 7.455912710372759600e-01 6.570660795333727044e-02 2.613476383820575455e-01 7.516132357302077738e-01 9.191406715741535782e-01 7.226945650864320392e-01 4.455365060973550673e-01 7.637896847647316356e-01 3.958782939312992522e-01
8.404390924892221060e-01 8.676334789498429956e-01 5.125405318134135246e-02 9.006505084551139628e-01 3.638550701263092435e-01 1.990972999737040672e-01 3.983637637739886328e-01 2.688740480738286420e-01 9.454664337774432159e-02 6.342556763369122663e-01 5.200844141287686018e-01 5.899442588950468691e-01 2.420422963658275251e-02 5.980651227400070047e-01
8.690239452789049190e-01 9.590884863709820962e-01 1.905951438181171520e-01 4.407073801541578906e-01 5.031154876333913117e-01 9.299850524257673445e-01 6.645374856823313969e-01 3.792669132315337199e-01 2.276252043017504834e-01 8.221951596792009820e-02 2.979861982912225260e-01 6.691602615465331860e-01 9.426711472796440727e-01 1.296281093511426619e-01
4.146918898054341440e-02 9.509748301207487930e-01 8.721876456010519973e-01 2.865006682445341291e-01 7.424098539074452940e-02 1.004123142875884556e-01 7.182961771742655266e-01 4.133451457025373310e-01 4.141685161240142854e-01 6.048315721329414751e-01 1.649301410316114103e-01 9.236781806083290691e-01 8.153458047377187823e-01 4.204665003327479056e-02
7.762722042496322805e-01 7.828967523280272456e-01 1.802613659667801072e-01 1.170458313061929490e-01 9.649927085338645405e-01 2.025459126496120810e-01 5.078700504798838722e-02 2.557028515249600842e-01 4.002044537556485038e-01 2.533548190066373662e-01 3.034198441059098306e-01 1.775034356743870889e-01 8.834304478457235543e-01 2.604050509305871897e-01
2.238025633821411065e-01 5.071839980003690629e-01 4.795145884489604438e-02 4.469446880911415176e-01 9.218837677629688754e-01 8.218165036574093252e-01 3.992902527920361155e-01 6.104500143357716180e-01 9.707229564885900830e-01 3.054768867161015145e-01 3.686228427879182368e-01 2.322348816024292217e-01 3.281715489616995329e-01 6.532585454106984990e-01
8.007518189402069719e-01 5.622238182195032907e-01 6.909914241260063372e-01 5.546832949130875434e-02 1.164092623051149467e-01 7.206692196389856697e-01 1.520252814822492526e-01 2.121594509471117496e-01 5.893290886784301463e-01 7.733916153225096624e-01 7.073743843812585474e-01 5.004697424180460930e-01 1.932146670093448648e-03 5.280062147766115821e-01
2.126253690918342709e-01 7.296060374473356536e-02 8.293368184805527399e-02 8.100598777498911884e-01 9.578815136331033653e-01 8.681319568542571474e-01 6.020856296347876224e-02 6.032734696464983060e-01 5.691214797561472416e-02 2.873442828271344229e-02 5.458513405046827582e-02 3.453471064926830758e-01 7.626674850808511374e-01 1.503919108337036237e-01
7.841645795075210534e-01 7.527461310557215235e-01 6.963769474668691783e-01 9.570394686920343785e-01 4.865088103532770880e-01 3.602143684602170381e-01 7.499871975601335450e-02 9.837308772882892294e-01 9.638740227511342074e-01 1.465456610764890311e-01 2.090293657384241222e-01 1.672863248231453159e-01 1.424772393533373371e-01 6.610545796270372865e-01
7.601250554234676438e-01 4.746858038541290625e-01 6.479758747035558875e-01 3.718479104498374488e-01 1.116258861371732802e-02 4.290507118135941100e-01 6.056306936368682781e-01 5.668977641662046318e-01 9.203302565209239283e-01 3.463624194746073304e-02 4.868180923674585436e-01 7.299015138534619140e-01 8.016629611304474379e-01 3.590132551420299745e-01
1.975902176227900542e-01 5.098158423017140617e-01 9.733735923867045114e-01 2.885651008946664708e-01 4.080208482508980161e-01 1.731919798669735444e-01 7.507330462426443640e-01 5.493175114395709713e-01 2.944808372620525416e-01 5.532133738327915662e-02 1.714865527552740243e-01 5.743494045175518981e-01 3.819439061868197260e-01 7.224886012161212401e-01
7.185551969646133408e-01 1.073332645510665095e-01 7.681416035516200891e-01 4.078839373467049167e-01 3.257322942143813238e-01 4.521358305094518304e-01 8.338016691628604704e-01 2.065506963917361771e-01 8.068863337934591984e-01 1.961292282447998359e-01 7.307113496821041609e-01 9.225414993748680681e-01 4.144001462796325086e-01 6.795508527713053359e-01
1.611909621449402197e-01 6.229918280805315511e-01 7.598733037400916546e-01 3.534381093718764744e-01 1.802819574335554620e-01 3.076069111763082287e-01 8.646083245370419501e-01 2.892134292903888459e-01 1.404993625212552777e-01 7.671871383214428075e-01 5.079797557906042815e-01 2.052184973070192431e-01 7.626363800438323848e-01 1.146184579663195313e-01
9.045593750795609678e-01 7.148195328115176661e-01 4.754854287039407268e-01 7.565131544013924403e-01 2.677552764540265251e-01 7.632495034996205074e-01 2.996403650593694179e-01 8.501888313071626069e-02 6.277588374815881167e-01 9.601275344258247690e-01 9.523802090970793222e-01 1.938990917209436615e-01 4.626722199580608486e-01 4.507032235760098926e-01
2.235585300359872463e-01 5.936262052749253781e-01 5.210104409488920396e-01 7.378868907882002448e-01 1.746796910388366264e-01 3.347728611458389292e-02 8.638969740303740208e-01 8.809500808318203591e-01 2.500242496875928477e-01 6.289755552025088070e-01 8.762293662282781836e-01 3.326862097136926710e-01 3.403928830785738491e-01 3.219158523435863284e-01
5.226107668469894829e-01 2.302023023027242044e-01 7.336978710856760788e-01 5.691563064015534579e-01 8.126387066209637133e-01 2.349280357011344078e-01 1.533415850729500374e-01 2.686637201659398677e-01 3.189370394167462264e-01 8.466986740883453155e-02 9.193261715136541445e-01 1.127836875060405086e-01 5.628942323963423977e-01 1.069101164084952371e-01
5.800889418426968813e-02 3.989630292898014297e-01 8.323718598619208597e-01 9.383428028594908987e-02 8.855990825821218326e-01 9.453608487419099538e-01 3.797695012813319115e-01 5.760058630838282845e-02 1.399808868818750440e-01 7.324498766713072317e-02 8.887957060270438303e-01 9.543211165272802443e-02 7.174827662709772902e-01 4.910653361891205160e-01
1.146854723168048151e-01 7.586728908724155174e-01 5.477561985127723521e-01 5.084551967051587074e-02 6.554066345924822734e-01 7.918579233188136612e-01 7.101365442564391284e-01 1.536201775911123502e-01 7.503100550354409037e-01 7.587563024606754913e-01 6.867475886359927228e-01 8.409759763265850507e-01 4.458234454107812272e-02 8.254525790618210124e-01
3.767146586315694989e-02 7.132048910668163932e-01 1.172431304302750110e-01 3.258057775939547929e-01 6.385085673615147339e-01 4.217018778620397201e-01 7.754837459534624777e-02 7.089343622724941785e-01 7.308994154384793607e-01 8.682461835474084566e-01 8.403069901855924062e-01 7.130489940274632454e-01 2.672992653721644185e-01 4.350438551316214708e-01
4.270202766279510564e-01 3.982808850256555067e-01 3.345059258870570762e-01 2.405810539597540432e-01 1.581586687294711524e-01 8.950174290667576305e-01 8.446858962657251002e-01 6.142129389018041730e-01 9.849556668336431065e-01 2.308996594318197815e-01 8.600038101949729619e-01 6.318787410801699478e-01 9.967158873770806116e-01 7.499344357124474447e-01
9.689056190727751705e-02 7.099087273107992369e-01 7.932123633774025295e-01 3.420720946403243978e-01 3.289623065472805363e-01 8.691002194315013973e-01 5.748434344925268391e-01 7.616450738951480171e-01 1.887434854758928138e-01 2.998079943858902308e-01 3.750184859293114181e-01 5.496282047181266783e-02 7.994700317251883792e-01 7.856731044870899350e-01
2.262628725291468967e-01 6.258706365609291167e-01 1.192206206014834180e-02 1.103847095428575065e-01 2.077629137921921387e-01 3.526813554991106159e-01 9.363966624292890950e-01 4.311642957208019489e-01 7.801028332381343411e-01 3.348701806863818575e-02 2.935841023619557566e-01 6.308286291434218596e-01 7.062710071318084593e-01 6.698616699406366726e-01
4.690571016681965855e-01 2.537606397323052265e-01 8.032864793544637338e-01 1.960462884992785204e-01 9.761156974938519637e-01 6.423653448005756106e-01 3.360407785880936693e-01 3.838373902987947117e-01 6.704833241065368821e-01 7.636272763592264479e-01 3.624957144148964749e-01 3.584163568714154868e-01 5.459759944840041346e-01 8.810199766359952944e-01
2.162660568771549441e-01 6.301607998683270706e-01 9.425541342051668714e-01 4.894632243063252730e-01 5.991368050820500279e-01 6.328769648662102565e-01 7.056715063389458198e-01 9.667212849429294153e-01 5.476445096876662033e-01 5.233830078850373324e-01 8.682476439670885338e-01 2.447720983188828026e-02 2.459041348842233576e-01 6.786119979643964184e-01
3.818096188072924724e-01 4.764710235923997894e-01 1.792564705146567627e-01 3.082816484920699596e-01 6.806118434183852095e-01 9.264879228514482090e-01 8.286199667064704233e-01 3.371249711374363356e-01 4.620492446413149157e-02 1.815633589735253794e-01 8.320748302163374355e-01 5.057937156114777899e-02 2.276809307468622423e-01 9.985930503910178668e-01
6.507352026454151783e-01 2.374592666763202242e-01 1.083116191102956316e-01 1.327540194688959785e-01 6.092906831858828642e-01 3.390267719039274930e-01 9.191555530838186883e-01 4.691313607167232336e-01 2.791628110050371481e-01 8.922033676083392928e-01 3.393591349980914496e-01 7.209678646078271358e-01 1.175277279948488962e-01 9.590917828988756444e-01
1.187002126161623705e-01 4.209491239657267014e-01 8.738274686408245007e-01 9.168728094172277077e-01 8.352308797710333854e-01 5.726848988854866818e-01 4.731034876229895936e-01 4.630072633474071608e-01 5.050848800108672654e-01 5.660321236833075753e-01 2.202843664407738711e-01 2.054062487372765311e-01 3.404800948854713738e-02 6.852999618590120967e-01
4.675302615158112296e-01 5.848063097356943629e-01 4.028238370912096133e-01 4.189394718109932247e-01 5.016699251880987198e-01 3.927230492355830993e-01 2.937398475138380816e-01 7.186329207051113110e-01 4.176113819475538724e-01 6.522885969273648499e-01 8.989980881266279589e-01 5.638283050455238365e-01 4.463246440443813245e-02 8.217021518276040881e-01
7.784290572375862638e-01 3.480448048500119906e-01 4.330479616189364389e-01 5.874615057738955537e-01 8.075441054800674978e-01 4.087199776025238762e-01 4.907139714956035847e-01 8.827598497804625133e-01 4.027529995720940947e-01 2.516862651802294071e-01 7.611358842816021708e-01 6.253117769246119284e-01 3.260760419600622351e-01 1.957066596243384193e-01
4.965964646301410657e-01 7.740525891037892681e-01 1.042960694918577680e-01 2.241065486672371154e-01 1.245725208472928669e-01 5.163936079536715074e-01 3.839383150165661673e-01 4.559220812596512795e-01 7.766779926134919076e-01 9.626735355427983309e-01 5.016778191234274598e-01 3.352792615960756839e-01 5.430499282595840915e-01 2.195192803048930941e-01
6.446629875842890822e-01 8.026430261082494466e-01 5.902506753233642822e-01 5.928428133287938495e-01 6.418483261880737478e-01 8.633644007806559051e-01 4.800882489574244127e-01 3.653565984609300488e-01 3.414087824383047476e-01 5.308376303921480410e-01 6.905301490730151315e-01 1.652025019711935716e-01 6.440984635651511026e-01 2.906653100295607528e-01
6.185541858487575428e-02 1.642048237985769266e-01 1.138074357000677939e-01 3.392204824504102545e-01 2.355537543584299565e-01 3.555586809131670023e-01 5.775832216277169140e-01 3.670023654575049754e-01 8.454158316689395214e-01 6.506883077172668228e-01 4.484832248312743408e-01 7.303078260353810247e-01 4.085431994374634224e-01 9.410116740308446248e-01
4.826692734575998012e-01 5.573740014925562258e-01 5.454677578780768865e-01 6.092075578246769485e-01 4.763185674350791654e-01 3.039199770341364237e-01 2.456649436434726885e-01 4.943284147782298632e-01 3.843805792465491145e-01 9.286828220531532230e-01 9.426965029869643908e-01 4.677584717777132362e-01 8.466057666945178140e-01 5.408971065270448131e-01
1.011191990526997264e-01 1.153648206524799935e-01 8.582572298529430599e-01 9.932562216731772864e-01 3.984467349426609184e-01 1.497668398336770013e-01 9.027011630339482062e-01 2.891779906723441762e-01 4.208604145583908496e-01 8.120374805656189743e-01 9.097454605688208851e-01 7.281021738474914295e-01 3.110271842551238786e-01 1.386077848106164190e-01
4.386999130866136021e-01 3.631007564979250590e-01 4.896525825513386998e-01 3.169289731266239363e-01 9.216215698944130175e-01 6.751059593092082478e-01 6.423064662696164051e-01 5.621050223773016441e-03 3.253286053372925757e-01 9.650347406697192820e-01 6.984832938673563030e-01 9.946562009950435934e-01 4.950094597853793577e-01 2.100054475712557212e-01
4.977587890460348774e-01 7.512402784061182892e-01 6.369505859192141628e-01 9.634024003866488162e-01 5.206345074562573894e-01 7.076181853202867522e-01 6.945454235920970332e-01 1.602324138089091798e-01 9.167674425409735317e-01 1.138134374677903793e-01 8.349358533709984043e-01 8.238852034742512043e-01 5.992131764759807133e-01 9.915033668345952789e-01
6.659535706849561976e-01 3.837690199223696697e-01 8.550178563101196172e-02 8.030450103900644843e-01 9.407363285800396380e-02 2.995904102588293760e-01 4.717851241695658615e-02 3.215008955833086324e-01 4.096652227793695644e-01 7.509686237626300720e-02 4.142168299771565865e-01 3.807325808334193207e-01 4.074185761735581446e-01 7.252266263021349690e-01
2.314885959249101122e-01 9.095375512295467146e-01 6.218893597763620607e-01 4.418669078314693133e-01 8.187000011263482202e-01 6.071226797270687925e-01 8.438552512151376028e-02 3.765435414684542570e-01 2.202496599678458455e-01 9.635742550869331735e-01 7.815181706918461479e-01 5.709162857227261245e-01 8.587410712651830647e-01 7.967447399569349553e-02
5.858823972292426241e-02 6.765478611331097181e-01 7.325821618851657835e-01 8.059428555315648612e-01 3.300481582879413178e-01 9.525530503322515719e-01 8.196223962455739809e-01 7.114513446281179876e-01 5.060804017263786925e-02 4.751012808730548098e-02 4.206659775212823194e-01 1.111384321132946607e-02 9.204293996920657195e-01 6.349736231391264196e-01
