1.895008964690955144e-01 4.449324119597887206e-01 4.131945897253208599e-02 4.244135936236067552e-01 9.957161861068154485e-01 1.779903073438893202e-02 4.614221807436136302e-01 9.530463940714478666e-01 3.789435211720664221e-01 5.550542922505889987e-01 4.494316041795698435e-01 8.542434215264308461e-01 6.751369692519195720e-01 9.136842317827124083e-01
3.513193270782211108e-02 3.844738924641550870e-01 3.892744671782499832e-01 6.377701171620407949e-01 5.448947433662246764e-01 3.726648721768427430e-01 6.345599011127308620e-01 7.003587520288252488e-01 6.665905095332014252e-01 6.397330777522215461e-01 1.416833753920649919e-01 8.397644907867797270e-01 2.600653268034003318e-01 3.626234738909693833e-01
4.714232745765766230e-01 8.166607096173029712e-01 8.219825559451409136e-01 1.084843045679817486e-01 6.259022124219548733e-02 3.179882436238290477e-01 5.841665363572481340e-01 5.330371753092388865e-02 4.094695874388220025e-01 3.227978293778529517e-01 6.350890987662727305e-01 3.665995626052411804e-01 7.793886442798302339e-01 4.537939650199309671e-01
9.888217953554059303e-01 4.841568301745712288e-01 1.530573300815760707e-01 1.970480245789101303e-01 1.748499920433332910e-01 8.570373850249297654e-01 3.575614296369498124e-01 3.043708608606506827e-01 5.289188875021622049e-02 1.353066503462733161e-01 1.960782137409406989e-01 3.496892574191745595e-01 2.149419679262200011e-01 6.949843041993036818e-01
1.708041549902752365e-01 1.672731061604531000e-01 7.739836725362245762e-01 7.656086727034339123e-02 6.809100963753169644e-01 5.198707293224668069e-01 5.992061091730295219e-01 3.792761521661760504e-01 8.264001956254646286e-01 1.587215804251845830e-01 5.392206912573818123e-01 9.798929916226917225e-02 9.282490270460380666e-01 1.423893281878698680e-01
3.247593386247482616e-02 5.447685595339354370e-01 7.331631427862440598e-01 7.616044386961137169e-01 1.399021974250869160e-01 4.002445140529897749e-02 7.113744792222058688e-01 7.969701135039120032e-02 9.100604028711545279e-01 9.358193498843266900e-01 8.697833677643279637e-01 9.981417375132384251e-02 7.354792333716472230e-01 6.287944375964144017e-01
4.283442120733362835e-01 3.159699874883002968e-01 6.623736581257473333e-01 7.342578513930266837e-01 5.188082919744491095e-01 8.437032392223565713e-01 7.031311448501510464e-01 6.662039843370577419e-01 6.874148074068632264e-01 1.195580718835631551e-01 7.165989156509107172e-01 7.650777001538086042e-01 9.382576242134631483e-01 6.317879755739457259e-01
8.711967039087478160e-01 3.933882218001635289e-01 4.271195509428897807e-01 9.516435876506412761e-01 7.963903035366951544e-01 9.672967627683318748e-01 5.208305347002597507e-01 9.923210169916032442e-01 3.181604623378619934e-01 6.013984544478861993e-01 3.529180106874765244e-01 5.097657804287740735e-01 5.822277435130014389e-01 4.192175830590165742e-01
6.552554852213526848e-01 4.574152926766427152e-01 1.498316703593873811e-01 2.703066205564261804e-01 1.199885800425152249e-01 8.269180757024950923e-01 1.323008808564909433e-01 1.250512796551139783e-02 6.497112647016578535e-02 4.429543405742117912e-01 7.380025610084780530e-01 3.917927763638915373e-01 9.119973863894619281e-01 1.080007045795949860e-01
3.804401911072685660e-02 8.481080550919003480e-01 2.967083787292416064e-01 1.375482958952600754e-02 4.718289253873859668e-01 3.200940528906774940e-01 9.556327902179900802e-01 8.153964984550305939e-01 2.342511285366518647e-01 7.966415916898411664e-01 3.828586800014922575e-01 4.287273369490929298e-02 2.373513837913086011e-01 6.734789164875882861e-01
6.146501502105592429e-01 5.788703297739440368e-01 8.901412064081312137e-01 6.828651438027921738e-01 9.685371473827586453e-01 6.875975548197065246e-01 9.654430511872330589e-01 9.407444782289984264e-01 7.384661739006146419e-01 6.819925710877072778e-02 4.680532302346969153e-01 8.279083106759889121e-01 1.452231136042294590e-01 8.032300248889379102e-02
2.475942073557650946e-01 1.397582833013967241e-01 8.448794352108320860e-01 1.497257605668995684e-01 8.678498785564611184e-01 9.162700933378862267e-01 1.499383003037695339e-01 7.127267150534634110e-01 4.701850604244697251e-01 5.057601960428471655e-01 3.823420245672654039e-01 4.835127455307138833e-01 2.106800312825130028e-01 2.579017218767265529e-01
4.931838344619965397e-03 6.053924362716879282e-01 4.365601188446646130e-01 2.161582435600117869e-02 7.865140033772709538e-01 5.014842274984223636e-01 3.435695800542638567e-01 4.679079320173222811e-01 1.652066368240080463e-01 1.639826124072991664e-01 7.355738478520849055e-01 5.191401058782280087e-01 8.852379833980570378e-01 6.685764649773751067e-01
7.838672072891478271e-01 9.064392747668859052e-01 3.780383179400231830e-01 3.794596662951928989e-01 3.550081883707196795e-01 4.169468329198929846e-01 4.554262496036971530e-01 6.622961711386583517e-01 9.596880522532815760e-01 2.739848326320215577e-02 3.150066765734620411e-01 6.581362445280989348e-01 9.395622165165699036e-01 4.010667712317523836e-01
3.561711374870601965e-02 8.199614668560843977e-01 8.176673960525232543e-01 6.205390767617824377e-02 6.564257900677621382e-01 5.956688290671003916e-01 8.139437870472341352e-01 7.877397254375362312e-02 5.878441147415189860e-01 5.034407985938119667e-01 7.694623415577231951e-01 6.839052102193828864e-01 6.348838566645920167e-02 8.698961672521284827e-01
8.856665018331111305e-02 3.376101783047631422e-01 4.239857552637342764e-01 8.388233591470384276e-01 7.755143228992962268e-01 1.742658663337762759e-01 3.063185733478059891e-01 2.982186207487204088e-01 8.200250703468346947e-01 7.735166152595587263e-01 5.435507087665603088e-01 3.933698407859331780e-01 3.520745327026933991e-01 9.656856511544287258e-02
8.765434831920640990e-01 6.855449710097238913e-02 8.868665186414897983e-01 2.363246479111521525e-01 7.928451894205512662e-01 8.163936082850050679e-01 5.621159693507351562e-01 8.686185160477878364e-01 7.386846587041893120e-01 4.393884033428544500e-01 1.228680715468170037e-01 3.047354138478494123e-01 3.955508297967713638e-01 2.622024329059193803e-01
5.526705715363400273e-02 1.827277103712402484e-01 4.576565814218158668e-01 8.877081099810070208e-01 3.987214053197362107e-01 5.149646315259739371e-01 3.763615265709252533e-01 9.883064003241709417e-01 4.266755294634192452e-01 7.895617093922129293e-01 5.698170083436193689e-02 4.553517193463334500e-01 7.332176391248196312e-01 8.442450176155198438e-01
9.234572309126403145e-01 8.650368095727145601e-01 7.416310558274979980e-01 5.023011261164724850e-01 1.695885303654309784e-02 1.372295831670569122e-01 8.864943333478414456e-02 8.342333924671596623e-02 3.934113390193086923e-01 1.589480636769258215e-02 1.883117778372203066e-01 9.187679178511283240e-01 3.899486726324525865e-01 1.611053728576353761e-01
8.412969501568047237e-01 2.951507610908454815e-02 9.827418882980305526e-01 2.625029778386013257e-01 3.619899083462165823e-01 5.422289790418222122e-02 9.219630714381032988e-01 9.353587041713604666e-01 1.695513573326051793e-01 1.540762272485012296e-01 6.823025864159295573e-01 1.416041099564487871e-01 8.865131592793173976e-01 8.939647877309716550e-01
8.563469967118764181e-02 5.637110818143903357e-01 2.177606121934462236e-01 5.525444879655502239e-01 9.125856458013673622e-01 9.668360201481690508e-01 1.115185263608137189e-01 2.797920545492940114e-01 8.253327248296107310e-01 9.224008622788166800e-01 8.621809011212598906e-01 2.340045920504746357e-01 9.983134588833221246e-01 9.337573619231098743e-02
3.887032717028884310e-01 8.599372946811280061e-01 8.799065814703833643e-01 1.771629873845902425e-01 3.075064094225141709e-01 3.861878899433954793e-01 6.504423399757023327e-01 9.204757544905073363e-02 1.731421142448731354e-01 4.742199787194141258e-01 3.219491066570934201e-01 8.089604399402762214e-01 7.442804960884370491e-01 9.706228740430433710e-01
1.299898718714886936e-01 1.970146450371401681e-02 8.062036354920013581e-01 8.227164938088713519e-01 2.709958176803695107e-01 7.533594670973318141e-01 1.401259493312277948e-01 2.768097266153752845e-01 9.355120274464187036e-01 9.271843990605944663e-01 5.415924865692834933e-01 7.410469087902749052e-01 5.124300352113762003e-01 2.117349726412994793e-01
2.873535931910835561e-01 8.470738456762672008e-02 6.181152590651778356e-01 8.970740877388504453e-01 5.742206719368007084e-01 3.208565370084281998e-02 9.531680643525847207e-01 4.076054849460860607e-01 5.548062067724168767e-01 7.608726966715922968e-01 4.814673519112219191e-01 1.863148207373909182e-01 3.642141051614357083e-01 4.888935406321158750e-01
7.633954956495873079e-01 2.745376814239037788e-01 1.049207998633006067e-02 8.542134867752539940e-01 4.535658095187222738e-02 2.384850326114240637e-02 8.206600469096927419e-01 9.723157691158178517e-01 7.984924803314810138e-01 9.901044756020492832e-01 8.751610644921405946e-01 1.822847849423999689e-01 8.366823796279343473e-01 2.796664944348111748e-01
2.916605122336899392e-01 1.283118264083430438e-01 3.470514617208915187e-01 3.808925511998259017e-01 6.577980933094205174e-01 4.246096303730796384e-01 2.592629583655530201e-01 9.183567864125881108e-01 5.660201483596294381e-01 6.162692085878946902e-01 7.819284139911857334e-01 5.377175144723012057e-01 7.221108141102428046e-02 1.769649262317867233e-01
3.503793519401151579e-01 4.932471954512614998e-01 7.389093725981238370e-01 8.980670653344933196e-01 2.630707366790145940e-01 9.636010408513280279e-01 6.531385337011733627e-01 6.018253477682998787e-01 9.345924243210902427e-01 6.283712334101918540e-01 5.703509360302817521e-01 1.263804661073509861e-01 5.461039273165528840e-01 8.805227956035387438e-01
6.421458309107308526e-02 1.731124502166181411e-01 5.515084063142949855e-01 4.445525982918371311e-01 1.296890833016340894e-01 3.489600002629739128e-01 4.512777671628949161e-01 1.839211085080016961e-01 4.547290515028151736e-01 8.437085232864374174e-01 3.827935558358445123e-01 4.287310183824295517e-01 9.775815598361613512e-01 2.620302797314899568e-02
6.599247327101374072e-01 3.624254271688647222e-01 7.000883588490131038e-01 3.796343514558184751e-01 5.928557385986966688e-01 1.516663884159257236e-01 9.668500708324127002e-01 1.646717245146566144e-01 9.871351493425426504e-01 4.571781575966171740e-02 2.650105036547487636e-01 6.666215407547789740e-01 3.084344446944170537e-01 3.111575991109760686e-02
2.853186679988128915e-03 5.221960546847334017e-01 2.321485825019889981e-01 8.982355736545863945e-01 4.153936457400065896e-01 2.450691950675790709e-01 7.284591358913582448e-01 9.609301876150171395e-01 3.085615607176037667e-01 9.046807242453915876e-01 4.816098816193697951e-01 5.763179220832568284e-01 6.222890082865687456e-01 2.883395921540103934e-01
6.100172137215088553e-01 2.575092743891098657e-01 4.112159697792151514e-01 8.152615829634898281e-01 6.702399445815592216e-01 3.973168016490469245e-01 9.632559979963903896e-01 8.860960428949122836e-01 2.953180319503345697e-02 3.292960707438569168e-01 1.762808064556098397e-01 7.558164375551652547e-01 5.589774133393525801e-01 6.901433960500610310e-01
8.505121953731931139e-02 8.347436672437197336e-01 9.847771021144248182e-01 2.064127109078250921e-01 2.675849326429471375e-01 8.184494481738087135e-01 8.539814723984862077e-01 1.073583934935418149e-02 7.447909797701934842e-03 5.948804636695056436e-01 8.808352830575222336e-01 9.219724372097618526e-01 8.516511360102217987e-01 1.083524607362835734e-01
7.493267854664873440e-01 5.132452176363113683e-01 2.815462762710608802e-01 8.059859425618216555e-01 2.806225178788200880e-01 9.175791721075893248e-01 2.655095762606155541e-01 8.244059296989386665e-01 9.159037087965057333e-01 9.178495184809201124e-01 3.173330239427863964e-01 3.170536608092955344e-02 9.727422579017801496e-01 7.722794716285739103e-01
2.801843540901043372e-01 9.245041887666105573e-02 4.995403511275855468e-01 9.121452212899505696e-03 8.032329925742132115e-01 2.791619861010691261e-01 8.908130010386043907e-01 3.344342416027928921e-01 8.710243543559388346e-01 5.891572030606695431e-02 4.021740184413101771e-01 1.388616369971937825e-01 4.544451937282256715e-02 8.718213394377996028e-01
9.271264765667005525e-01 2.094059008672662925e-01 6.215950677846444616e-01 5.496723110400695278e-01 8.074626106078620635e-01 8.332328392877337286e-01 4.286173693548189778e-02 1.703397603899019508e-01 5.360325727637258453e-01 1.338323598790049918e-01 6.849531704471020221e-01 9.055521807499945508e-01 9.237111699537083886e-01 2.775565440982485921e-01
2.871853633447247756e-01 1.666455081608659849e-01 2.023488225789200623e-01 7.847814984303159713e-01 5.185139651923157400e-01 3.968093800115208847e-01 3.211294994739163355e-01 2.657557758205335574e-01 8.869437978193575045e-01 9.360077449424809570e-01 4.402380580350429007e-02 1.718898270274674678e-01 9.218563240867567732e-01 4.001701985778627346e-01
8.614393432531555206e-01 2.393781570178101781e-01 6.188964325996545446e-01 2.912723752727700566e-01 7.706995742201953048e-01 2.428243026656909942e-01 4.697402876193822463e-01 9.840886296067196115e-01 8.165711575374958731e-01 7.857305827158534983e-01 4.859413309571445350e-01 8.797915500474741135e-01 4.232604880386909851e-01 1.259193555434781064e-01
5.064443970045494625e-01 7.329794502939261935e-01 7.178797391844252695e-01 4.174634355500497218e-01 1.552131842367256986e-01 6.283337102284592968e-01 5.970766733850931818e-01 8.600587525813344625e-01 8.949159406123069482e-01 2.295451793155607323e-01 5.886316164609655122e-01 8.095841256975064848e-01 6.481951331141966310e-01 6.381287001302988759e-01
3.686974838505172603e-01 8.319122776846021861e-02 3.214739714302222717e-01 3.942378619310890064e-01 2.454200484787876224e-01 4.387788763022937299e-02 9.621687898215072199e-01 7.015739034773106342e-01 7.226047488815080522e-01 7.029733794033847794e-01 7.398125377353330645e-01 6.630727779006417855e-03 4.619078022497227209e-01 5.957188047123509467e-01
1.656698235362402682e-01 9.134007374508112953e-01 8.276586569212708300e-01 7.227160802436058962e-01 5.164155252569728738e-01 5.542019225877287125e-01 8.493852865536106744e-01 5.088574638922516158e-02 7.541816948346354854e-01 4.840737806069141946e-01 2.426422727396604362e-02 1.337447840031722457e-01 4.104902721035617041e-01 8.627479490581295707e-01
9.238096803690796222e-01 8.727754675952729135e-01 5.085516077527874046e-02 5.119272200178420773e-01 3.555979149653812899e-01 3.247914417810709997e-01 3.467038104798964016e-01 9.779895067262371899e-01 9.099380835662251865e-01 2.345999927161923626e-02 6.604427414302507238e-01 7.351838563046315667e-01 4.203333486085033543e-01 9.845137027918260397e-02
5.299612598011691489e-01 5.647512699582145634e-01 1.178284879355484538e-02 8.618678184434681588e-01 8.303065016327244585e-01 4.167994232951550693e-01 6.848314851908833267e-01 7.541948750568290283e-01 5.997087415236679320e-01 3.520205475935458406e-01 5.282774117497244237e-01 4.559924078762046529e-01 4.156684886451257332e-01 2.972872368832468748e-02
1.575916437418556360e-01 7.201994102727515834e-01 1.955612315225144782e-01 6.030031358717412582e-01 9.948851976409943676e-01 9.717038841858405274e-02 7.182473829404031340e-01 5.694761072267893187e-01 7.533758267857764146e-01 8.433199483621501846e-01 3.083133133856186259e-01 1.955526629954329465e-02 8.505927216010521486e-01 8.402121757732272656e-02
6.248654338351690152e-01 7.016919799229984767e-01 8.940714544302910127e-01 1.092003383311208609e-01 5.619110023383117047e-01 5.719814262485650724e-01 1.240750366819149964e-01 7.404650868475282088e-01 7.623034301408027069e-01 7.407802927855033914e-01 8.793534187702262139e-01 3.826020305085857665e-01 3.215420894978952004e-01 7.144903277469150105e-02
8.971548077188080672e-01 3.257894246128950622e-01 7.578475334863979951e-01 7.264889460320766990e-02 6.710793774679316703e-01 7.732988208197630886e-01 8.827065935969052868e-01 4.922456168883508898e-01 7.139189756535184728e-01 3.151240389201912517e-01 2.651931934184108552e-01 6.016081799633038463e-01 9.542734762946661897e-01 5.535314875900397835e-01
8.815019804148411797e-01 2.772263827468249842e-01 6.400000272063137707e-01 9.396574344217074604e-01 3.591987813084657200e-01 1.515719750359116880e-01 3.970362213393677786e-01 3.266741649406149639e-01 7.087484582189096383e-01 6.546221046429346879e-01 3.845155806074662674e-01 2.653525568902422860e-01 8.963320633638177659e-01 8.414920311634052075e-01
6.808277153991990627e-01 9.197524224896137524e-01 5.227358739838888768e-01 6.280339996950138337e-01 6.125587048086472697e-01 1.572662102913116033e-01 2.621182927245346850e-01 2.684127973612893125e-01 2.161978515893173691e-01 5.909515370180973282e-02 2.877107312050076748e-01 4.201815742600358838e-01 3.759035091010720642e-02 4.022077337449609935e-01
4.830065475522313800e-01 5.982640798074556621e-01 6.275346902087516332e-01 5.451361266024354890e-01 2.833289123657222186e-01 3.857726176211744296e-01 8.828353365028049904e-01 3.659122709275508534e-01 5.557873249430863583e-01 7.393260359586389940e-01 2.997576965607490207e-01 3.260374305027257114e-01 9.593007639580470869e-01 6.306645637002084026e-01
9.190888653553140886e-01 5.621034306778062151e-01 1.506456197899185279e-01 1.832010209849617155e-01 4.924423447800647669e-01 1.311440668014913769e-01 9.055255278411029618e-01 5.142669314459601404e-01 7.406799951396917381e-01 9.436365904287001838e-01 5.341162597647181043e-01 8.153495563498419640e-01 2.489133489395672916e-01 3.289126949294406410e-01
3.183154200408968570e-01 4.935342310802870447e-02 9.354198105238317185e-01 5.528276000120920797e-01 6.427575786425855364e-01 9.552251588571887275e-01 5.459177218898902950e-02 8.884582024909122300e-01 5.558464584170492717e-01 6.212528201405249639e-01 6.113383739276538886e-01 2.447770087816871776e-01 5.595433084523394607e-01 9.193752488401008005e-01
6.504988094464714266e-01 7.793131352611107898e-01 4.154760501805206951e-01 8.888852247967454767e-01 5.213319114308896385e-01 9.182446347292527733e-01 9.568654085277835675e-01 6.684709570902108711e-01 1.657876975402785558e-01 1.690087962245107045e-01 9.933788334572740686e-01 9.793260325234584007e-01 8.169496757111645024e-01 3.832506372763564428e-01
3.288263614925600598e-01 2.829274911782886370e-01 8.793552358889944465e-02 3.928021235897616315e-01 8.188156936386559170e-01 4.394085853244356077e-01 6.790215188050795492e-01 5.586193706609378085e-01 2.923205408998464927e-01 9.314849523361383721e-01 4.486687138979520428e-01 4.784858915592458128e-01 1.159092163406223452e-01 2.961293743348580865e-01
5.217152106720648330e-01 5.531424490075215195e-01 6.491948563214278156e-01 8.925165622776131125e-01 2.010877948589543385e-01 3.367714731492872371e-01 6.188933927008805069e-01 6.213032211347135902e-01 9.987913772891371389e-01 3.838456975536762572e-01 1.469038945596496948e-01 7.885354790587355556e-01 1.150367114363415322e-02 3.350052658845551479e-01
7.048476153115540432e-01 5.079774285470906037e-03 2.584886103082915110e-01 7.157309380463143800e-01 5.452213824626004346e-01 7.383898302987231821e-01 6.984362550045453144e-02 7.272487840005352755e-01 8.967605978271281364e-01 7.943882554565617760e-01 2.797377191098893157e-01 5.846181635017733136e-01 9.150571482779132904e-01 2.116530081657744811e-01
5.717663019389354062e-01 6.693793530011123982e-01 5.483871813125069661e-01 9.555339415682495563e-02 8.539174005477769835e-01 6.211276908351307524e-01 3.841521056761609820e-01 5.341052562604580167e-01 1.422153550765740126e-01 7.958789955429224072e-01 7.672015610114601980e-01 8.190821507125933820e-02 6.751829560225320881e-01 4.169448573479671571e-01
2.401212447620393320e-02 8.813957895472118720e-01 7.452764461932298579e-01 1.844416081591101486e-01 4.251848161192319786e-01 1.971554212983916976e-01 4.956245768577430821e-01 3.356356899940877714e-01 2.647492839906306905e-02 7.947592900763521540e-01 8.659894304257622633e-01 4.047461405071299811e-01 6.476381203586397683e-01 7.037010972545322263e-01
2.644755528004383294e-02 6.537895523815168142e-01 6.338331662932028543e-01 1.454919816431414770e-01 4.469001118661982686e-01 8.403770661221020566e-01 3.985095116399980375e-01 7.467462832399855976e-01 8.056007756131694508e-01 2.825698886247715036e-01 6.073376128146426023e-01 5.549515143411102303e-01 3.699712110408125421e-01 3.337269306487395948e-01
4.377685096044614532e-01 3.969392984506522337e-01 5.203179535011381862e-01 5.422046089726184626e-01 2.695180209068307464e-01 3.639730681441248894e-01 1.585398540294272740e-01 3.020621973075319211e-01 8.004757629404611885e-01 9.031195479008012894e-01 1.834912309616034687e-01 7.528297847215424943e-01 8.134720588884745140e-01 6.081935863405414366e-01
2.007100702030716333e-01 9.182458141378454508e-01 7.063265696857307097e-01 1.171559320338473320e-01 5.450064743299731784e-01 6.852152759186380671e-03 7.741212450242718202e-02 8.804945311240550687e-01 7.999829702921633645e-01 1.867538454582994278e-01 8.533867267084398467e-01 5.636228552622722932e-01 1.343316390533212390e-01 7.168854597279583629e-02
7.740945366090665747e-01 2.586629005324786457e-01 2.643086981763915766e-01 5.099214324961401923e-01 8.687854392328975273e-02 2.450713055842768107e-02 8.117913892869795811e-01 7.032002137467907588e-03 9.557716151302086960e-01 3.015439647179551930e-01 2.103151972336796405e-01 2.967778513058367817e-01 3.554004160322209449e-01 7.660363924303122962e-01
9.505729852261853852e-01 7.782433656765466168e-01 7.914858769590733534e-01 2.027856677824414477e-01 5.786037889344918250e-01 8.234465332132360205e-01 8.327720780754528374e-01 7.956751366953248583e-01 3.457740983503309051e-01 1.658791514044551940e-01 4.863230745645061859e-01 1.663470259648615057e-01 9.719468069973468127e-01 9.838213692245973974e-01
5.602014194861260066e-01 9.681567968327317031e-01 8.181162746195580482e-01 6.821179684090026285e-01 4.190157562607939035e-01 5.850278977815119852e-01 3.045036288846666439e-01 7.343411103647001781e-03 6.743702416970280833e-01 8.023907451174105976e-01 3.265691022019930889e-01 9.523450788631920849e-01 8.779217859792676215e-02 9.533423237512750337e-02
3.801999190201553747e-01 2.318761472602437479e-02 5.771924076209781207e-01 2.743119632976699362e-01 1.445266581966395680e-01 7.210895446393823516e-01 5.265936624991338633e-01 8.763937067963895045e-01 2.067882717815613391e-01 5.340481677229761415e-01 9.145283106376522753e-03 9.088942957783854304e-01 9.567633729987583546e-01 2.542201595163824379e-01
4.804169243417500956e-01 9.524841690271999006e-01 1.563370553275733599e-01 3.771669745367494109e-01 4.324149235112264567e-01 5.557591816100841964e-01 7.498213019937072232e-01 2.383149372965187585e-01 2.749184403068150040e-02 2.694542031013597017e-01 4.079081621191448237e-01 6.690904295571308280e-01 5.326805278655866172e-02 5.611379884056391099e-01
6.214316052223571862e-01 4.615197340543655269e-01 8.313708800290631196e-02 6.226422915646112610e-02 8.663874594630716075e-02 3.286364772167639225e-01 7.125971412776069824e-01 3.296074827351462844e-01 7.330935020565987337e-01 4.668602094575922123e-01 3.985925644741572516e-02 5.652108176724409683e-01 8.622866871888819063e-01 4.343710149846173874e-01
2.895897746903299819e-01 7.700909698712830043e-01 9.468459160015784137e-01 2.523760279193070222e-01 7.700727599080601227e-01 3.205654461936768840e-01 7.576152873370460838e-01 7.185070954393606435e-01 7.274866169385884040e-01 4.360806642010883749e-04 8.771106578300301715e-01 7.872736314491530774e-01 5.336071044992954926e-01 1.305742230077792110e-01
6.897177127869180691e-01 9.064740424906340133e-01 2.857263537268277531e-01 5.418749880878014347e-01 4.158395150874459878e-01 7.547460727596334573e-01 9.921955008389387043e-01 9.935918796356763005e-01 7.604917530385782998e-01 4.820610020730787815e-01 5.577202674994641285e-01 8.557969660848084859e-01 4.622034586852358240e-01 4.444272245033106250e-01
9.959578229281198514e-01 7.630032232801563508e-01 1.039748377580054228e-01 6.285956347191067328e-01 9.974030140487570861e-01 6.199568038793857871e-01 7.605828635833083995e-01 9.835127462978222601e-01 3.295063010558952898e-01 1.939638709792350646e-01 3.950790277568818620e-01 8.845094580894408143e-01 7.245200981652076822e-01 4.357961718914802329e-01
4.412069768615836107e-01 1.846894220160958389e-01 2.969164769649124125e-02 6.148176606306634540e-01 9.388684554156487838e-01 6.898748990062063546e-01 4.700094234680057825e-01 6.003069497107935693e-01 4.297629247560814658e-01 8.052085697340654047e-01 8.691920523419499611e-01 3.256949411459798549e-01 2.385766059459987209e-01 2.389956581468821728e-02
7.771465607635651418e-01 6.076637202353094569e-01 2.388148130855544116e-01 5.254750920729206465e-01 2.971034349703562949e-01 7.585854138140102343e-02 2.199104087288222820e-01 8.051635945855840637e-01 7.520225478331615809e-01 4.246641417290264453e-01 1.441516748594309227e-01 2.923086805907768593e-01 2.811650307654411929e-02 1.332734415157160734e-01
3.915631509482249140e-01 7.364399381472298556e-01 9.319744837749379673e-01 1.316432245248078114e-02 8.956086854544779152e-01 5.248772169848829883e-01 6.584460194081307449e-01 2.715514298966742457e-01 1.120621578727690748e-01 4.004267450824843255e-01 8.462663528814886593e-01 1.885997449659665426e-01 1.488337347708059699e-01 7.010589060418858098e-01
3.576310511876187315e-01 1.670605248070909932e-01 4.200303447502078402e-01 9.065928176605465572e-01 9.972811876182596791e-02 1.907426021226944490e-01 9.834527379376303280e-01 1.440921684767431099e-01 3.079761320573922712e-01 5.170838978443320633e-01 4.909420159171637987e-01 1.856653011718625290e-01 5.112848733629020703e-01 9.771618218793114430e-01
9.286500534015857955e-01 2.241625898920683868e-01 4.030181213519868910e-01 7.099511669291487248e-01 9.714777879339323574e-01 2.321085053997716807e-01 7.128198484414342007e-01 6.912050266696052603e-01 8.786202006942729348e-01 4.243211058412229564e-01 6.093005765919889960e-02 2.376766643042673710e-01 4.389532793698127655e-01 8.338503252743896255e-01
5.523022839496078973e-01 4.570024517094016803e-01 4.431445154057955804e-02 2.817471514311364889e-02 2.332859738449961640e-01 1.926936206648273142e-01 1.818443074578969254e-01 6.733744263120000628e-02 4.694712307983561761e-02 1.883867300766985942e-01 5.461349079468308387e-01 7.231204519152216736e-01 6.179960777871582600e-01 6.391244654812626713e-01
9.611326755371948360e-01 7.454610160372809879e-02 9.397291259541389330e-01 6.965445799304161856e-01 4.764812582147235354e-01 5.722408072174259841e-01 7.407033986959515870e-01 5.563175166851231923e-01 2.672699886136038483e-01 7.894132506419454520e-01 6.403440415193550894e-02 1.581141145990387908e-01 9.895908172386957968e-01 1.448684495342007494e-01
3.816820760204031604e-02 1.447617230268850586e-01 4.995273984447176074e-01 1.265381235783080704e-02 2.664411733335112498e-01 9.527675381294009593e-01 8.004634393941095771e-01 2.877161463659683172e-02 2.173765658052393412e-01 2.641515069422804007e-01 5.804586069220115663e-01 4.832132795032120232e-01 2.864195077621763952e-01 6.665221695261354107e-01
9.300036681217177525e-01 6.963406583564528685e-01 6.538412071860522090e-02 9.753546176497669418e-01 6.294079539401468137e-01 9.349470638882850793e-01 3.276403274229368057e-01 3.446614112124872786e-01 6.644769852740224358e-01 5.716793923131489041e-01 4.591211365517664511e-01 2.812772204998393866e-01 4.694600465009802770e-01 1.378093695354385417e-01
7.110641497849287118e-01 8.185997386215493332e-02 6.852415829548716975e-01 8.817813830394779506e-01 2.727443076118220011e-01 5.541908824202421702e-01 5.158473669363355940e-01 1.225715655091659251e-01 3.567535142994046060e-01 6.541813378842589177e-01 3.126438657956587264e-03 1.060384359532965393e-01 7.640255059767222523e-01 8.529038458233549891e-01
9.015947420478622742e-01 5.058048957006382462e-01 9.717282954717693100e-01 6.755430864986988748e-02 9.676999799570137339e-01 9.945281082651286075e-01 4.341501272032562975e-01 3.183852927001500355e-01 9.895003776887070224e-01 4.768576782719262663e-01 6.581817147435697901e-02 6.436503184458386428e-02 3.587032949601968168e-01 6.340349488404239953e-02
8.183863941334437175e-01 1.668029408268929537e-01 9.857526632340872785e-01 5.706165863898486901e-01 7.460327264993870111e-01 8.150260387270026330e-01 5.950169105349248921e-01 6.853825028704969569e-01 2.525992205042904004e-03 4.991447716906669552e-01 7.270809792667143334e-03 4.281869930134837299e-01 2.971260215768600776e-01 6.813217625884471218e-02
7.461164430293715233e-01 8.281428866467014371e-01 5.000143496637800000e-01 7.058089432264346152e-01 2.892540594640027329e-01 9.980879321865108178e-01 1.601583294950378322e-01 4.019565709213644977e-01 1.095844735538916703e-01 8.961752742410742378e-01 1.658457207725496652e-01 7.056608801487707083e-02 3.426144604722799469e-01 5.485215671475837107e-01
6.005503103565510425e-01 9.150231051936018600e-01 3.149467039320273942e-01 5.609896335068316198e-01 5.479963099778684121e-01 1.827621295669185075e-01 6.410203398248781603e-02 6.275898597892702879e-01 2.755423829941268110e-01 8.035657470574786299e-01 8.123958366678407650e-01 5.887120803157248616e-01 1.565861148163886218e-01 5.975725810744426658e-01
9.384078400898495653e-01 5.967659955206996436e-01 6.690703351610272076e-01 5.391492751020166008e-02 6.144611808952317178e-01 3.458528878499156356e-02 5.784724835970610490e-01 1.998185502649540979e-01 3.490035228303067782e-02 8.148819959318730488e-01 7.641549788764968598e-01 8.183586272107252757e-01 2.915408439214096648e-01 1.964585227999735562e-01
7.456827567344054275e-01 4.207195406179123909e-01 1.887805099627841710e-01 2.268054823328888858e-01 4.160873690059393448e-01 8.746494904656828551e-01 2.589968983004742320e-02 1.816845669960729381e-01 8.782583422419660835e-01 7.363975538082813133e-01 6.005714996731185140e-01 7.433741728735984156e-01 1.818862923605718551e-01 2.638380213660675988e-01
9.376430431172003699e-01 3.538257279190040183e-01 1.443987087001115110e-01 9.140949019704756040e-01 2.793352848683372525e-01 7.028478158952184973e-01 8.220539170482666913e-01 5.510914464784244515e-01 8.546698114294716264e-01 3.077492943093229627e-03 8.874797673286098920e-01 6.197624956941012453e-01 9.031649608884738667e-01 7.031122847396595876e-01
2.924893402497116268e-01 4.371219253602592891e-01 8.157870849454847972e-01 4.458506498392870165e-01 2.627014625495250888e-01 9.555855542583990836e-02 6.073385515891259745e-01 4.697993833891134230e-01 9.310405457811286034e-01 3.556646651393461367e-01 9.192264767311183471e-01 1.328741375668484048e-01 7.950246141083538998e-02 7.456738035566466971e-01
7.133976175718994561e-01 2.901201982770512666e-01 3.017919817135872318e-01 2.462111600871640382e-01 3.485505311545714635e-01 7.945695295828345550e-01 7.649660192367215839e-01 2.552459681332956976e-01 6.156334225801771698e-01 3.940561477037172189e-01 7.259493437616992839e-01 5.165154923217221139e-01 3.050318234567483966e-01 4.890993205302096580e-01
8.059903636289765805e-01 1.032403836043235268e-01 2.572714820979917771e-01 6.987148191133445430e-01 5.272664170064255140e-01 4.694035060508884305e-01 5.521462681298245911e-01 2.664573189558694377e-02 8.635553617224577261e-01 1.401612691344603645e-01 7.736500812377875569e-01 7.944249994496795919e-01 7.413262458502382080e-01 3.668197895380338469e-01
9.115852090661675788e-01 3.099399756658894889e-01 2.971279084258735548e-01 4.225226574865188489e-01 5.535327520094052156e-01 4.229923284494285785e-02 5.755671338641776824e-01 5.749777865430895085e-01 9.849390387836047811e-01 3.038431901251591460e-01 1.870872059902694007e-01 8.402626153307330981e-01 2.133624719106382850e-01 9.894478992240199888e-01
2.422609190839525306e-01 6.988857847408047608e-02 6.065760974253650017e-01 7.147755142893884583e-01 5.686968051732479434e-01 1.836836606009106809e-01 4.263062441593076235e-01 7.651147626508904009e-01 7.098602683942094593e-01 2.264908880439482353e-01 2.488797914723446247e-01 9.535272374526770900e-01 3.748328573690780097e-01 3.046310904581227552e-01
4.353129235870466518e-01 1.440067883524308590e-01 7.682218267446137006e-01 4.632197769513416441e-01 1.331781237067654056e-01 3.518968657753712703e-01 8.304670459687391038e-01 5.652412929523433771e-01 8.302491651836008124e-02 7.468481021015788146e-01 3.169339280396457070e-01 3.552574996606158164e-01 7.369439842447278455e-02 5.029554715995839809e-01
1.189167784393110328e-01 9.116313609178389177e-01 9.413690290331270250e-01 7.339147407545074664e-01 5.562725577417848566e-01 9.152450949071513353e-01 2.773858418871820719e-01 6.791054666137481544e-01 9.745924685113971364e-02 8.679418965373980610e-01 3.322843268921145121e-01 3.198313089272312171e-01 2.183963395258181617e-01 5.468096728821603136e-01
9.890170316008605189e-01 8.814501990910259543e-01 4.410406837096156885e-01 6.594825621317645936e-01 1.296281426163461425e-01 8.567091155579965589e-01 4.006376237706958943e-01 7.276296809187672299e-01 5.177899750204801865e-01 2.447870618196766879e-01 1.294321895604999550e-02 9.884301604251812812e-01 1.342479738219548580e-02 4.356425520243357719e-01
9.534006925663073284e-01 9.548181725994459024e-01 8.958409048844360179e-01 2.946861257184831828e-01 7.709406880175715404e-01 6.687748643833582030e-01 9.846017439444670893e-01 7.812689099262672965e-01 9.955469727620932519e-01 4.027840367533387367e-01 8.615378375232658481e-01 9.436976960756576771e-01 7.199951380549370894e-01 1.305596093532090940e-01
2.425863511465512490e-01 8.746042616299732897e-01 9.635643723908079439e-01 5.914919185493831000e-01 3.749265368687563216e-01 9.249109112301904245e-01 2.374100936183213273e-01 9.901650450208949739e-01 9.338942237067977548e-01 3.395508253793465547e-01 5.858718159699097816e-01 9.041773033552850114e-01 5.096924984347949161e-01 8.928085498999457359e-01
9.989344467225877988e-01 5.911344786301677701e-01 5.690012692289860841e-01 3.333698021568942682e-01 3.343964319964596310e-01 9.096238870354822481e-02 1.132105144770345628e-02 3.636825428213379396e-01 1.495715242266124623e-01 5.443870086143665077e-01 4.003013281208991359e-01 5.560243991780224881e-01 2.307879965791683752e-01 1.766387498962124214e-01
7.431105904322251599e-01 2.046632799649339418e-01 5.354555256800819230e-01 7.386378772181824148e-01 7.257180411789840857e-01 1.092773074136001998e-01 9.639225860386827494e-01 2.742812997371659733e-01 2.074729369362446896e-01 7.101012102038740670e-01 3.725634371651166399e-01 2.609505904453777170e-01 8.499575883031535994e-01 4.517615776798902250e-01
4.762684620737093200e-01 1.965252692647045940e-02 9.807363636619831349e-01 8.387983752805681092e-01 6.393501823132835549e-01 3.071198212348349443e-01 2.273991474736309915e-01 4.716093701991972420e-01 8.420940611759744066e-01 8.873877552256793644e-01 3.820971164581670187e-01 7.602564876162183349e-01 6.912480781346477254e-01 9.148588016053597061e-01
6.333027367176164990e-01 3.174258960057663170e-02 9.710470387127493330e-01 7.523499723879234491e-01 7.378588881236124442e-01 2.322366505510546908e-01 9.631093921021939286e-01 9.510050920632200366e-01 1.537555685046670950e-01 1.921605640223971179e-01 7.609097810258917960e-01 4.248081526649978290e-01 3.516843527298724181e-01 9.935396541977410401e-01
5.808634582953654535e-01 3.858484239142230265e-01 3.556635303702515571e-02 7.225611344384008650e-02 4.660562081680840185e-01 4.836438120566480814e-01 1.619697350227742305e-01 1.918046148238948811e-01 1.684186867261991960e-01 5.615269851178994465e-01 1.539743179080457214e-01 9.355185002256553028e-01 2.978071238423285472e-01 4.142784465889637335e-01
