5.507387461557859965e-01 2.501143543728284735e-01 2.799103259451184433e-01 6.674206973211527227e-02 2.679471124226529000e-01 2.971775933438961514e-01 4.899096308566144309e-01 5.756671538729932758e-01 7.327454471071210840e-01 1.362857381195378137e-01 1.015347755861946144e-01 7.005000161200931608e-01 3.513413319557472381e-01 4.680508643877825392e-01
1.737188212655667030e-01 7.111962651102676780e-01 3.767211038979100257e-01 5.400926285711058483e-01 5.388938377354502984e-01 4.180311357877716238e-01 1.656949743820738119e-01 3.107805881016177940e-01 4.544453458302528670e-01 7.325414072626919015e-01 7.421944496181220874e-01 5.123592002909557186e-01 3.875607978642293672e-01 4.188417024978804415e-01
3.047450400125651937e-01 7.159361129841358418e-01 3.639160417936204706e-01 4.584553070385364304e-01 7.495137185407921843e-01 5.914143396332449676e-03 9.818870934105135007e-01 1.670872049680269811e-01 3.852616322082944578e-01 5.437002390571044064e-02 9.497759261601979031e-02 8.593068263948521190e-01 1.074404329036843242e-01 5.232149574625033495e-03
7.290270418172335454e-01 5.200723160192156636e-01 1.698465061908241980e-01 1.452779817343026192e-01 6.316890041518052890e-02 6.556902647276047214e-01 4.396925437057236374e-01 9.117113126422993208e-01 6.679003670769737555e-01 7.093648001139349901e-01 5.304007773297764183e-01 1.733395890186414379e-01 8.907185539059087054e-01 5.720218308694858811e-01
4.725479079941792282e-01 2.699152219543998754e-01 5.608072586545055360e-01 6.633967871083394918e-01 9.335480986819006954e-01 5.957881513426523945e-01 2.090509801617852492e-01 7.975257906647570394e-01 7.053265355675425452e-01 9.680342117845815997e-01 2.854350720354470461e-01 1.403128980397997383e-01 5.913359330949424786e-01 5.699095874510072823e-01
9.085394504378901948e-01 3.538026132012095371e-02 6.942464094826691356e-01 4.408247185570806082e-01 4.203977289666370742e-01 8.528736900011709698e-01 3.211336141445666481e-01 8.829663194865851050e-01 9.414380209843195013e-01 9.672974951099481133e-01 3.770940884152108596e-01 9.196777959150093107e-02 3.629495326873266592e-01 8.470642603290647887e-01
2.042965395561670006e-01 1.227957022409382759e-01 4.756820271473398698e-01 5.260300129004080727e-01 4.407400592756691715e-01 3.788737940466510024e-01 4.050610516426130792e-01 9.314380600370741892e-01 8.222846327431240221e-01 1.557573086055885625e-01 4.730808198066405179e-01 8.489888262297706767e-01 8.639571875896912001e-01 4.555248356328200909e-01
5.483954785719481473e-01 9.944179330490019453e-01 8.406280000945737241e-01 1.304799553349273999e-01 3.134610581450484323e-01 5.858274792564606148e-01 5.896053661659678147e-01 2.596513796483265191e-01 4.322726032408694685e-01 3.145056936328072261e-02 1.566949862657469605e-01 1.449160412068736248e-01 6.186925248283323686e-01 1.947170870263416065e-01
3.563452418897675722e-01 6.450039713108477457e-01 9.084747807160700184e-01 4.963017134843442646e-01 4.216395274238652346e-01 8.345091386900050923e-01 6.538882842764852654e-01 3.850873335059552538e-01 6.465323531103122079e-01 2.713050215352941219e-01 6.679640063617022783e-01 6.884198710793104636e-01 6.665181330753489064e-02 2.836554387979272063e-01
3.075888432608910872e-01 5.989251629736177529e-01 3.063975270185078648e-01 2.757737359486449602e-01 5.032070808436031051e-01 8.437268729253171173e-01 3.607421039539284724e-01 3.006296990492900445e-01 1.024693945187471478e-01 9.274018470744914699e-01 7.538436528117558044e-01 9.978584766011674434e-01 4.333742888236392643e-01 8.322814144421133431e-01
4.314857726877590061e-01 7.019901036830211716e-01 8.610205515599558268e-01 1.731136296609885328e-01 3.697099991173568023e-01 4.624928298984060104e-01 9.879928888633967565e-01 8.832243988528730716e-01 3.272721182544754415e-01 8.670196348432464006e-01 9.527080452568926772e-01 2.526070940664792985e-02 5.167696106129416878e-01 7.857679763226909087e-01
9.064595207807419897e-01 7.174926168360121759e-01 5.394691872008584577e-01 4.526468974157312752e-01 3.782206820996977248e-01 8.882395351607605960e-01 8.182952446883171582e-01 2.629920666199991874e-01 5.119173533376154550e-01 2.710868311622913751e-01 5.764277834763669173e-01 7.685566441306713736e-01 7.326267352110673592e-01 6.154149713922796305e-01
1.894185367454791491e-01 3.265495770691417832e-01 7.738281278662848539e-01 7.687885484523580004e-01 6.294395470761842137e-01 7.837977337180170867e-01 9.148534333556430642e-01 3.366144792499887739e-01 7.658786165681624736e-01 9.560604407146242600e-01 2.770708877536774972e-01 3.124506727295696118e-01 1.301584772869168738e-01 6.724140047030969791e-01
1.888116742186458641e-01 2.389263712853110233e-01 2.685722942630329735e-01 1.265230606964654614e-01 2.101771351413523892e-01 8.398759290721682369e-01 2.334709363560663054e-01 8.630245791802442223e-01 4.307084289473969152e-01 4.426172241298320653e-01 2.667317521257235313e-01 3.421403992729410426e-01 1.657279822577508721e-01 2.075028605797737402e-01
3.254716216913197124e-01 4.114218731775567406e-01 1.185453149971179565e-01 5.873051054426022821e-01 4.723679891203528269e-01 9.362278759803851491e-01 6.245480387746964457e-01 1.228980776568135980e-01 6.657466266720094561e-01 3.185269773785825986e-01 1.724027668382956957e-01 7.799246602677534224e-01 8.404512701600718172e-01 2.282969177759721635e-01
5.363850831815307751e-01 5.030406827127019698e-01 2.656908639197638200e-01 8.794221742690910837e-01 5.227735029816115153e-01 1.358526464719517213e-01 9.885136984004794236e-01 9.256113837835504565e-01 3.714725407429586568e-02 6.573582177046798369e-01 4.425343377843113934e-01 7.421056622407041781e-01 1.409014221016982038e-01 2.604728552951733889e-01
8.865326454394123479e-01 2.418093227013358160e-01 1.008014529422400773e-01 8.106464948400493586e-01 9.091796729669452404e-01 8.345908938707916613e-01 1.906266845366599849e-01 9.933905157264319996e-01 7.276959661142060609e-01 3.859392209235418258e-01 7.309201242981283597e-01 1.490536658562753303e-01 8.709719414301222429e-01 9.600551019145420195e-02
7.384136040854880623e-01 7.742333407448560578e-01 2.058866700505357361e-02 3.562705673305772702e-01 5.835266136052466024e-01 4.490380293000019174e-01 8.785835904226845239e-01 3.722792518275575002e-01 7.349118460778014672e-03 9.597780155786476142e-01 1.773954767950058908e-01 3.805139028185315908e-01 1.229061972883553899e-01 3.643500567547369728e-01
1.055023478774487211e-01 7.400218663794191354e-01 2.753117095838575334e-02 8.137522500367078138e-01 1.572861835365562122e-01 2.227545462135728238e-01 2.548873529887486500e-01 5.459812349299586476e-01 3.803424345797690176e-01 6.190927987003086441e-01 2.750467931344363626e-01 3.753639664901378126e-01 6.966410614662521539e-01 1.796915516046052597e-01
8.619706852891543258e-01 2.813312113841981432e-01 9.374011671593318606e-02 9.848402317001604400e-01 4.021761488545917418e-01 3.132357301275245920e-02 4.991107256783503532e-01 3.345716484085969888e-01 6.784214275670483740e-01 4.165434306035878942e-01 5.281117102717215461e-01 3.404978286174787927e-01 8.119368445137609136e-02 8.173733623582500885e-01
9.990279503024740437e-01 5.680465311157917307e-01 8.694586043864512837e-01 8.655907160492963826e-01 4.339418417969947983e-01 7.400987934398246537e-01 2.982933853344927888e-01 3.222936017711808265e-01 8.306308985952376434e-01 9.870123137145745407e-01 6.010756632939761035e-01 7.293615656018157534e-01 8.845196321310286880e-01 2.626200249356821503e-01
1.207635744583855919e-01 6.775407064934880763e-01 9.969546629651070413e-01 2.081006895891002184e-02 3.421972929320090673e-01 9.024992832016052180e-01 1.416208136781043070e-01 3.794592844373191332e-01 2.950941660876755801e-01 5.429294506457564840e-01 5.276630807936617540e-01 1.309856915896312479e-01 1.849977626201038117e-02 7.975763664140842479e-01
9.783541419767701752e-01 7.398451332344618825e-01 1.245752558858170822e-03 3.277248278196518427e-01 4.697173497612577853e-01 8.868244786858445750e-01 7.702853283744427459e-01 8.904181180583926603e-01 6.962490927734873436e-01 2.468819827790927901e-01 4.989456765846522757e-02 8.091619239855650791e-01 9.891092851468776814e-01 1.093305895379981241e-02
3.330218197842828021e-01 3.680886873285166283e-01 4.450193555915332722e-01 4.045085146440927648e-01 1.627788688104588877e-01 1.635881605185085519e-02 9.622466097957732556e-01 6.884491350892310013e-01 3.948212595322715401e-01 8.648234590713232972e-01 5.533919632792063670e-01 5.351874117672373865e-01 4.565633662916529500e-01 6.791559554136832322e-01
4.837905359473395617e-01 8.833135263425762052e-01 9.337184919543248807e-01 2.763027682837139176e-01 8.002246380794884040e-01 8.506363208238768570e-01 4.318059808645230424e-01 6.227183309375928788e-01 3.777503117323695037e-01 2.554592892869731457e-01 5.778914914068564723e-01 5.414351610374489310e-01 8.098521799232772933e-01 1.493652419003921317e-01
4.938910320316913793e-01 9.984159881803900127e-02 8.217483899958915039e-01 8.056052215487845558e-01 6.361266629137150019e-01 2.565416933589250714e-01 8.632835135798629933e-01 4.059045702459895821e-01 1.677357314767524699e-02 1.729856494679660184e-02 2.801149411910284215e-01 7.932937974395722902e-01 7.398779191600464156e-01 4.069377586103702926e-01
1.663777630279651421e-01 6.979571377511307739e-01 6.832506248342146149e-01 6.839506178820434767e-01 7.856364237502848624e-01 5.228903445465835631e-01 5.117407091203333147e-01 8.689448281680464126e-01 1.834976404290317165e-01 3.351465357486622665e-01 4.715618422416044675e-01 5.054196460780918665e-01 3.921944674971599154e-01 4.443014744723893239e-01
2.811150963903809030e-01 4.966461010816810573e-01 4.826896791883611426e-01 1.755824851012733889e-01 6.835600034182520712e-02 9.536507768262791895e-02 3.703730325783778365e-01 9.025347580552867122e-01 1.045575453267183486e-01 5.468386581527348023e-01 3.544341164667373922e-01 9.756876184524085893e-01 6.139768125263359577e-01 3.895495793264647233e-04
5.483799819006476284e-01 1.840735198516001425e-01 4.445424179089160210e-01 5.571822581856310519e-01 3.017373026172764927e-02 9.790497157449706833e-02 4.256827832714555893e-01 1.448726108264217771e-01 8.885844588313228654e-01 9.336183779790038217e-01 8.555376950502401323e-01 3.759356941368020566e-01 5.001758303797031457e-01 5.709145021550803278e-01
9.956227303407978457e-01 4.698986743156775558e-01 7.817334498346835137e-01 6.595618437186944183e-01 2.266583051092884160e-01 1.121907915466653360e-01 5.907423930748696428e-01 1.056934961690650931e-01 2.427593465959928531e-01 2.163722228418811788e-01 2.815625311668044084e-01 4.671654216969087781e-01 6.809154937632330151e-01 7.486351958673721496e-01
6.550704423600064441e-01 3.454276311346449191e-01 6.996718288508037009e-01 1.402409806888095245e-01 6.740596564694526505e-01 2.429410769076258969e-01 6.622610876968445526e-01 3.678528251268410321e-01 2.249974288204230621e-01 6.701461705107772948e-01 2.973431742722973947e-01 1.389903634764855234e-02 4.256283922291430599e-01 1.918227757708658165e-01
2.378996118897306333e-01 8.662773115046775718e-01 2.858443177012722769e-01 9.777827091789603742e-02 9.589156298477855556e-01 3.446837256105895753e-01 3.493689754297165662e-01 3.729052591975772213e-01 2.808930363337089897e-01 7.661155108538021397e-01 1.117507957250363226e-01 7.280138166190647242e-01 7.507226717337812660e-01 7.148412956920596750e-01
9.448490431430949243e-01 3.467743719870542973e-01 6.917559758357160193e-01 4.948024500758646527e-01 8.036629518406127604e-01 8.481257878270963557e-01 6.946588600934129332e-01 5.337917380678357526e-01 3.351016707778179393e-01 4.709150522134870620e-01 9.389947458286858062e-01 7.485900460739230988e-01 9.006773848946980632e-01 9.489152306731312159e-01
9.811918451008371234e-01 3.387822056718251540e-01 1.401062938740638142e-02 9.590603019385629535e-01 5.835924341242892943e-02 8.998515667723464562e-01 2.854813885535589790e-01 3.196866607224244650e-01 5.610337280646343627e-01 9.158804347620558284e-01 1.823897819558802924e-01 5.438336493414505091e-01 9.533344765955011901e-01 3.416340231840785391e-01
8.753330997560927473e-01 8.379359497425926673e-01 5.035037699333821948e-01 3.198984020613693247e-05 1.552557950979200907e-01 1.693985622379944322e-01 4.057989755479278760e-01 9.358915766625491850e-01 1.742573580792805554e-02 7.772929601353339990e-01 5.688708711930887674e-01 6.046497016122288626e-01 1.816872653069624421e-01 5.111976869944172552e-01
9.122496499921587398e-01 6.838060214345315080e-01 6.936914588104393653e-01 6.087837876192057074e-01 1.151419085551953492e-01 6.846367950495728660e-01 8.660276803785665889e-01 4.338281390201991217e-01 6.999578626745817100e-01 5.061064393374631321e-01 1.925105204328484421e-01 4.042386922838108188e-01 7.719020998571396452e-01 8.350372449321530333e-01
5.189143548881122170e-01 7.700562451787816842e-01 8.694741598556393614e-01 3.460422000474598914e-01 2.853696826594611657e-01 2.504107524656253858e-01 9.643307614759560886e-01 2.255720365135844840e-01 5.079499555378093056e-01 5.596496016843870436e-01 5.428368081033280168e-01 6.050311490895733391e-01 5.458305228238992113e-01 2.307425959416691263e-01
8.392598031529521219e-01 8.000635914180975750e-02 4.563078021833165687e-01 5.991357577538825030e-01 3.252411120539896450e-01 3.723018583361080713e-01 7.055804450784697313e-01 8.742824663327145585e-01 3.232462395998828564e-01 1.214469553820102243e-01 7.091491197786682354e-01 5.249139541684595400e-01 1.060300363530738421e-01 7.995909048068698954e-01
8.267128169276710681e-01 8.473802086833133185e-01 3.337128150339532251e-01 2.668772763501194856e-01 4.431742099506554844e-01 8.364431786701930216e-01 1.970679300540689738e-02 2.349024231243213023e-02 8.066295652498273183e-01 6.409005266490754860e-01 1.974492931753800695e-01 4.996213859001993329e-01 6.837821295131105703e-01 2.625015953969086491e-01
3.838561048836126588e-01 9.960177767617788280e-01 5.963928544052221614e-02 1.921575324055355694e-01 6.469254311180335781e-01 2.838496122476156236e-01 8.499593258961338771e-01 5.437636275037656119e-01 8.745554903718627537e-01 8.062197652212506060e-01 7.730145890777931905e-01 2.136221809701981389e-01 6.271331551927160630e-01 4.745286593526029106e-01
9.318432621306493857e-02 2.741940170156894618e-01 2.930438481276866902e-01 8.000570472174201031e-01 6.968589629823170872e-01 9.934956697929280267e-01 3.096571414550188805e-01 5.193611710293278838e-01 7.533880536840578124e-01 4.864155093671127528e-01 4.354603493578509399e-01 4.908270554469413849e-01 6.954376660987828807e-01 2.222050068377852128e-01
1.367697816189965554e-01 8.180400570860560938e-01 4.245381757850235083e-01 6.640564442162296688e-01 6.286943493816581352e-01 1.527805832224201632e-01 1.542460190909620277e-01 2.919200929698335667e-01 5.169871845251365894e-01 1.380891177945666737e-01 3.887413877461661782e-01 8.988289664152054881e-01 9.347194363353589219e-01 8.134715060629035266e-01
7.430948510452431988e-01 2.258042346005406653e-02 3.237684666295426172e-02 6.706805340373517277e-01 6.771781971308431514e-01 3.512466883846512289e-01 1.380631067040353210e-01 7.809929214746119674e-01 9.407999082101374810e-01 9.619697135668761057e-01 5.043900031792188932e-01 2.749769490599033306e-01 8.222591653638432474e-01 4.035731177861174857e-01
3.606293031416079042e-01 7.404088738272538439e-01 5.129958901913667102e-02 5.306454905143649370e-01 1.826359811386348841e-01 1.672155225671835277e-01 6.101036844070654164e-01 3.136097136850770628e-01 1.054587182140157564e-01 2.550902396011796025e-01 5.595825445140930610e-01 9.529704746905782731e-01 4.397148032111681815e-01 4.837896841582826069e-01
7.088231203902807254e-01 9.226193285207057171e-01 2.668030992542604896e-01 5.050840912993486143e-01 8.820909455477097261e-01 3.216839776456674738e-01 7.616637755606039395e-01 1.511900330673048298e-01 1.200219260510065888e-01 9.041356508126718872e-02 3.889550084498162308e-01 8.442652394301444208e-01 7.822562121570170168e-01 8.156269348865421431e-01
3.023221684987634772e-01 9.050572598651164258e-01 9.554727069498760716e-01 8.177561282649046248e-01 4.885404972303267757e-01 5.075470478319851209e-01 2.141249110561069813e-01 5.019655304588422906e-01 3.181414747754264249e-01 7.336968272773614075e-01 1.415347120999144170e-01 7.128328111131505551e-01 4.682076617734245438e-01 8.274022420379028020e-01
7.256817320743418342e-01 6.306766758718255206e-01 3.034871104789791385e-01 3.508620344307520345e-01 6.740528922500585995e-01 4.216656115669832339e-01 5.697135184420906162e-01 5.988631895738042443e-01 8.929970899331063361e-01 5.194104266902732636e-01 3.676700319311726473e-01 1.681624975739226535e-01 8.895624458997113404e-01 1.002546909775069439e-01
2.236514339371948878e-01 8.983762420741512322e-01 9.890058110199571040e-01 6.748774251994716922e-01 7.970457335805523069e-01 3.654066864794178748e-01 3.090826461545039816e-01 7.591894630180273662e-02 6.695078662605524755e-02 4.628164276664342713e-01 3.097164755256827107e-01 7.623640908125062232e-02 4.834183021628407628e-01 9.646291164368285820e-01
2.326335215356412078e-01 7.703736817758948252e-01 2.977082553934473630e-01 2.046556048782720572e-01 1.266187181695739294e-01 8.972150467986119704e-01 7.533374697303323320e-01 8.448506906275603523e-01 2.220801881272186362e-01 8.121975457591544822e-01 3.610880722762666029e-02 9.078269106288956447e-01 6.783478454289006976e-01 1.734054964465731041e-01
7.132441845011274761e-01 3.199994817650723133e-01 1.544524975868910577e-02 5.892094521134811913e-01 9.877005238877439863e-01 2.079054555578746522e-01 4.690164704591233136e-01 6.393809646057924123e-02 2.915859545715518975e-01 1.817907975414829735e-01 6.436377246108244687e-01 7.817518083388004246e-01 1.839394395830594719e-01 6.456075416457108807e-01
8.436462025056894465e-01 8.832812375223596524e-01 4.029918633824202123e-01 3.568061584458530611e-01 8.416083086498959975e-02 4.631259872262981636e-01 1.581199066514477058e-01 9.266862526693150359e-01 8.654909250039899415e-02 5.031985307686066555e-01 8.456863684210245147e-01 5.471228377302987944e-01 6.239588174917091168e-01 1.951785869857730615e-01
6.200853490090316722e-01 8.158134252552944332e-01 3.445053935145432344e-01 6.698855243691418382e-01 8.673128153330421641e-01 5.342883070869799411e-01 9.073192987074655269e-01 8.469918506758026266e-01 5.075509257567093480e-01 9.339470746515943222e-01 5.850012753642064300e-01 4.613140056754413409e-01 5.659369695868110561e-03 6.418113696962232106e-01
8.299444441769653347e-01 7.447856681660924849e-03 2.570591678058921081e-01 3.122887398360546518e-01 3.473322233038131923e-01 2.410661823602402443e-01 2.887358141734872596e-01 8.691991942087566869e-01 7.740361705114473523e-01 3.036558704286219657e-01 5.031854155282781127e-01 5.663286380155129196e-01 3.712053321272748008e-01 7.267500130347834819e-01
7.389448426252187563e-02 6.109936183088360284e-02 7.740108136249063131e-01 7.687691237091156538e-01 8.359830206769925942e-01 6.947429483236439163e-01 1.443018896462692213e-01 6.891132560281082453e-01 1.071585494462616861e-01 9.774541125779813155e-01 1.140642181252002896e-01 5.400158238270544864e-01 4.376328766423844829e-01 9.349913752503835607e-02
9.426124031099770706e-01 7.192409780638132633e-01 1.453605610927555247e-03 4.207747904636764957e-01 5.619477220975458431e-01 8.609185292006547030e-01 9.647781738748144598e-01 6.572166876295203464e-01 7.852752176496780034e-01 2.200314955197556488e-01 3.822699515748312349e-01 5.288663757518057285e-01 3.670896181873766206e-01 2.340017877054934026e-02
5.447992714056003605e-01 5.223901624289734036e-01 5.927248063116417054e-01 6.995266916490654463e-01 4.484057264923477781e-01 6.532309972589820379e-01 6.729700705065009281e-01 8.523370525479908588e-01 8.326653090946991576e-01 4.189218585175760179e-01 2.674831832388978592e-01 7.385271012835578075e-01 3.194922329335893041e-01 9.326042922646679001e-01
5.511363259673462967e-01 8.016717476763922656e-01 1.416475563178837271e-01 8.670581630103946225e-02 7.127598688146404848e-01 5.551584627558737717e-01 8.845121882279840531e-01 4.752429332610831336e-01 5.369310807257151597e-01 1.734888133320349191e-01 5.032935706393207864e-01 8.389504508907851266e-01 9.098913563423257633e-01 7.182197742315129529e-01
3.264351324473403482e-01 7.987903084780072493e-01 6.038683152822320599e-01 7.486040198806043211e-02 2.077234608822642326e-01 2.602999946605637493e-01 3.696666847968890224e-01 7.155416775024227016e-01 6.600118752341153083e-01 4.185861614042071244e-01 1.598533057973442473e-01 1.654381753742919514e-01 2.841918441668751516e-01 9.288257942632134334e-01
6.230493843296088796e-01 9.449766055519038810e-01 9.104380214595557685e-01 2.556596240108210960e-02 2.460517214490641758e-01 7.608943718483497376e-01 2.522923725034933451e-01 2.614511771963197173e-01 5.192696937114845701e-01 2.621902578667943962e-01 2.991484139191654679e-01 5.787667257715769509e-01 6.292198965029218716e-01 4.220401275801224372e-01
6.934832235031763714e-01 5.609830906572702558e-01 5.392086505472676317e-01 2.177514561909497104e-01 2.472461425187313377e-01 8.007468832930053626e-02 1.776269583601015611e-01 6.753576249497610373e-01 9.490292407783327278e-01 5.722468226782069234e-01 3.545772900552498497e-01 1.770752542924806106e-01 9.211429058915232559e-02 5.303726563266042415e-01
6.968989001272315464e-01 8.963901844765048699e-01 7.329823413842931901e-01 9.162990193844328113e-01 5.668813008473746473e-01 9.601259784069671177e-03 2.764514226996181989e-01 2.206179567858472801e-01 3.484837895089576421e-03 9.820744248662385267e-01 8.856268676366210180e-01 9.951787362734797471e-01 5.495708418625622205e-02 4.453229995098247906e-01
6.619982300581108703e-01 7.415335135403700040e-01 3.057119111313153503e-01 8.301843725155817477e-01 6.693768446746541922e-01 1.227398171394439297e-01 4.937591208148474076e-01 8.589739221854003626e-01 5.899849904008372947e-01 5.237369279797702282e-01 5.459303085446898240e-02 5.469020620678959332e-01 3.133618792415274745e-01 6.330463301138475884e-01
4.186194206479741942e-01 1.360866952515082939e-01 7.637389922699581168e-01 3.699087663716046359e-01 2.991251664320198067e-01 4.305758669273545003e-01 6.900468430842787715e-01 2.678452275117197967e-01 7.877149181967210145e-01 5.478545453762829753e-01 5.902067534697034157e-01 3.695879015746272866e-02 8.729786393887866147e-01 6.015505745368787682e-01
4.475551063712840394e-01 9.816980250729382407e-01 4.816038123474456478e-01 3.525871571214267419e-02 7.031793565867651141e-01 9.591062612769578610e-01 7.779439284270374122e-01 6.080851389283472574e-01 7.374027472119619731e-01 5.358881262696156833e-01 1.938053517766449296e-01 4.412496974243235170e-01 1.032538668907710955e-01 8.713545352737266381e-01
3.298033316243393909e-01 5.119127349112885250e-01 5.613940600763801525e-01 8.678540417553280983e-01 5.227973709874192965e-01 3.504424271860564488e-01 2.830401284170315224e-01 6.497789723534830308e-01 2.396828239840950170e-01 2.697963881376727047e-01 9.227791984608846310e-02 9.672500442445143287e-01 9.385449700867319889e-01 4.876828687485409430e-01
3.703585613476293448e-01 1.462616780553738227e-02 9.595234524840882129e-01 4.136096184026744060e-01 7.005252241175975447e-01 2.618845983187149118e-01 7.466231622576736671e-01 5.520658489035694672e-01 4.257243092045001065e-01 2.446783515643305984e-01 6.682011960673983619e-01 7.141687253261146395e-01 2.455378962222113381e-01 3.599514393995778549e-01
5.589593132308262602e-01 9.152526268922578367e-02 5.103891396298476657e-01 2.122414283159697046e-01 4.343769212664687629e-01 7.109924294790839205e-01 3.906571511782302997e-01 1.748676150208283708e-02 9.903656763605359625e-01 8.714183787007567794e-02 8.443312624990984006e-03 4.772692442330930263e-01 7.234024577160897973e-01 4.335674713822987858e-01
7.650051590835516002e-02 4.805276344365250196e-02 6.916072028984018294e-01 7.420097105360418110e-01 8.707998229194160444e-01 8.289360573210718952e-01 3.356674140764273062e-01 7.743045730745734545e-02 6.475285464645386124e-02 4.944890935914708630e-01 9.167270171689618774e-01 1.672220368888642783e-01 8.741864714615632526e-02 1.484128342823700653e-01
8.962143381450066171e-01 7.139901362384345473e-01 1.964726448582699847e-01 6.177097857823746763e-01 5.446884553898040382e-01 3.299364751423952136e-01 4.191082663561258581e-01 1.446216168551798242e-01 3.769104869347877917e-01 1.548702470765844774e-01 9.802077225698589968e-01 4.091289805060365214e-01 2.131332298014763094e-01 5.275793643933612831e-01
6.172317109218248277e-01 2.206841916361246270e-01 9.160867445208124016e-01 8.065052542117245871e-02 7.566340472360011393e-01 5.573736230386987511e-01 8.057464069275079854e-01 9.985973011329201121e-01 8.861421334298117403e-01 1.981998084052932763e-01 9.203337780992069117e-01 1.320180744352835722e-01 2.298650686598863180e-01 4.754959895883786869e-01
4.977616654461575196e-01 4.316209395884381683e-01 6.545263618579213460e-01 2.022058961144345135e-01 8.328234265152145710e-01 8.918199036445358940e-01 4.853573645019765292e-01 6.720069292262511595e-01 6.884830827484570426e-01 2.357893375413425696e-01 9.499827725397659295e-01 6.041794325178251324e-01 9.246102110203073821e-01 1.723969514759955413e-01
6.594554065455399128e-01 4.884095324119582804e-01 3.556252857344389673e-01 6.808611407037559182e-01 6.438000953024760609e-01 9.514104352380465812e-01 9.207499844147164492e-01 3.417422816703896693e-02 9.266304199784966000e-01 2.869278567934370194e-01 6.040299307073430102e-01 6.480591430976907485e-01 7.415574571420568972e-01 8.934227168156825272e-01
1.027158856340510962e-01 1.800981519368991535e-01 5.605365502880227391e-01 3.994313113028457041e-01 4.869424569953737514e-01 1.615819253029193714e-02 7.198606565325500473e-01 1.621237871466025826e-01 1.817350473076205786e-01 2.128136305964494213e-01 7.752760411702893650e-01 6.765987540503641817e-01 1.258632474948284674e-01 1.445358173140343094e-01
2.676792339600031490e-02 8.864197001132367859e-01 2.100345835882154732e-01 2.104065857378762949e-01 7.817666312865789724e-01 5.734857560352309980e-01 1.339234343218053125e-01 3.402572044087712744e-01 5.711356465382914083e-01 6.962469236882588008e-01 4.835819616434355872e-01 8.697413735901819987e-01 5.572203530045460873e-02 6.887267450265988078e-01
1.177372005657284504e-02 3.879016246574272797e-01 5.743717368196604722e-01 4.775631352118000494e-01 7.137143064372041268e-01 6.855619585300584129e-01 2.944418806182943493e-01 9.233845899796220280e-01 9.572609745468279030e-01 3.440903826704593271e-01 8.708176388304978977e-01 5.838329144982756791e-01 1.431756957066391278e-01 7.999481541262749573e-01
9.320588308281361201e-01 9.057814615632984179e-01 3.749830229530032311e-01 9.663613049081242190e-01 5.516645635590992081e-01 6.304729313220536202e-01 1.014831939524071247e-01 5.084001018999265709e-01 1.985220553225400808e-01 8.627132426114341168e-01 4.201417376231775247e-01 3.469460689907550854e-01 1.989882268696848699e-01 4.201445292388695796e-01
4.058362793818471870e-01 2.590925321805606085e-01 7.164585250703721098e-01 3.371234358815110577e-01 3.632614139117426033e-01 8.101981757739997736e-01 8.662334246852052555e-01 8.695870465303230379e-01 1.652017420475737630e-02 7.980202735320685026e-01 5.543900866733739718e-01 2.820631708275945781e-01 6.546182727130532841e-01 8.413193092082513758e-01
8.008219737790347459e-01 3.622701097740294029e-01 2.074054032570945560e-01 7.102448276126607229e-01 7.585955760973125406e-01 8.509427593874177020e-01 8.935382179875867026e-01 9.933063142307920756e-01 7.324614646102203253e-01 7.093750546564813186e-01 9.533286482791973881e-01 6.057501366978076396e-01 8.664888050865138247e-01 4.547441368998113020e-01
9.131495921273422578e-01 5.917923600444870980e-01 9.844450680173023605e-01 4.900500565001387754e-01 3.236759759991505447e-01 2.704606594118871277e-01 1.291442566274454418e-01 3.463724841888733419e-01 2.624245572153581785e-01 5.158659884553055130e-01 5.522985280970030830e-01 1.250408283863262415e-01 8.322649633972492023e-01 7.564174996530951267e-01
6.493824651050906782e-01 1.945480634428644606e-01 6.486148006032693702e-01 4.012197224107295623e-01 7.328881824766857456e-01 9.050037270390892674e-01 5.402742810734678658e-01 7.108360614358698593e-01 4.727268695066322302e-01 8.894068667768061376e-01 3.811076620457807262e-01 6.366591969944602747e-01 5.142237145873730375e-01 8.973220800585205437e-01
8.429773838769680783e-01 7.260663769178863358e-01 4.876437780688153145e-01 5.149051176275630803e-01 1.808779984560414666e-01 4.846866595224889052e-01 2.389668583551107783e-02 8.918907908122468697e-01 7.287745810753285536e-01 6.349391560428856440e-01 3.290677827401454758e-01 2.973243563569725190e-01 9.475580182700886755e-01 8.514423982705056071e-01
4.890877544831767620e-01 7.386166253837789242e-01 8.137160453057401543e-01 4.150659223428823097e-01 6.831614546562381207e-01 8.555641830157512118e-02 7.623831003321184241e-01 1.370825557463623001e-01 6.416500790804041676e-01 9.572082469846159292e-01 5.335663540825316131e-01 4.034474577225907188e-01 4.597263644309086406e-01 8.125587150307549411e-01
3.163699939461580568e-01 7.619511340320548332e-01 4.061592197060032161e-01 3.157725217941512730e-01 2.706227403231720174e-01 7.962219553137334094e-01 5.273008986322957892e-01 8.011512398627412823e-01 2.255642351422393332e-02 9.207838612053276250e-01 1.960838182181819933e-01 5.671079798554808926e-01 8.847702777083619186e-01 5.492288859268742440e-01
5.628962793336975690e-01 4.749384973440503588e-01 9.903360625596761002e-01 9.513503275349982635e-01 9.400417278419516132e-01 9.888832505389261174e-01 3.810876501432275409e-01 6.448153706181292133e-02 4.004027224248238870e-01 2.647506212561151484e-01 3.902015600889962021e-01 9.090880959371465675e-01 1.553934043513753860e-01 8.279049022383433432e-02
8.778072972999358958e-01 1.712671057644516992e-01 8.768420287949629799e-02 8.150234045210333900e-01 4.670677687538047351e-01 9.819388728286925216e-01 4.852202733968631332e-01 4.842792995031089953e-01 3.318481829169070974e-01 3.491724741833370782e-01 9.448464302225825229e-01 2.638232108563354217e-02 6.539082343157864852e-02 2.271906214537795510e-01
2.459414009032417914e-01 1.559139871001837818e-01 4.234754689520781046e-01 4.115337810632102578e-01 7.018986748259548047e-02 8.379321764705072173e-01 7.405627720296792393e-02 2.333013278029134607e-01 5.021719811070601835e-01 5.368657881532588050e-01 1.204736942545897582e-01 6.486075795227526086e-01 9.744182667590681746e-01 9.083870926651043121e-01
5.884796120421286192e-01 2.634276130743615774e-01 5.411656230525178080e-01 9.305623718356942353e-01 5.051980506721620579e-01 6.217068354978210198e-01 6.184744960729066099e-01 9.201453724747721274e-02 9.213593691386743334e-01 9.082398354829009923e-01 3.409105988733862613e-02 2.581318791359531462e-01 1.895815058555153643e-01 4.193418041806969976e-01
6.133547175225958492e-01 7.311253580032329724e-01 7.144696597434739838e-01 3.785564075241943938e-01 5.446228754292499197e-01 6.468975808896518798e-01 7.284624546413011048e-01 7.964598067153919603e-01 7.427509787652335493e-01 4.460187302688196631e-01 4.562133002101749213e-01 5.508191650250137128e-01 9.421550113377563651e-01 3.422266278047184640e-01
8.340265422712442867e-01 4.350143046155122706e-01 7.133061399288560533e-01 9.068533979523145661e-01 8.783528213339044655e-01 5.229038035086363001e-01 3.532652997967395958e-01 9.030259757094387663e-01 2.558154498691529444e-01 1.444495135029831845e-01 4.482377436267540594e-01 7.760542607642395563e-01 6.996444805023632751e-01 8.478234958228054730e-01
1.793769878573137078e-01 2.713238739598927696e-01 1.092148880727609184e-01 9.414368007549188677e-01 2.534510504351912275e-01 4.424614372888409086e-01 9.733682290701537454e-01 4.123323737214051876e-01 4.933261981504596383e-01 7.837250676013041151e-02 3.989112181864321593e-01 5.016989901586266232e-01 1.258465421706688181e-01 7.593311481361392223e-01
8.688503558529132587e-01 7.502564064012861023e-01 7.377404157712662558e-01 5.538043584432181810e-01 2.767834330771564710e-01 6.152422939003997504e-01 9.529992535410354293e-01 6.881772226406445148e-01 3.577670907895421637e-01 5.529706593319267949e-01 8.686778691923309204e-01 3.865942530432030511e-01 8.802521671767498113e-01 3.628878790122783693e-01
4.377887202040771086e-01 8.242382377189683140e-02 6.883672478617952617e-02 4.380147168484379572e-01 5.301308790312699859e-01 7.832911868136702704e-01 5.756905042392486127e-01 1.898320966575147706e-01 2.597387387359069155e-01 7.565342056985124852e-02 9.328258177056314437e-01 3.167084646558631089e-01 4.921558558832598296e-01 6.311458682013451060e-01
9.369209074902254963e-01 2.287267046363437029e-01 8.117789960287845608e-01 3.340390544406593998e-01 6.758438070818120202e-01 7.019545559371365151e-01 4.656796937848832751e-01 4.661153574681983214e-01 4.427610226884539646e-01 9.549909741696176457e-01 2.669239583359288570e-01 2.412991770731964802e-02 5.743085292016101295e-01 8.632922657153073720e-01
3.934047696116160786e-03 2.406872877804006050e-01 2.495649625057205778e-02 4.762819398205857535e-01 6.888702631123265752e-01 1.418010384890974196e-01 9.616129080506818916e-01 3.991078170107241752e-01 4.440314588692202413e-01 7.187144595880103903e-01 6.395127012674326483e-01 7.938373902676573168e-01 3.500007461795855424e-01 7.495579221146475568e-01
3.951760326664268685e-01 6.437816823386407483e-01 9.248620325088715566e-01 4.763184884528806062e-01 1.517659863902891537e-01 3.966385642242395981e-01 6.612270665547561599e-01 2.186794426418023907e-01 1.027840558900372514e-02 8.633764438625119997e-01 5.213091665803533115e-01 5.905272337347909906e-01 4.732041966549063172e-01 3.913525498622062448e-01
1.535986489898559793e-01 2.520624355676557293e-01 8.049453124939811577e-01 2.635251646825694793e-01 3.709744226443681958e-01 8.494294171126578474e-01 9.998160197960517248e-01 6.214098852181036969e-01 4.129707913387161700e-01 9.777118921490872694e-01 3.031468444525627914e-01 7.847075873072822949e-01 8.845397969402409855e-01 8.346399412037814880e-01
6.463107228424617157e-01 4.655747858078514989e-01 4.861544866485799643e-01 1.344390189770799937e-01 9.678583772008453323e-02 6.013826797664830748e-01 2.690593226381543523e-01 4.263075237107571969e-02 6.218722350310917912e-01 9.307747859136343838e-01 9.287130225794054672e-01 7.367637450211466099e-01 4.341858655987308468e-01 2.321730843912933606e-01
5.451833325510877515e-01 4.825750392005628830e-01 6.973254411921472329e-01 2.821674682139246881e-01 1.649317727600987382e-01 6.244842949254781894e-01 7.928833385172135984e-01 6.960794177323751386e-01 9.198445971897853957e-01 1.955531624205811836e-01 2.791330591944038986e-01 8.543747887752510817e-01 8.763343937137488826e-01 8.628645634285367905e-01
3.073368611745325163e-01 3.997889583349032439e-01 8.426363103914997765e-01 8.768943167621775503e-01 4.335611063549315025e-01 2.470193171239453145e-01 1.897438948017016180e-01 9.638275930399616831e-01 9.589003192680932708e-01 8.639481139303035739e-01 8.801433593132591549e-01 2.963585695737920300e-01 6.229772579809043087e-01 2.468295705714154131e-01
7.812457216520466430e-01 9.035285865142121953e-01 1.275834252059793172e-03 9.445217253355392417e-01 5.497946463047285182e-01 7.701103294048761150e-02 9.363953156701013691e-01 6.649115402511409645e-01 5.871652561236868628e-01 9.822343585180405290e-01 6.794317921637814672e-01 1.521363843725253018e-01 7.873354481808606531e-01 7.295684679277212314e-01
