9.289721175318508273e-01 3.806810724730732565e-01 9.545587093154026537e-01 1.269724192194102708e-01 5.341697589000287127e-01 3.459772016200979294e-02 7.861106392249082031e-01 9.438741084052770791e-01 3.512810396792725998e-01 2.909398130319699183e-01 5.613388605215273719e-01 1.732676014811446175e-01 6.211452949840480242e-01 4.239661081835222056e-01
5.300788125613233870e-01 1.476464028324835365e-01 3.549202795488752837e-01 1.969744019706509697e-01 2.369386736453615860e-01 7.015778713589424509e-01 4.078332217903279933e-01 2.073075918448323840e-01 6.945774696235917922e-03 1.420715885875774021e-01 6.677109127517298903e-01 9.902374859486532399e-01 6.431501426295864743e-01 8.958508294798548377e-01
9.422075805672562865e-01 5.557190550104197380e-01 4.387665292249985916e-01 1.345500954485403522e-01 7.235929649939623065e-01 3.749083376159356717e-02 2.399339220810355888e-01 3.185998390743002284e-01 3.799219740879363760e-01 8.999394841261824096e-01 2.356832571879263760e-01 6.712550448015730531e-02 7.841186604922363301e-01 6.069370028370896231e-01
7.150730696086515792e-03 1.798363583961053447e-01 4.503717990427307249e-01 2.193505314604152767e-01 7.011458818140026139e-01 6.365649700794661081e-01 4.219028529879986777e-02 2.173518795100183310e-01 5.693641314567596812e-01 3.144952261638296331e-01 5.693641219532592501e-01 2.709133764151091528e-01 7.245452468923629930e-01 5.640112005759245761e-01
3.568634402044901233e-01 6.746846972870114145e-01 4.957740095420626325e-01 1.054932000621979782e-01 3.096146239991880433e-01 8.467107313048105599e-01 9.893194755362414439e-01 5.070600172162199604e-01 6.370614531382255974e-01 5.345960266653576598e-01 1.919300664251188948e-01 8.473843446951330183e-01 2.372029630707473968e-01 9.127083839539572585e-01
4.370455226979944596e-01 2.185107854585499609e-01 3.539070928735509325e-01 2.610300843403001725e-01 8.006669648935699213e-01 5.209643587528629549e-01 4.386890691127282027e-01 5.942051805550404575e-01 2.672258592419060053e-01 9.257551176952982797e-02 5.953850553478886587e-01 1.185500394338050434e-01 7.332396178125858421e-01 5.726836290409704766e-01
2.773652781049052995e-01 7.015588066831832670e-01 8.430711768941784312e-01 4.111745183301088735e-01 8.494804121785306528e-01 9.031974341320384569e-01 3.364799905668990343e-01 4.967306400225844909e-01 2.297949018392360099e-01 1.536172264785476971e-01 8.112926997857539124e-01 4.416240043634744872e-02 6.393751858993030890e-01 2.563091605234825154e-01
1.121668838701166404e-01 3.442366507946584830e-01 6.117655678733348035e-01 1.033030464668394099e-01 2.443817411345713397e-01 4.861862330107249441e-01 3.652497468550789383e-01 3.676404761230703810e-01 2.673549933110184185e-01 9.584085905968491303e-01 8.005847064372805244e-01 1.518982216836233246e-01 3.486422946231526598e-01 8.167827401534110132e-01
1.185609708409551821e-01 6.947464511439490620e-01 6.128358539928148163e-01 3.869103333822301316e-01 3.818252248479943045e-01 5.638764596592813483e-01 9.066870902317791803e-01 4.669796338379605949e-01 1.279832524591090204e-01 2.064405187035481815e-01 6.782897355597301559e-01 7.412390744398602571e-01 1.645400476587233207e-02 6.692077583833012655e-01
7.118113726371979588e-01 1.978807391355797973e-01 9.231925843806821907e-01 1.522966672783725439e-01 2.266395951826031263e-01 2.822972202746470982e-01 3.722740303189224775e-01 2.744487005265811019e-01 7.956592860401842104e-01 1.784144736087285299e-01 3.264205313976160650e-01 6.034566229330619036e-01 9.990531501848846085e-01 4.706497441602014442e-01
6.315031770342131034e-01 6.735503948431955656e-01 2.923259202938455203e-02 1.329185888827263406e-01 4.120933991937155705e-01 1.472750878601023494e-01 5.342355061645724934e-01 2.888734091672036097e-01 7.052657715368076952e-01 2.086212626847543383e-01 6.923333102776022541e-01 9.434112209355998147e-01 5.427868245650124823e-02 1.278422890383388300e-01
2.938921802599788746e-01 5.415857512057200562e-01 1.527748893113460849e-01 8.452591968564777680e-01 9.784692820575051631e-01 8.814977111359165729e-01 8.306833214128328535e-02 4.766532812635561056e-01 8.350728747108449035e-02 7.901385078644308502e-01 1.203522504238864199e-01 7.462974370967800919e-01 4.077305362526085775e-01 3.604362964884325615e-01
7.789218512292994667e-02 8.076193171662091608e-01 3.821195380348334503e-01 5.866407892941768454e-01 8.024290098417760086e-01 9.523009089924727721e-01 6.830829188816205377e-01 5.382671365081684867e-01 8.653171503059916558e-01 8.365332873834757654e-01 5.355236576645816537e-01 5.699782785995117784e-01 3.186962179494267078e-01 7.274702630677700732e-01
8.822464047840608004e-01 1.111835922074476679e-01 9.372206701308782861e-02 2.313602979198443599e-01 8.711619081826864619e-01 8.173948811554387905e-01 1.535739360968156886e-01 7.493545999089386012e-01 4.839811067499142361e-01 9.310019217525383750e-01 4.221548271869416391e-01 5.195792045837512863e-01 9.710915002469476809e-01 3.260647076598678362e-01
6.460743509760145109e-01 6.646637903740704179e-02 5.264769049971289583e-01 2.000372886897748836e-01 5.810969932450534836e-01 1.958597101825820808e-02 8.632648295551922368e-01 4.961409207390453657e-01 2.403125462045879734e-01 3.484966798642368246e-01 8.465426103889489573e-01 1.757579448428581159e-02 6.123550322047348615e-01 8.261913013332122802e-02
6.606602541886075208e-01 9.177671868822860901e-01 6.201604211373024089e-02 2.863904961783005909e-01 7.990479344554669572e-01 9.394216752286724814e-01 3.979249807486121560e-01 6.984293297982039350e-01 9.200875873779492675e-01 1.346048952157186118e-02 4.879242004518370424e-01 2.506267701124152980e-01 7.045197105583484998e-01 7.930516509668267267e-01
2.923632855650339923e-01 5.684094879735445138e-01 2.196978576636080538e-01 5.038607084967627880e-02 5.072419416190476760e-01 7.584309042490147146e-01 8.193400757599679229e-01 2.599401178192103368e-01 7.401457879573257737e-01 5.058666764756960532e-01 2.601098059917223981e-01 2.095692426866564428e-01 5.006530925745471539e-01 3.001040253610757214e-01
8.177357343101168130e-01 4.760993700699711617e-01 2.680704178233586088e-01 2.478133262558621652e-01 6.496907072371077563e-01 8.032209152604233848e-01 2.758452214665264579e-01 6.538946514102627061e-01 4.563840759482847842e-01 6.824063993415229179e-01 5.415694483315043328e-01 2.931797205088529923e-01 1.471885820742846462e-02 7.472468202589054309e-01
4.646641820717186677e-01 4.463908829807784473e-01 2.778494883015664163e-01 2.920098780152201590e-01 2.496248337920459193e-02 7.588427962998542942e-01 1.403773014275536690e-01 5.234253259859522611e-01 4.868968138106020138e-01 4.683874098907634398e-01 7.101427704424756460e-01 5.400178988020905013e-01 5.803820825114170967e-01 4.103665473735853553e-01
3.728639209068036475e-01 5.750949703612077135e-01 9.840237453718276850e-01 2.035656045928746494e-02 4.019229947264874037e-01 1.992083529905740447e-01 3.840097279386178730e-02 6.440420651464779933e-01 8.056067919969404079e-01 7.122090223652426388e-01 4.680528813123657761e-01 4.091641996357319178e-01 7.470106165646638319e-01 6.457494687681342160e-01
6.405203377695986022e-01 9.333357941560151971e-01 5.609114598693120124e-01 5.903140962242595657e-01 3.452184311715127407e-01 8.038176994448168466e-01 2.900682400514634773e-01 2.293892513561726076e-01 6.577446516423113287e-02 1.694467927982405975e-01 3.436444438780109634e-01 8.512980917907883027e-01 6.044720301343161628e-01 9.505790363140924626e-01
5.919907376974048452e-01 5.416891639097992650e-01 2.818780743004785094e-01 6.587694997985223955e-01 5.604347455075117113e-01 3.181768618793185954e-01 6.774065561510725919e-01 5.797827446447502142e-01 6.269730525310218683e-01 9.763480855837544103e-01 3.687953133753535395e-01 5.216961855719266516e-01 7.368651207419522065e-01 4.516762622487098255e-01
1.675133704582316696e-01 4.561103532741845878e-01 9.691950177504405906e-01 3.408960291004043963e-01 1.464943092061679053e-01 7.635251628993566797e-02 3.127138282255267354e-01 6.671281563216155952e-01 8.708026159766961705e-01 7.841275047541299559e-01 1.149711976005705072e-01 4.928807926117164673e-01 5.025259787399091183e-01 7.359388090336876909e-01
6.332885961318213131e-02 8.534409584824665940e-01 6.604814409178297874e-01 8.880780886734490620e-01 2.443849593226865569e-02 7.378527365448663833e-01 5.639962258448938393e-02 3.243400233368133323e-01 1.051009879970786765e-01 2.760602467473124433e-01 7.226883847820902984e-01 6.239136901784895217e-01 4.177282286331649441e-01 9.921223644802061870e-01
9.052380852115425869e-01 2.035582403614610847e-01 1.885385526705748438e-01 9.242334209121894073e-02 5.538499862571203414e-01 9.443305230991855259e-01 1.329667900150373061e-01 6.603460794531935685e-01 5.509890230172985737e-01 1.689326192144887662e-01 9.962812513240688617e-01 6.989276406338010839e-01 6.498720111912237307e-01 6.316887793908034787e-01
7.827899541235028291e-01 1.339491448029539455e-02 9.240025556937303541e-02 2.345635016600388090e-01 6.552708976361787396e-01 9.415262059364105651e-01 4.318722552579926655e-01 6.030601539790356735e-01 3.243583243407390793e-01 2.817312807094757288e-01 4.259726725539154657e-01 6.006520514895041796e-02 9.190051836616776049e-01 5.907462234009291935e-01
1.032936581133829801e-01 2.858914794673106385e-01 7.910644238321187238e-01 7.888489075822909813e-01 5.430867849690157456e-01 7.304809564939995781e-02 5.058223429903019319e-02 2.110099092681976263e-01 9.506874536664188247e-01 8.292324756546312070e-01 4.210475051272654090e-01 8.993216164106578869e-01 1.972513858711995027e-01 6.963786934721688526e-01
7.992444813100252343e-02 4.488929501868924588e-01 7.103826068939300686e-01 1.157723209996042169e-02 4.224064537452709711e-02 9.126178349851054028e-01 3.591887876983965722e-01 1.555233487149163540e-01 2.988302987325738291e-01 6.516611895465462823e-02 9.487050228132880569e-01 6.745368130285415154e-01 1.420042592219030730e-01 6.672705940138518033e-01
6.605279253331303169e-01 9.340884761542943560e-01 5.491079295314562625e-01 5.625103164998570549e-01 3.236237484324067104e-01 5.316523515900719588e-01 2.283060543545812893e-01 5.426543226821830546e-01 1.194314868884053249e-01 5.446202799379002979e-01 8.179012818636887117e-01 2.349079012173954650e-01 1.946068306714252572e-01 3.193654607479803342e-01
9.979643154829245244e-01 7.400051552332193028e-01 7.521868106821646416e-01 6.376225799925647753e-01 2.329754117231661592e-01 5.448622311090718373e-01 6.980940799429129484e-01 5.231997001777788370e-02 6.852672527222574139e-01 8.561573669186135493e-01 1.780019785014435030e-01 2.302546714509783321e-01 2.042923746807824292e-01 4.626579522220938268e-01
2.100073584463867382e-01 2.487009300289144687e-01 5.673572227164177528e-01 8.086470789504697221e-01 3.835298833606790581e-01 6.194890023701660198e-01 2.185912784714505452e-01 6.009123210971729634e-01 1.690254831475729302e-01 8.929189615761201626e-01 2.421592597723781770e-01 5.407718982475139269e-01 7.752044714872902142e-01 3.225463330380067273e-01
6.237424259864804421e-01 5.603937891707092556e-01 6.388151895724916152e-01 2.728473822761343648e-01 9.304591100695265293e-01 7.483500990603472180e-01 8.487059442219303529e-01 3.044024915962116884e-01 4.318260795354322834e-02 4.393343462889479634e-01 6.451467298003392692e-01 3.116677938603916731e-01 6.303842374940308302e-01 4.566750671209938162e-01
9.433256364702122809e-01 4.585409419749079118e-01 4.377837660299324085e-01 6.002627887007430108e-01 1.944375385050620686e-01 3.411291613315389215e-01 1.620904641848325278e-01 8.526295243329937712e-01 8.587430254014183362e-02 4.397751676378189867e-01 5.866492029246835882e-01 6.684269986980123646e-01 1.928453453492862124e-01 3.816666731261119105e-01
7.090511340694816145e-02 9.881567962732410448e-01 7.503571189540363395e-01 9.468569235431375519e-01 9.374665714774510494e-02 1.216700266395683849e-01 5.545995877915466110e-01 4.552835547331549604e-01 5.082837924630575488e-01 8.227267017507773339e-01 4.107382733521082185e-01 7.128120039632104277e-01 5.419688759609473383e-01 4.599154895517713060e-01
8.728363493300311804e-01 1.628811552154221243e-01 6.111550845405189225e-01 6.276262831952926780e-01 3.085628598929492927e-01 2.371789302862684634e-01 3.754602129283229894e-01 4.914779914651858927e-01 9.158607094623572031e-01 6.603525941175525382e-03 8.983300410401939828e-01 2.632514978586442123e-01 9.822388607852323705e-01 3.056481942983415578e-01
3.443275762941496732e-01 1.456451908233610260e-01 3.663113592967540688e-01 8.999576902136874335e-01 7.897853489769406377e-01 5.525749460359047349e-01 9.451882876933415112e-01 8.480213513214601706e-01 7.542211431007095346e-01 6.355959536219291106e-01 9.517270505289842086e-01 2.158908211640493402e-01 5.099381323858370729e-01 2.717483884907517799e-01
3.649788493991124039e-01 3.153512811753339529e-01 2.127965402980648291e-01 3.223146757527084461e-01 7.673826845383036055e-01 3.517815109847716171e-01 3.371461287456890554e-01 6.947384292571801012e-02 9.065931041117158973e-01 8.771787060755843468e-01 6.916626032715075256e-01 9.153291318330825099e-01 5.916718680670387531e-01 5.427757066433587241e-01
2.915839863163969259e-01 7.917161468194200413e-01 5.176765079850166318e-01 8.976100789843185490e-01 8.692473117788805936e-01 8.152875429810743091e-01 9.495492878774273171e-01 1.656231239834072833e-01 6.979249120899825298e-01 5.036721075172577722e-01 8.810595857743970249e-01 2.260664989226851551e-01 3.214148397260825352e-01 7.662176289420555841e-01
8.698548210859106122e-01 2.701578838811733441e-01 5.435241519057212312e-01 6.164759127592327470e-01 7.917815879378498067e-01 9.339902863936246913e-01 9.528772781209224885e-01 9.003866290823101526e-01 9.003083409848333662e-01 6.257457910155883596e-02 9.049503431473662207e-01 4.716721483682513316e-01 5.607008365326747734e-01 3.336309415940079681e-01
9.568515213761880078e-01 5.786336968116845281e-01 8.597588101401199001e-01 8.146838606176562969e-01 6.350256639178651907e-01 8.555972004095951933e-01 1.819796644913562744e-02 1.845396870474580453e-02 8.734620272515303263e-01 8.136473274471779371e-01 4.988218065748513119e-01 8.569372580866714273e-01 5.726184591217480246e-01 8.356745887066896472e-01
6.312997653861973646e-01 9.323285284689608599e-02 3.837760213138063925e-01 2.860351611628014767e-01 2.685226622954483000e-01 7.208117283110397899e-01 9.692403440622490152e-01 3.186755902534704754e-01 6.810517645242902818e-01 4.654888293470327287e-01 2.558294103032119349e-01 7.638129592157789638e-01 4.938115913966524273e-01 1.812697680421856417e-01
6.321564752396777731e-01 7.655542465634841420e-01 7.474353176593139247e-01 7.079568983311628205e-01 2.528320464826202540e-01 9.351662645319009926e-01 6.927725001432628593e-01 3.457481179148524930e-01 2.412358818894944079e-02 7.226684243448749934e-01 3.384606148795911151e-01 2.895481241287174434e-01 5.451126104301651232e-03 4.772739691143216278e-01
8.109913476535447474e-01 5.629859416402849259e-01 4.990084810672219540e-01 6.161035933380626384e-01 7.690200751503812882e-01 8.878813017224354009e-01 8.561543379163726319e-01 2.237483696996037663e-01 5.316255136724298280e-01 6.298837708353018927e-01 3.360932711077567747e-01 7.345795460989560377e-01 7.910812525533955641e-01 7.771804174475738236e-01
7.148063573923866265e-01 5.867775677122369915e-01 2.979989679487144993e-01 2.907789711173680569e-01 9.668744731341555321e-01 2.931585457971878084e-01 4.994578150405922790e-01 7.026066277233922186e-01 6.142699879507521610e-01 5.654957174345482951e-01 5.412356188446060257e-01 1.878920963861322457e-01 3.901801940630325038e-01 2.802359048259196461e-01
8.016360963304705045e-01 3.439577988430029265e-01 5.077182207548566195e-01 4.996071190122897132e-01 5.995248438095995835e-01 7.556960154103707916e-01 1.888502887794066831e-01 1.479697453349846370e-01 9.682207517100915872e-01 1.923624811993369654e-01 2.038128972243339332e-01 5.191862537353040263e-01 6.523010911336708517e-01 8.398629287628364137e-01
1.014956782299976101e-01 3.411926860907428249e-01 1.295846646703902039e-01 4.610269954405207260e-01 8.072924701871441178e-01 9.091533301315020132e-01 8.309269046955414240e-02 6.012031709931784373e-01 8.377810902412814453e-01 3.372604887921725192e-01 8.054586203076721240e-01 2.938972130597641286e-01 9.101411195900755979e-01 1.952770345961112319e-01
4.770528471369772650e-01 7.475276854324987008e-01 8.005769838536258565e-01 9.181967572534299737e-01 2.430502748380857225e-01 1.899790353514727581e-01 1.426971206377888324e-01 8.420456934945972360e-01 9.305024820156186927e-01 8.432643148393808019e-01 7.353610471960714268e-01 4.473575968873952924e-01 4.761823203087528489e-01 2.533171636479210065e-01
3.578508991777166193e-01 1.757483897881403356e-01 1.924817825685928296e-01 9.125392175075611734e-01 8.921920627658810332e-01 7.623473316597375593e-01 2.819329268007825240e-01 7.905157536504994198e-01 4.268228133488949361e-01 8.897654327213191383e-01 9.245677615043830233e-01 3.873303714643776541e-01 7.269122798735206947e-01 3.569306748705032284e-01
8.790667860169258940e-01 6.334407683966704061e-01 8.805524150088797075e-01 1.818399135918664644e-01 6.919278852430150728e-01 2.676003901647657779e-01 7.970365630402740376e-01 9.174741185107506691e-01 8.390826354535017018e-01 8.201627666277430118e-01 3.717878185927079304e-01 9.117364850635522044e-01 4.475753447436420229e-01 3.886581570242996220e-01
7.734708789787236860e-02 8.139825139018337374e-01 5.358400345502410955e-01 1.259398763937500387e-01 6.994065568765664986e-01 6.151885564669252737e-01 3.969163417261863946e-01 9.848436184778015523e-01 3.670120935415243091e-01 6.570551354858147342e-01 9.029600585263016788e-01 3.625172668371084983e-01 2.492477815896423365e-01 8.994629683061566849e-01
5.781241032267259161e-02 5.608691241842218567e-01 4.338050122428560584e-01 6.997106593772413063e-01 8.744038047472755260e-01 7.131362133519367763e-01 5.777245997944457923e-01 2.023540568861840194e-01 3.521375972278828481e-02 7.970805743524258524e-01 9.747507883796144856e-01 1.161807221829734837e-01 6.964532767474689301e-01 5.544216547211068269e-01
2.543234941544613159e-01 1.287817507412067908e-01 4.820010133593456425e-01 3.993028417130917163e-01 6.373629287965526524e-01 3.165373867145319098e-01 3.809624350198768106e-01 3.742502410177152017e-01 5.006776533870519463e-01 6.862129667539955680e-01 2.716917047244046257e-01 6.171500206262554578e-01 6.500208162585262572e-01 5.260686141889571177e-01
6.791130264254784388e-01 9.270444305059980517e-01 2.299545529427180490e-01 6.750101337500835630e-01 2.244290146026313160e-01 3.220617354557613332e-01 6.804435777151562892e-02 7.496296532290978032e-01 5.536007629511162653e-01 6.382545483270942732e-01 7.108133971486915170e-01 6.332662022745275676e-01 6.460806578735455163e-01 3.395881732288807964e-02
5.871741653875539591e-02 2.721184407769237090e-01 6.167763258035734442e-01 4.576408345670590627e-02 3.857599181670620103e-01 7.572574461026937431e-02 2.193134280773837430e-01 2.362268812212413582e-01 3.455217969296340286e-01 9.009387816775472624e-01 4.596544497294002829e-01 3.536913016707562418e-01 9.922498430032298256e-01 3.519245594034449143e-01
7.986345265124935588e-01 1.382732403311870417e-02 5.159101059138097023e-01 7.000668604599503686e-01 8.755680510820573748e-01 3.926076077543505516e-01 7.644252822220574117e-01 9.904054756318054764e-01 7.151492475082295019e-01 3.499364561457418699e-02 8.050275471965343543e-01 9.999617008981680488e-01 6.597665357166290212e-01 1.998339665583299674e-01
3.879004996044448372e-01 7.784861571455115037e-01 7.208706405102266457e-01 3.824525508331491075e-01 9.767808412885207181e-01 7.607602086850118184e-01 4.893012063222734742e-02 7.261032706081812504e-01 6.666068352006476738e-01 8.632959708539317267e-01 9.413524255621193992e-01 2.005002595702590762e-01 1.872465138415485564e-01 3.893762408097281025e-01
7.294286677007599806e-02 7.256268563024070861e-01 6.756917031091568271e-01 7.723743440310296693e-01 7.052987925388251034e-01 3.814602835067482101e-01 2.100634134313628110e-01 4.687892974841726401e-01 9.258348236073800086e-01 8.312869666545696923e-02 6.099833857427268136e-01 9.900907476102853710e-01 4.451391666411886883e-01 7.444158442689519095e-01
4.611276131308394977e-01 6.302575199728879252e-01 7.271157790762258211e-01 8.939151432668838160e-01 8.037111884692128561e-01 3.418429717623606701e-01 9.465276215241128499e-01 2.888204760568482410e-01 1.768923564175456375e-01 1.542723689760344685e-01 7.681739400750682289e-01 4.202223015896123792e-01 4.402177028756675270e-01 4.460926094179287205e-01
8.357409273184853715e-01 2.862422617152284854e-01 5.174582834620022886e-02 3.177964282096834570e-01 8.230366603814323057e-01 5.547700560219779309e-01 4.924497409549947191e-01 6.106553441870210541e-01 1.584978088479704894e-02 6.986875692619359812e-01 8.005890377209001763e-03 3.753069474105641401e-02 7.434143023607896472e-01 7.766020779976579025e-02
1.928951509477297988e-01 9.381807737904486189e-01 4.288973646540690243e-01 4.506480455060341006e-01 5.809664791684893137e-01 1.818152461009412413e-01 5.123171134360890999e-01 3.763957309755278091e-01 4.247562731299190375e-01 1.648825159941261775e-01 6.952543031083614489e-01 5.892145292139586710e-01 5.333926250786399370e-01 2.844751797903674051e-01
9.305469156478123338e-01 2.920836150399952480e-01 5.957980144911562137e-01 2.024779876241217247e-01 5.971712171916625511e-01 1.106788443890852625e-01 5.931888170862298360e-01 5.012126978610410566e-01 9.022111184624643787e-01 9.760138642442698353e-01 8.030311272199449624e-01 2.732359851931374095e-01 1.593629928004928198e-01 3.418940949409448038e-01
5.806828031260253820e-01 5.802167105516209400e-02 6.161051166330179241e-01 5.147799756562663198e-01 3.538086110455588296e-01 2.560744134550985152e-01 8.738988258839931467e-01 8.968379713310572487e-01 9.975058389206115095e-02 4.363525759931067283e-01 9.286805978155052710e-01 1.509052607594381090e-01 6.187048164595034816e-01 3.424389552752077348e-01
1.207994935905111200e-01 1.655317886361854507e-01 5.116467869280649783e-02 8.486563438938209414e-01 3.937758065822342113e-01 9.846333458057332511e-01 3.114567808601482746e-01 8.192692625948354568e-01 7.379299072130491854e-01 7.278357048037211730e-01 4.712859317956424876e-01 2.599967568375525229e-01 3.090625440507946964e-01 5.782722906544544017e-01
9.836991844160197784e-01 4.915355842100432859e-02 6.718155705954872436e-01 7.619905989418892522e-01 8.499193503812696449e-01 5.192059419355866678e-01 7.208140377362847184e-01 7.986168464203511341e-01 8.795769002142848070e-01 2.712324492552086186e-01 4.753888656806243285e-01 1.106912321721063019e-01 8.959029898506131184e-01 1.829785070148842729e-01
7.581309688450248441e-01 3.637239927404813944e-01 4.238298336940653499e-01 9.992039049065302159e-01 9.971428067509245929e-01 8.294696894117900010e-01 6.545505153302588752e-02 9.331279678829951241e-01 2.193651559532228124e-02 1.306676887497126849e-02 5.760379895653433557e-02 7.110954155820684575e-01 4.379521532928967176e-01 3.727011124452205282e-01
2.982438962994420351e-01 1.522852423127225574e-01 7.814983096160657006e-01 5.408200686994255602e-01 4.463194838269819442e-01 1.512460264863306758e-01 9.666089244745279530e-02 6.835510747725737080e-01 5.984947266482577577e-01 7.586395101155937182e-01 8.444137285107232715e-01 4.385745067765817184e-01 4.391250120845612281e-01 3.820864292050655253e-01
4.579928785032081340e-01 2.788989922704770974e-01 8.964543798518432860e-01 1.051036433361991485e-01 7.793387450923119353e-01 3.351947359238545143e-01 4.239235026580198129e-01 8.847221249675779609e-01 2.934270022086674645e-01 3.176480860247793414e-01 1.330011430157105323e-01 2.760305599355670214e-01 1.999586314493877470e-01 5.962578680363331829e-01
7.349326520839182253e-01 7.233545955992815024e-02 8.062498679282672498e-01 7.241898486594110507e-01 1.074044760120472786e-01 3.037681902570357195e-01 4.372699269320606819e-01 4.001328996140396388e-01 1.924787968211922884e-01 1.933415336074376656e-01 6.014747152011243880e-01 8.877870230281860175e-01 8.179332739576962163e-01 2.372553835086753660e-01
5.095020997046784128e-01 3.903506826043403599e-01 3.175995134050837443e-01 8.269354800663426541e-01 2.778982389485626925e-01 4.777573000571937456e-01 1.374049517797398812e-01 7.270819781580928343e-02 5.206382809792643451e-01 8.157076447397401120e-01 4.260002689114116281e-01 4.375745318532152650e-01 4.627224688602853409e-01 5.084154228053737734e-01
2.317675006187557285e-01 6.256586145083861128e-01 7.796013002550682414e-01 6.683421742827280188e-01 3.101336277529819219e-01 5.919894803947973738e-01 2.552399222521153366e-01 5.501311701745869032e-01 4.075301428829418704e-01 6.826499320237244817e-01 5.478708095685858037e-02 6.054884727967972946e-01 5.952954103773572259e-01 4.746885879323765600e-01
7.777892568210147406e-01 6.173019816257208081e-01 9.110626558345785719e-01 5.839296518725956009e-01 8.510479401115802478e-01 1.815176874444828226e-01 2.291695822551276240e-02 4.999894226499479455e-01 1.665694837821929397e-02 7.713871981301051450e-01 5.272208836903276019e-01 7.887953161056742157e-01 7.962372875877739009e-01 7.411153918005100039e-01
7.834020346242352995e-01 7.375635783590127614e-01 3.327474589820523798e-01 3.078055843364587707e-01 7.523377188092108536e-01 9.714566248939071613e-01 1.418628280579989909e-01 3.620244373774683666e-02 8.491331020910195537e-01 7.425915322880751734e-01 9.849785577705125750e-01 1.203308294481443275e-01 1.461963213092457581e-01 8.636392624802757823e-03
6.955223044518832332e-02 5.949151404884780447e-01 3.505634020825432184e-01 4.529604580746600107e-01 8.331478554456366314e-01 6.453888422725699847e-01 4.198370095342887076e-01 5.159606079852272487e-01 5.938281117214262439e-01 1.659146218556002417e-01 5.306816285286155566e-01 2.176809967176954741e-01 9.333955796502511060e-01 5.742393028265403432e-01
7.603155401365383481e-01 3.727948746870197727e-01 1.368789593060936172e-01 7.657036219134125687e-01 1.279860942273403079e-02 9.594861006653099267e-01 9.277491694368931174e-01 2.446085287946164755e-02 7.320983860717877878e-02 3.916671020882491749e-01 3.665752181411574551e-02 7.865862207325019506e-01 4.074466900722704121e-01 2.630109752433550385e-01
9.153051545307938630e-01 4.075881919761832339e-01 3.605875075663034224e-01 6.688074110847013198e-01 8.805906299766981249e-01 5.120502659563237469e-01 5.569230394121694738e-01 7.525108596716176823e-01 3.228376482976619277e-01 8.356515181034499529e-01 4.935150385244695403e-01 5.902871054064686707e-01 1.007072379459761358e-01 4.283034525224467259e-01
6.604841361271297506e-01 3.579217438167464627e-01 7.147434326028130336e-01 5.799436909214742419e-01 5.245631502017078507e-01 1.603860618105745761e-01 2.974302087995717159e-01 9.961485640214863269e-01 6.621309376518089707e-01 2.873245967725738259e-01 4.584270630600192353e-01 4.229947859029502544e-01 6.862392955855988186e-01 6.957899713939711406e-01
3.411397884686652171e-01 8.816550988913520737e-01 6.918473823953785740e-02 9.672361678823039322e-01 5.193527377365192432e-01 7.662585456813775231e-01 5.739405160031014752e-01 9.906595863792133638e-01 3.411306686912961572e-01 3.165689301799581301e-01 9.024852899932515049e-01 3.088845318777132531e-01 4.748834460581140560e-01 6.696256148677707243e-01
7.438469552580226907e-01 8.082250682583019818e-01 6.715877076985969918e-01 7.779594629187920329e-01 3.348705045843370920e-01 1.473921458562347242e-01 9.878158012721625081e-01 2.654754688943616880e-02 2.422941430002971686e-01 2.608475861239201166e-01 3.458921670399683901e-02 9.650998128775155616e-01 1.062921782822292549e-01 4.545972233894904901e-01
9.067400623873822507e-01 4.983887822409482915e-02 3.542900396195175494e-01 1.604604510458080835e-01 3.266661185416291913e-01 2.363170337870790227e-02 7.498826689625101016e-01 7.367407052827824598e-01 5.552941081123516920e-01 6.886735409880134773e-01 9.154041024670022120e-01 7.713755142003302367e-01 1.056948579083005768e-02 7.440783721255295191e-02
2.218105474509772801e-01 7.935277009878342058e-01 3.907761353470006194e-01 3.285952321769414208e-02 4.621062290307041964e-01 1.665830418177053351e-01 4.868208885062150770e-01 9.817154262394250930e-01 4.855084787164006821e-01 1.276863632750683264e-01 2.626070714271877549e-01 6.844100237357231276e-02 1.116982410861135921e-01 1.700535317915871092e-01
7.635313214805428128e-02 3.337411936417800096e-02 2.045422812931443346e-01 5.240683945097142082e-01 3.071583666604860152e-02 7.074806387312215783e-01 6.129764055397978195e-01 3.444808508956382909e-01 4.214248022176079189e-01 2.611018332393548746e-01 1.907126302627386583e-01 8.580868295949020119e-01 1.332562090304602043e-01 8.705120299429779385e-01
9.644171628989836043e-01 6.575969617695455183e-01 3.049457847773013874e-01 3.693625920043512867e-01 5.859952130542859239e-01 4.759029817522535399e-01 6.830211246843457262e-01 2.168578852509961408e-02 3.129652473442525729e-01 7.903238726046643015e-01 9.579401997450696093e-01 5.505211299009049597e-02 1.240452475300328761e-01 2.201489403534154787e-01
7.861595872729062462e-01 4.379382294676944509e-01 2.886741736667119973e-01 2.084978216394115513e-01 3.387446354287957373e-01 5.656893843628042484e-01 1.337394505986323479e-01 5.869865499539195230e-01 3.676240518379082500e-01 9.003778914855726789e-01 9.063756387941834802e-02 1.860051615997034835e-01 9.232595588513581308e-01 1.137883445766215695e-01
6.022400403536509739e-02 5.589592473401076012e-01 2.393918430401705821e-01 2.821058426684192044e-01 9.069385320994106658e-01 1.888402493697385331e-01 8.963697978038540626e-01 2.703404998182360464e-01 5.547329158255434045e-01 1.256708778965279771e-01 5.515615743004060878e-01 5.834616776047898412e-01 8.958265509503480217e-01 6.485024776634678023e-01
8.558403783549676236e-01 6.106238446676367504e-01 8.016302156470782592e-01 4.496718706091493711e-01 1.038292877608462117e-01 9.281635265973009474e-01 9.336354237827364511e-01 6.439867135755140692e-01 7.470888605938349469e-01 6.212361096733644006e-01 8.332789791305845739e-01 4.667005095202059195e-02 5.852252897994014713e-02 1.285400561094350858e-01
7.234291264120518150e-02 3.854396954919194762e-01 9.408626129896013879e-01 7.942988121338500074e-01 4.735950737980283431e-01 9.537655349881520861e-01 2.732691254573718087e-01 3.775015887838764073e-01 5.974253096535427909e-01 1.900984075951552832e-01 1.041294427163599323e-01 7.793764130704688986e-01 1.205150716478193829e-01 2.531431567066503296e-01
1.296862025671736696e-01 6.540790307945100190e-01 7.235444042631636874e-01 8.210777020200479281e-01 6.342696498305108177e-01 7.183600268867973426e-02 5.768208430623260607e-01 4.088181240517541060e-02 5.580780013087135449e-01 5.006082555051236671e-01 2.526240840108429087e-01 1.557728851281847682e-01 2.653745591065018727e-01 9.282358463992764763e-01
6.770833763356074453e-01 7.687310460566075809e-01 7.753216420968443989e-01 5.803578604341342873e-01 3.758776877335745503e-01 4.419772832400357121e-01 7.306584973044955023e-01 5.733310139555232166e-01 2.469332016747151082e-01 7.929775570235922943e-01 6.463757740177640265e-01 2.934137190273020668e-01 3.577125762490869221e-01 4.716061937624221878e-01
1.890349966020308248e-01 2.918266450710302884e-01 2.675214656503865918e-02 9.714558120940082198e-01 7.200309017547404933e-01 8.201879570875094672e-01 5.988450727803105167e-01 3.041461245154795101e-01 6.496670817073115778e-01 9.965651104906863011e-01 5.879392608841006451e-01 1.981538176302488630e-01 7.565349516419026532e-01 7.498187677419069219e-01
8.403324792197427451e-01 8.469022851215231018e-01 1.452754165875572712e-01 4.432857242721356394e-01 5.809676128317726729e-01 4.225641677209683866e-01 4.416322411091022637e-01 2.617790104178373545e-01 9.700077477879398558e-02 1.496483820637161122e-01 6.118823261891023213e-01 9.756375370669158054e-01 2.945375569679877792e-01 6.070130219652696280e-01
5.085436413628898755e-01 2.723090586707014316e-01 9.336644447114782475e-01 4.696534215460400619e-01 5.636047793988677723e-01 1.132536186599260031e-01 2.693886009348617216e-01 4.923830668109334674e-01 7.515455379261294366e-01 8.282837878574723645e-01 9.263760547720240046e-01 4.800232315056759402e-01 7.605027835574353912e-01 8.856480776128374810e-01
2.823394775055527717e-01 7.178027313627488581e-02 4.795511105992918965e-01 9.834369773476493437e-01 4.218297959686235776e-01 6.609260498136046991e-01 5.882714890214504333e-01 3.404483436254501783e-02 8.074622066598423631e-01 6.968358271457355535e-01 9.314391887457166286e-01 5.398039011392143927e-01 1.626259296485500494e-01 7.931935377193020109e-01
1.474252060220335725e-01 8.946632774104352759e-01 1.161238235993700130e-01 6.281288872159707104e-01 4.969682314909957821e-01 2.725015903831644604e-01 2.863695990722048279e-02 1.538126515925941629e-01 2.019571241688121743e-01 1.729665083311928697e-01 6.147887406401004728e-01 7.599359468457512756e-01 7.614073838661207239e-01 8.446521865085688807e-01
1.404685033923500637e-01 6.049624353246255692e-01 4.913214579813880434e-01 1.012297904687239347e-01 2.090548827198462911e-01 3.384901147709560298e-01 7.688752858767319287e-01 2.887318667769117608e-01 1.459877735954162592e-02 4.608797741246624113e-01 4.298383749263364750e-01 5.374087141006108626e-01 4.990010770151996899e-01 1.001178806148319556e-01
3.165595803100963446e-01 2.660495681260144352e-02 7.068353497899555471e-01 1.876969078940445845e-01 3.900452802373161054e-01 6.536600979243666343e-01 3.009943328271338370e-01 5.574940317214726049e-01 9.433673131561997049e-01 6.759510175725144121e-01 2.931693989128638655e-01 4.628269359225763990e-01 1.991977023107407430e-01 6.944259246797945817e-02
6.251007713424040491e-01 7.747685565046913414e-01 3.881858127430248828e-01 6.243499552969499211e-01 8.683722277078733676e-01 4.612629677036202969e-01 6.651762698508183469e-01 8.784855919850153017e-01 1.004800470580604621e-01 8.040569645465917015e-01 9.125994801831034398e-01 6.018215712302511511e-01 6.439107818113394277e-01 8.177967735938451721e-02
7.590183494404282305e-01 9.256086316968419325e-01 8.393583376956870179e-01 3.369984955791758274e-01 8.816831320499677327e-01 1.408237418469463487e-01 2.579708454408736751e-01 3.765858502790991880e-01 2.855822624457182712e-01 3.311538538654738018e-01 7.782320902288386577e-02 4.586851715085178416e-01 2.107946219696188450e-01 4.545338464649101295e-01
7.002943217023543943e-01 3.072350641778387459e-01 1.560082034755825298e-01 1.412248195695942066e-02 7.747263952904261952e-01 1.332261961434095809e-01 6.061020698889384439e-01 7.696420037137727821e-01 1.239503703521620537e-01 4.035237607226305201e-01 7.687543304188687587e-01 2.159027264894479714e-01 8.326003100439409721e-01 8.469799043126945426e-01
9.171496901828032344e-01 3.522795001616729760e-01 9.162578694420396852e-01 8.500821054292222456e-01 9.943680391218220338e-01 1.790362484917780161e-01 8.862999511585645251e-01 3.437993578868747679e-01 1.719855131955427829e-01 7.906141498124744649e-01 4.288680061981428038e-01 1.124687574995826278e-01 9.993415445276765396e-03 2.796330639460635759e-01
3.477867754533948697e-01 1.871966130901540071e-01 5.972569879073750254e-01 4.622430296921868909e-01 5.136068709216226047e-01 4.609384366252149423e-01 8.168776365390251204e-01 4.169220966261644179e-01 1.065316342889375267e-01 7.047207053562161150e-01 8.141052631873311185e-01 3.020334038201930582e-01 2.459852099725762242e-01 5.604526869877187734e-01
