5.464027006961765798e-01 6.690551224422325305e-02 9.919726553608120279e-01 1.965434344405251332e-01 1.353085269473606189e-01 4.047027624177228500e-01 5.915328176292530271e-01 6.663213331138954088e-01 2.705870360886118986e-01 6.348871983549899678e-01 8.467547073224406251e-01 1.151387860906294414e-01 6.141039109779883320e-01 6.734792835911677100e-01
5.114189597778528995e-01 2.168172075010535993e-01 6.271381685792530858e-01 4.101699316297133802e-01 3.609830508459593856e-01 1.248802816783367575e-02 3.261649671330293376e-01 1.560876644232378485e-02 6.359697212297871216e-01 9.260125849797610220e-01 6.490010224085586144e-01 5.308033144377662937e-01 6.169656696575728239e-01 8.534019694762239316e-01
7.511067035075082998e-01 8.958664680994472551e-01 8.242850602440430219e-01 4.289943119709533903e-01 4.527660485947448965e-02 7.929324570125306781e-02 2.790248458669795095e-01 7.618368540952272783e-01 4.047080605454944635e-02 4.851975196577512639e-01 9.964543653963386927e-02 4.515048302676195613e-01 7.209115391950913221e-01 6.248370322351840533e-01
7.767158878680063827e-01 9.544797406724203626e-03 3.040528465460464735e-01 7.122515766058068465e-02 1.632686061000121480e-02 8.361409080065831390e-01 2.583497738697310142e-01 3.609690657218767029e-02 6.854420852084578408e-01 4.817248987155733353e-01 8.339158783319281509e-01 2.508525801726657622e-02 8.772885789890616515e-02 4.076883033037027593e-01
4.207692774488248633e-01 3.602410811872268637e-01 9.781083908410821426e-01 4.422860786224316332e-01 3.001925560042089103e-01 4.586504464178672302e-01 1.648627286576265227e-01 9.891533273625467970e-01 2.433113594483198305e-01 9.597314974597387360e-01 4.461709765659723770e-01 9.245112891567145441e-01 2.479492614972966802e-01 4.026868476416198828e-01
8.296369957967631992e-01 6.754090756629239634e-01 3.299621036845402644e-01 1.310950280039629989e-01 7.293825446955166658e-01 6.817356628649474670e-01 5.590677539423982711e-01 1.686180754217825317e-02 4.639973129301194765e-01 9.183199343013925819e-02 5.975901877985205779e-01 6.952967603816715414e-01 1.320619169280206062e-01 3.625450153333535930e-01
9.690424559833903384e-01 9.151951287124662215e-01 3.817792443102012712e-01 3.884889868045237060e-01 1.585812745396563139e-01 8.417109955761428175e-01 9.744793565425057258e-01 9.309492500725199404e-01 3.016184146850164893e-01 9.889003017408484197e-01 9.386419449022753714e-01 6.118886374130136918e-01 6.098983099130740326e-01 5.409393129407510381e-01
8.273206907116161801e-01 7.973983694485721196e-01 3.241533270909272568e-01 2.751861811354398002e-01 9.846910053106718852e-01 5.276298113707098558e-01 4.416419294003037788e-01 8.694538146921034771e-01 4.612912800241848466e-01 3.154002546116704275e-01 1.750767545381354262e-01 6.201618251417145844e-01 6.987949802299594504e-01 1.629458117087506652e-01
5.758548509930437875e-01 4.923227551616359277e-01 1.587233928928903914e-01 6.748975500545520978e-01 6.527557516196466070e-01 4.413406053097899129e-01 5.785110531835270242e-01 5.305033323562358127e-03 3.252976293151006448e-01 2.786564727597210522e-01 9.344987545118650374e-01 5.282333958159450837e-01 8.060116014942694251e-01 1.831239122051766532e-01
6.081226664932242176e-01 9.193569816890265756e-01 4.859650892773781372e-02 2.291459136393108054e-01 6.036341570961878400e-02 4.105983784674647197e-01 6.696690305205842408e-01 9.817876146129599357e-01 9.705656856286826173e-01 9.855470884126172892e-01 1.431116991041583297e-01 6.085455522875058421e-01 3.830578328459151027e-01 1.543357589870327784e-01
1.567151416543623998e-01 2.781095226365550843e-01 8.095310907195241157e-02 1.461711662850795346e-01 9.088586580785340541e-02 9.828507872294683922e-01 9.784549524995611591e-01 5.880252013041212811e-01 1.779370778319340207e-01 2.708793190039515686e-02 6.381630569844128908e-01 7.338223518321078664e-01 4.650456338438332393e-01 5.981736041517007330e-01
3.038297371130220803e-01 5.446227167330297547e-02 5.037586597280603318e-01 7.205573000926931426e-01 8.648201508571962126e-02 6.023905942644859346e-01 6.536530626992664850e-01 1.687826179071382215e-01 4.675529853643491940e-01 6.919499861299708288e-01 8.715502979600696642e-01 9.853741996277233239e-01 4.757335553909458614e-02 5.352597718417406725e-01
9.234242177433806820e-01 5.662621168963665186e-01 9.548699280239980602e-01 6.629767571865292641e-01 6.403296456910454459e-01 1.308358884972591341e-01 7.239354910881591332e-01 1.949277324290783486e-01 5.783265537906253639e-01 7.102911733299910324e-02 5.689849530667250299e-01 5.249997690988125187e-01 7.266861133779892734e-01 4.040099129769048059e-01
6.345680266958453331e-01 7.929655742452665912e-01 5.711668604429416263e-01 1.523359000927909657e-01 6.581001983655812015e-01 7.232288094741912143e-01 6.066028006268385786e-01 7.083390149358080867e-01 9.869006268968657514e-01 6.158631905473289647e-01 8.832843551915346980e-01 7.324050112178818184e-01 9.331637870668535450e-01 9.269005178717326654e-01
9.167034040412627149e-01 4.945938585701820100e-01 4.198474784140837635e-02 4.543239308142471566e-01 5.824420844135572706e-01 3.631696595412448048e-02 5.042880618193822384e-01 6.970438853993353723e-01 7.975471437933623342e-01 6.053012260066306105e-01 4.631622880987437130e-01 2.574474680997491660e-01 2.456465168158711299e-01 7.534562726570375180e-01
9.192145357544871942e-01 3.365575962269393706e-01 5.733548602713527398e-01 7.727628956860380649e-01 8.784349651825174021e-01 8.086320530935958706e-01 6.365200236460479832e-01 8.713465515539768891e-01 7.580290960758877539e-01 9.972330516267757794e-02 9.369728056984349962e-01 4.313355361063699878e-01 3.111496313736039632e-01 9.025879884129125452e-01
2.953167365254683041e-02 7.129402119646507385e-01 4.015719083694930802e-01 2.006492112099914626e-01 1.403329821014437373e-01 9.775457633816766467e-01 2.406695983859045151e-01 4.848247466218582602e-01 4.595245924202401300e-01 1.893031263575293277e-01 2.453585235761630567e-01 5.427138838543021926e-01 6.523512667927426900e-01 8.367350438543608160e-01
3.427062098845521376e-01 5.987761414589815034e-01 4.602818283786477283e-01 7.702283995629144453e-02 2.612628159270116157e-01 6.864472589479880815e-01 4.013936188460811572e-01 6.103220472502253191e-01 2.210444491613280382e-01 8.670335049294402019e-01 5.175914978401254807e-01 8.665678164039679610e-01 8.298996600112436006e-01 2.290111982955338465e-01
6.692599780726904424e-02 3.479164462322368312e-01 9.250770103330495653e-01 7.815878492220895701e-01 4.773408420750163694e-01 9.351571117551642498e-01 4.604891114016101961e-01 6.845609093653907129e-01 8.790573286794005625e-01 5.935228936795168275e-01 7.130640311846448975e-01 8.058132162439449742e-01 5.301082046741932841e-01 9.954370504384211227e-01
9.520725863609652562e-01 3.844592109664771717e-01 8.449155964758071624e-01 6.284002123048433308e-01 5.952349726813110919e-01 6.206333554606746628e-02 6.866906545903939119e-02 8.935586228270908649e-02 3.058375351490807414e-01 9.230401449331017139e-01 2.686128284531663635e-02 8.104104290006852729e-03 7.133080888722440616e-01 7.093106074127447647e-01
5.687226650179593168e-01 4.323293760428342791e-01 2.954037823638517857e-01 7.790908998410212005e-01 1.187194300753237064e-01 2.553945207826393560e-01 9.202896719498032674e-03 3.405139119518867385e-01 1.489230621269650445e-01 1.118611282214250213e-01 7.575322022612797079e-01 8.369629199191720437e-01 8.800598739748577426e-02 5.230902559724081025e-01
6.047451268314019135e-02 2.604155021007349413e-01 4.330437340196658935e-01 9.798036322346497240e-01 4.874194337358743745e-01 1.637436468907510490e-01 1.754090817488599408e-01 7.923000384801119900e-01 2.389011732653585351e-01 3.684337678094308233e-01 6.785630142997165493e-01 9.215740673273915551e-01 9.783341693038304365e-01 2.584571397975798934e-01
8.848884075451863840e-01 4.158283989296079897e-01 4.235940126017049279e-01 8.693695313127358659e-03 5.624864196114500725e-01 1.714035965611612200e-01 4.528062022033064737e-01 2.274614185034722347e-01 1.744543821282855678e-01 5.200925799692578400e-01 1.839265354275289033e-01 4.221466967544941218e-01 7.572197306953178941e-01 5.855749720116698587e-02
1.893124240588361928e-01 9.574260479649193689e-01 9.766451522828879517e-01 3.456295450313819906e-01 6.736731926645797008e-01 3.826995631129411768e-01 6.539998859119189323e-02 3.265849374043803266e-01 1.223171154677671346e-01 3.464448545751264152e-02 8.169317541622175272e-01 7.153192889297621537e-02 6.208370955615004627e-01 3.915078132974567637e-01
5.035483001713310092e-01 3.550588364879859737e-01 2.854558599629226645e-01 8.961205746199455424e-01 9.396322476049607797e-01 6.773117195960106640e-01 2.857646941272318220e-02 6.753108723614478226e-01 1.517421360895334637e-01 5.863918975732346217e-01 7.775743386861144746e-02 8.267863673058372109e-01 6.441291068399922493e-01 3.118110125002276911e-01
3.972506071178416587e-02 2.849257617839002776e-01 8.981209334297276525e-01 6.927497106638313973e-03 9.679930062923047807e-02 3.209983983058048995e-01 7.774808975453200155e-01 6.332480315598565390e-01 1.860151463011803230e-01 1.260748208310836782e-01 4.726860584606353832e-01 1.253173797433108083e-01 8.965143275454913185e-01 8.913236695318531577e-01
9.111331226564528540e-01 5.181439675245107512e-01 7.819328457412427769e-01 5.797691147610728457e-01 3.378955581049625234e-01 5.632516802805923595e-01 5.443988260623303654e-01 8.352457122702030556e-01 6.371199101898650241e-03 5.217057501767108363e-02 7.192010421119060526e-01 1.315406755941800343e-01 3.873094030385445530e-01 4.211849766406003948e-01
9.792952707076163499e-01 8.286122067474525066e-01 9.764930564003295732e-01 2.611697700815417411e-01 5.850472602673877365e-01 8.919159586825607944e-01 3.051622378925067380e-01 3.135356013524449592e-01 5.705113540764679136e-01 3.250555753660767655e-01 3.620945112247172526e-01 1.620345190174088401e-01 1.728214156302357862e-01 6.054529726574301440e-01
8.069869420578098529e-01 8.795704401585554555e-01 9.473071983779288718e-01 5.137576207909967385e-01 3.267097109816563538e-02 5.697388102870978299e-01 1.427479315781061686e-01 9.253376335011940235e-01 8.883847376457808531e-01 7.605730649749438133e-01 2.073852448573952900e-01 6.669178068798449210e-01 9.360116498286452646e-02 7.076046824729689266e-01
7.525595526902517651e-02 9.005381311662383759e-01 8.916662549933788151e-01 3.259079319442568234e-01 6.587776117568068246e-01 5.391263657331490933e-02 6.095805964243081743e-01 3.003749383204638024e-01 7.145101586431281682e-01 7.777362813509958173e-02 8.670197985648387951e-01 2.389489765800172361e-01 9.683524465792237024e-02 9.209072134404217014e-02
1.862688369651465115e-01 9.216441514743073382e-01 4.318903050386064812e-01 5.425230547602177822e-01 2.789414061311870086e-01 9.935298819183193686e-01 5.183601157881340127e-01 3.342519787577296064e-01 6.228600334657212745e-01 2.360904757456240288e-01 7.112364368082032540e-01 6.756496584287841056e-01 1.134753498386243953e-01 4.039121119128148418e-01
4.066757387300093951e-01 9.199342465350099918e-01 3.362685580156817844e-01 2.249160198865792770e-01 8.456948875826219014e-01 2.013306799829142069e-01 2.874932422745304361e-01 8.596881405817358157e-02 5.418960990359473762e-01 4.670585983603647851e-01 7.918866801259706323e-01 7.709375186155980053e-01 5.831618568811736125e-02 3.813534531288120810e-01
5.439611889456773541e-01 8.548037605817899731e-01 9.298074076041391578e-01 5.620961693978320239e-01 1.436884887555293089e-01 9.046955670171296093e-01 4.781062247454797021e-01 1.930055950408597898e-01 8.827115353753431926e-01 6.179182360341117786e-02 7.315764442799345124e-01 3.830612440527554341e-01 6.944213395611016360e-01 8.680212093970174347e-01
9.999537856839402217e-01 9.140623890856542921e-01 6.946477432788433770e-01 7.487005103162600594e-01 4.330444774162010013e-01 2.495842922789348606e-02 9.225218862427800870e-01 4.257748343300034044e-01 5.035928951465576953e-01 2.600971283645642229e-01 7.329133939125735964e-01 5.326421421799352185e-01 8.223215850002918437e-02 5.964462072999060505e-01
1.416846930582404962e-02 9.717450136855981802e-01 5.318645241764431431e-01 6.422234005978021409e-01 7.199440170680262430e-01 2.679751075906592339e-01 1.971756713061485478e-01 8.972103909188913207e-01 8.245680834770351408e-01 6.695174874019660383e-02 8.374176345282980938e-01 3.872406437356183950e-01 2.204304204865124017e-01 4.510169167644554333e-01
4.918929518083114960e-02 4.302640762688647591e-01 8.249966262702199682e-01 7.009483838516222809e-01 4.231445441213340652e-01 3.836582481814091450e-01 7.370694468134242339e-01 2.083965852350475600e-01 9.058515563966361706e-01 3.969498534500828235e-01 4.385305485220023503e-01 1.225678430774230776e-01 4.034294761598548051e-01 9.294535436328821287e-01
2.252412529736509406e-01 6.990889475563163424e-01 9.138148061303685843e-02 8.433444870951545269e-01 9.678250102944502276e-01 6.692703290550108264e-01 9.781348721504274923e-01 6.857609003208129383e-01 5.124751645479727058e-01 1.114282117354393753e-01 9.304607458503560968e-01 1.942443525326078557e-01 5.102637184461543685e-01 8.084506246451876876e-01
2.685096967803457524e-01 4.276418502083976225e-01 9.786156660749123493e-01 9.431767110890920680e-01 1.276804594152645134e-01 4.347693882416516775e-01 3.843069239539325110e-01 9.083897689613876780e-01 9.732165562686845295e-01 9.402846827432682630e-01 1.690323975251772914e-01 4.324241398201458253e-01 1.056328319744948008e-01 8.846061121094334068e-01
2.912076289736327261e-01 4.675546520832339903e-01 5.326246627135747813e-01 2.662210140445974149e-01 1.300276340456706370e-01 9.808223890582487003e-01 7.685174567571558812e-01 8.406098862802026117e-01 7.803399771524250905e-01 2.703550843330554398e-01 5.875753971162084310e-01 9.665510090356711492e-01 1.547474041124197175e-02 8.337457136540373792e-01
6.010599099075122353e-01 2.864254558562949748e-01 9.529911967550233065e-01 7.488070484867167531e-01 9.579053769946803687e-01 4.296428716679862037e-01 5.027074931834188964e-01 7.506069504198567000e-01 9.378216225244767612e-01 5.214875600001297462e-01 2.150826767579645526e-01 5.847487538595588230e-01 4.884388618693975559e-01 5.425327497677046029e-01
9.321603760339207678e-01 3.736174220848420546e-01 9.911524654009413737e-01 3.843370055232439020e-01 6.964197309050944584e-01 5.594890685506003214e-01 8.981940392071567913e-01 3.478230189297806252e-01 1.485055714739061949e-01 2.217876877686040249e-01 7.587024807762937639e-01 4.704819937631370408e-01 6.154638363623250452e-01 1.532936426075429681e-01
4.225917312745747223e-01 5.869615284304565694e-01 5.437266950551555844e-01 3.506089731305870316e-01 3.212418708308886206e-01 7.052758268246750450e-02 6.575928767488132820e-01 2.824899248654751949e-01 7.343527459380456701e-01 6.128698492884321336e-02 1.063456776315443442e-01 2.660410059021395268e-01 4.717572096193423103e-02 2.616713429450564510e-01
2.268040590848063864e-03 9.988597132751477758e-01 2.688858096745357917e-01 7.231818379276866438e-01 6.834696401423334677e-02 1.446125071759036818e-01 6.638562639965273071e-02 5.010423321306370914e-01 8.032787756656295519e-01 2.921922109156414038e-01 8.110802548689689528e-01 5.990920880263505000e-01 9.182555108671744959e-01 4.808156944180229653e-01
4.235592649219570571e-01 5.988505268688446570e-01 9.457565681545048175e-01 7.879674354191522623e-01 1.310370019606521552e-02 1.851411579457747925e-01 2.987699496646873953e-01 4.421445107362422799e-01 2.160300216379394955e-01 2.771398629098087429e-01 6.288614282739767303e-01 3.257905775618257227e-01 5.089786799257012273e-01 6.372138779415237320e-01
8.498804258704499848e-01 1.556204837184901324e-01 6.219523876589133637e-01 3.509981072178783856e-01 2.510527598400706939e-01 2.745064350033997735e-01 5.890690641851503706e-01 5.196819556648429872e-01 6.245883846278393881e-01 9.021593788484462140e-01 3.125419479122956146e-01 3.473959641491198846e-01 2.793234899692982331e-01 8.880730436639516778e-02
7.029717040715991461e-01 5.617000356914325643e-01 1.971213906700955976e-01 1.076736919657852454e-01 6.800435386942385030e-01 2.789336701166474919e-01 1.870479869930968819e-01 2.641309087218317586e-01 5.981182444901324002e-01 2.148722558934166305e-01 6.053245367324789905e-01 8.175544155069517371e-01 8.853154994450761484e-01 3.750894862763251014e-01
1.119064939610613374e-01 2.431491343919948145e-01 7.884889349906774036e-01 4.144620988203735479e-01 9.557774294972076756e-02 4.699938099085627652e-01 7.481448053935422227e-01 8.765029637614611957e-01 5.276072415666689386e-01 4.150630647881403679e-01 3.066311820543632383e-01 7.184656751022254761e-01 5.536176626509276000e-01 1.972194963559203984e-01
6.801728015871150168e-01 1.764168244499132454e-01 6.099055873290739616e-01 8.354998640114820185e-01 5.274803195619730545e-01 8.337121436633938565e-01 1.181527038214850167e-01 8.710525450682831128e-01 6.644397747262548171e-01 5.827423937285882705e-01 7.927706868442904176e-01 4.939296085239718304e-01 3.421243272501670596e-01 8.302702730401655407e-01
3.861495366268186125e-02 8.297837118715832849e-01 8.134439110331544986e-01 2.353750726718188968e-01 5.924815882314500293e-01 9.821102341929610624e-01 9.095349647259847181e-01 1.193562787492077337e-01 1.724234825389867609e-01 2.853243409546069032e-02 8.329733377144687978e-02 4.501810012802123229e-01 5.707235645415975611e-01 6.518671258644874733e-01
1.086472049753141045e-01 7.949747202147824376e-01 5.105410678073547537e-01 5.175735942476921148e-01 6.262554359430528850e-01 5.254489684955891970e-01 6.397151445703898043e-01 7.840037229277970754e-01 9.455710804085598609e-01 4.632418561717840388e-01 7.114015721894356714e-01 1.086421556903860441e-01 3.578671800920946167e-01 1.144998498200140435e-01
5.472436451336321062e-01 7.142663780066224044e-01 2.475450798166991540e-01 5.885900644230268597e-01 7.780020265792007006e-01 3.995934662945926918e-01 6.713061176324691681e-01 8.273592721739876366e-01 9.822836118146510698e-01 6.868323622721230759e-01 5.296332701214325756e-01 2.302463754096392146e-01 2.736247639886568717e-02 6.062536273410179533e-02
3.042805846184983842e-01 3.841902306772830844e-01 4.374639954840062739e-01 7.713199426764869582e-01 7.443245098067606813e-01 8.478389332202668216e-01 2.561648953468825818e-01 3.115073770926730656e-01 3.386831880890442958e-01 5.558498314395909912e-02 1.110767936500195452e-01 9.848719931229373836e-01 7.487494112188355366e-01 8.226693954902983830e-01
1.957114277747900033e-01 9.141390432784579634e-01 8.303176926208495345e-01 9.989147711292237775e-01 6.623508066379558690e-01 3.133065814710934704e-01 5.391554725547790250e-01 3.994522119219401368e-01 1.792491814902809066e-01 3.405368530225501011e-01 3.156232324163084080e-01 9.571399484191748241e-01 4.692101939798060117e-01 9.325276609112672643e-01
2.843020199239708612e-01 7.957476333475601571e-01 3.136467369730905341e-01 2.081763963572718090e-01 8.291295922950496777e-01 9.031365213470362585e-01 4.580483082470164780e-01 1.922784768911545150e-02 3.195705538507669363e-01 6.501138761915203901e-02 4.930128538540066163e-01 2.790908164834963179e-01 8.729631026396741378e-01 5.304391133755492760e-01
4.982540377357083106e-01 1.001385566140933214e-03 7.909768555151982516e-01 3.113963398680202888e-01 3.201676176766269366e-01 8.939492295908029185e-01 2.059278505120096803e-01 5.391886668427664508e-01 3.248783610570005198e-02 8.575404800236915426e-01 7.635281671959281979e-02 5.555460680428957465e-01 4.875584395905250279e-01 4.355772093929605182e-01
6.784901161308113382e-01 6.422504745763442102e-01 6.879661145606286166e-02 8.425635543674412364e-01 1.196869840559044995e-01 7.410535622020235635e-01 8.209345745705809438e-02 2.930533691138520469e-01 7.092047383898554269e-01 1.012628596417890492e-01 9.559710539826834497e-01 9.681428210004200396e-01 3.440437945846042123e-01 7.895795509317249383e-01
9.596528928352588972e-01 1.667592818942574828e-01 3.390041346646117670e-01 4.170738972810504874e-01 3.684406406569851189e-01 2.434188683221403249e-01 8.843063141467273347e-01 2.193622454764572183e-01 2.259743133264165982e-01 4.472760451403801074e-01 9.585072062844386398e-01 4.882973036193041239e-01 2.225852554899701019e-01 5.763965919305612529e-01
6.845827494217318065e-01 9.214824716844498553e-01 7.609081775418569116e-02 9.870364144386342131e-01 6.702667548147852594e-01 5.431549934923802780e-01 5.869401728810482721e-01 8.326355500156289446e-01 3.065134127198909653e-01 3.135049673218996968e-01 2.752895065662903651e-01 3.142469980146810338e-01 5.352031861242178001e-01 4.730628188011964941e-01
8.341076440831620697e-01 4.199959379568902751e-01 8.453525051282835268e-01 8.901436564438020005e-01 2.880944734202695034e-01 4.444432773948585602e-01 3.573619771308381710e-01 4.024463422846317195e-01 1.094088091748819380e-01 1.967063736152941944e-01 1.162883704899675408e-01 5.944446364341933187e-01 7.767668754387437868e-01 5.854331693038687945e-01
5.839614881881044495e-01 7.682122063145887525e-01 6.279877047217486963e-01 6.585452521968825357e-01 1.749559743128841216e-01 4.940085677157286526e-01 2.647114815328295290e-01 7.421245523222337326e-01 8.492878949050952642e-01 9.661361416144409464e-02 7.714499073178726629e-01 1.527926318187793342e-01 6.946594581799850898e-01 5.924784370727650407e-01
3.557770036554828152e-01 3.464822755970028423e-01 1.199044821568816532e-01 9.215404666701113578e-01 9.651851544551859341e-02 1.227240513203342598e-02 9.985032306425034587e-02 5.078774211007310857e-01 6.321721561982629467e-03 2.805372778619424912e-01 8.111920286526776991e-01 9.974810627421735187e-01 9.906485831474950432e-01 6.856945798290791094e-01
4.798463822031744375e-01 5.531946441689528093e-02 1.200803070811593543e-01 5.166863317363312724e-01 1.381410468976421724e-01 3.514794427470540050e-01 7.196610247703042473e-01 3.776325925080273871e-01 9.792711261058838490e-01 9.837663417433515356e-01 1.070517862877560233e-01 9.213421553290733756e-01 1.860967538734195070e-01 7.380291774553786599e-01
3.350236400144723792e-02 1.186977999829244013e-01 6.969456824374109516e-01 5.508830285871609833e-01 6.619702074347838527e-01 6.460248578337841607e-01 4.918352874237930106e-01 6.452444842317218709e-01 2.657411373039364477e-02 7.179992113523101516e-01 5.812721185148889136e-01 6.979110775773235131e-01 5.349115266989346029e-02 3.793925141211729191e-01
3.668881932192070705e-01 9.505785875098710092e-01 4.259182826203899985e-01 2.462915945685006935e-01 5.174697191316922629e-01 5.391135364155809073e-01 6.376862581499498361e-01 5.649282669210464736e-01 5.480208907607238000e-01 8.301605977332060515e-01 7.610111481710842840e-01 2.614108772389933666e-01 9.416439675819401334e-01 6.224678169072852540e-01
6.610000005887889385e-01 4.413142200226052303e-01 5.661898290904912034e-01 8.071869683821907282e-01 7.464663027419893293e-01 4.169262083606520841e-01 8.597292340324504956e-01 7.734680080902568422e-01 1.085557236075018750e-02 7.730999619727407790e-01 4.230657270074998921e-01 7.752887702711620532e-01 3.937921048181010075e-01 2.552208483279504447e-01
5.173912654252943444e-01 6.199200468314969292e-02 3.134898272842556732e-01 6.585318178352417284e-01 7.971150476556027042e-01 9.306671354051742062e-01 4.103173901942569479e-01 4.987567096549661017e-02 9.206954587860981531e-01 6.701467180436695426e-01 6.847450938361908657e-01 3.700743564195438928e-01 8.602988010875334268e-02 3.975620307459740710e-01
7.177584442128737141e-02 5.126860397537374991e-01 7.679750933052406081e-01 6.326619513086289004e-01 3.364336277615552762e-01 9.923056785926747114e-01 1.416152499282453681e-01 7.336415128933843066e-01 6.537553844944634651e-01 1.312059374728465899e-01 5.893921385618499098e-01 1.455630841677393317e-01 6.047244872164487806e-01 9.794248632914459574e-01
7.277749074566915999e-01 2.340146315414082245e-01 9.230796849841063079e-01 8.986336429276005067e-01 8.699271003221433762e-01 1.585071294299845723e-01 8.416527226676198126e-01 3.455776827075093260e-01 1.437751983612065576e-01 2.677745276343445058e-01 5.831417091778737793e-01 7.500519045651761196e-01 2.182227267123776349e-01 6.984971958527732561e-01
6.979980505718335060e-01 9.634620242076685770e-02 4.342961000372278502e-01 2.374822554372557626e-01 5.774227440021271196e-01 7.373449645254026574e-02 9.303489061598421150e-01 6.593038749057074099e-01 1.262627589354956559e-01 2.597051758931459009e-01 9.830188192564115468e-02 8.774995171029663643e-01 3.137272533157210441e-01 3.118340964408936600e-01
9.653208906886728835e-01 9.351341174251530663e-01 2.363237200791014070e-01 8.668495072755857400e-01 5.487483753570048250e-01 4.426772812681056823e-01 2.244515038221536196e-01 6.171313414061108116e-01 4.436665001545511133e-01 8.881309981712715018e-02 7.579456044393141356e-01 3.020862587887123141e-01 1.590686505431346820e-01 4.149281744220406631e-01
2.530377962109903178e-01 8.490422969089073124e-02 3.062122569868636068e-01 5.821692567246815608e-01 2.978567032812843296e-01 1.676924535721676657e-01 9.608873518508906919e-01 6.954491965765626782e-01 8.157134845081114305e-01 1.735515550907412718e-01 8.522522559696126265e-01 3.862893357719187071e-01 6.638084267738995070e-01 6.824656367066513907e-01
6.343941652976154977e-01 6.815030427333251817e-01 3.501379869078011797e-01 1.428617776606901923e-01 3.260898067268879208e-01 6.953837645585125848e-01 8.558933159120691858e-01 1.816297819099388366e-02 2.184620361481012241e-01 5.949269519269011486e-01 5.566469385923676905e-01 7.002199586672738230e-01 2.395464376385290084e-01 9.450840580500906585e-01
7.508465751893456108e-02 4.418947382922546741e-01 1.006911171433062524e-01 4.885848319759651393e-01 5.849395144611120312e-01 3.152569076128007852e-01 7.693105776217221692e-01 7.859521601402328361e-01 5.141440292594702255e-01 7.806371406410831382e-01 6.002022057301408253e-01 1.987873221125577849e-01 2.765259396484150978e-01 8.324810271174524212e-01
6.816070180071854834e-01 8.275366336541513101e-01 7.294779855751222231e-01 3.523629941110478780e-01 8.534094467783809312e-01 9.377889814896545051e-02 5.088741994257193202e-01 6.801360944427200517e-01 3.513213723144260614e-01 5.087610464796695764e-01 8.002123831722095515e-01 3.556747655681448128e-01 4.705326644178321471e-01 7.679240479200416525e-01
8.826575257604264424e-01 6.693624811388980689e-01 8.288031989079059914e-01 9.660472452104548191e-01 7.009020636558740414e-01 6.444207464459543733e-01 3.286176059260234039e-01 2.367138878630772325e-01 1.462755533344339831e-02 8.658517134484592370e-01 8.523900009958332857e-01 9.519072709891526207e-01 8.785520803283203284e-01 3.618169666443684651e-01
1.124161785292182580e-01 3.367375215713457326e-01 2.126364707556382960e-01 7.419650019873822444e-01 6.285525305504968685e-03 1.348854269976281772e-01 9.853716733171029585e-01 4.231508903975789160e-01 2.099221837534593904e-01 8.488948827519798845e-01 7.848833131313150968e-01 8.604719641126181706e-01 9.075534503778437401e-02 6.217414020419164133e-01
6.870508920386322327e-01 9.973112144934799250e-01 9.305304586401552669e-02 1.882319440150957979e-01 8.597167921576083227e-01 2.763846447890173641e-01 6.629301232029063407e-01 2.479014300384285718e-01 9.479733677883486198e-01 2.875581339892014920e-01 7.735474342751863519e-01 1.145131353053272516e-01 2.420583158924849432e-01 6.271407372987453099e-01
4.752874982650795443e-01 7.667618937357123521e-03 4.263599877047835607e-01 7.301048855248826186e-01 1.989630101997953426e-01 5.373012047772154354e-01 4.091231745570779177e-01 8.504480708119283028e-01 7.851678942509560111e-01 8.736762079422564220e-01 9.113668211877867797e-01 4.563699346401415280e-01 9.658998312616541293e-01 8.848801973944937505e-01
6.295811661398587056e-02 8.747349243954078979e-01 3.556201113191617136e-01 7.679122553794304196e-01 2.975752441232777379e-01 4.324373931260818704e-01 2.572501593460537750e-01 2.908733054762200343e-01 6.257922544986029845e-01 3.565618193387815049e-01 5.538986620920545167e-01 1.440370493642298966e-01 3.535037888519166893e-01 7.819271673980215942e-01
9.245338193127745630e-01 9.374974417949286654e-01 9.107166701593050195e-02 1.888798321361575550e-01 8.946779745418383945e-01 9.845543370736054012e-02 1.678975382833807206e-01 7.669451653524138601e-01 1.795123371821621960e-01 5.062681894144670514e-01 4.827364804485085870e-01 4.060057033087134393e-01 5.470080694783814312e-01 5.399646731602397720e-01
2.242746811955764752e-01 4.487203379388280400e-01 7.281564611141621013e-01 2.053844364927789323e-01 6.105444593247835172e-01 5.348021106893607879e-02 5.127354727440648352e-01 9.592891849375081437e-01 5.794429681895469919e-01 9.325922168167497528e-01 5.231846097613591651e-01 5.809604142963131768e-01 8.813162253247243116e-01 7.114364008445852594e-01
2.835903265630074221e-01 3.895090241054599556e-02 3.609708815488984479e-01 3.661391435960966723e-01 4.443143618874696443e-01 8.109526629255626728e-01 3.685270688132122885e-01 5.666694323387060361e-01 8.440978949310805612e-01 4.959586024709206065e-01 2.032381612667865101e-01 6.735527243526895358e-02 8.669876173856028156e-01 9.015545794324021367e-01
4.781978918990378302e-01 9.057087515893844643e-01 7.325939736458139118e-01 2.986549658488180103e-02 1.386913705691993348e-01 9.284277734203311150e-01 7.164466045704364072e-01 9.812422844270385358e-02 9.291052420159543468e-01 7.769664013357431287e-01 4.395863200205518684e-02 6.248670118168123677e-01 3.680669627882352524e-01 2.564810115484396080e-01
8.219067044864926119e-01 8.318557151382156567e-01 9.310340397995792161e-01 1.322252169016034928e-01 2.987407391746622620e-01 3.102765521989478970e-01 9.415782048032103058e-01 4.813568112453169290e-01 7.227667022098616112e-02 4.645335403794682572e-01 6.862192983339532315e-01 1.235981159235878257e-01 8.515881275705848852e-01 2.442483231962933043e-02
6.974722994750468530e-01 1.873465558913162132e-01 4.737823727581303990e-01 5.180999945636489690e-01 7.280617816180893209e-01 2.480095660531689283e-01 2.432046953861813909e-01 5.984721003826499741e-01 6.776109592194801134e-01 2.588875596066753104e-01 5.708316158899948700e-01 3.849169300319712494e-01 1.341391333145617315e-01 9.988956527069399183e-01
4.945082415730926995e-01 1.266048588850005041e-01 3.935025030155283599e-01 9.016584256928921182e-01 9.448260743070855394e-01 9.731331722525431438e-01 1.334827679981880344e-01 3.688288692627288423e-01 6.187127449833959014e-01 4.822669583059755460e-01 6.146464508001134863e-01 1.469707343645324515e-01 1.226341603217018239e-01 4.800432314364991848e-01
8.080518354506176504e-01 5.533506672268290183e-01 7.326731024202697284e-01 5.471859342181013552e-01 1.404501400017651447e-01 4.504607340586330722e-04 6.682949784266822846e-01 8.673378487987147833e-01 4.445286039086613350e-01 7.907496072647982599e-01 3.732390038980573088e-01 8.856891868451653993e-01 3.774490800142914493e-01 2.171617543217376767e-01
7.284688144414716016e-01 5.318891874109078488e-01 5.806735440935808512e-01 7.701196028872635546e-01 5.532100034742852834e-01 7.774776105224712186e-02 5.871166351498162683e-01 6.091826537604495551e-01 1.693307840235158679e-01 4.248721990681488814e-01 7.594711027820670868e-01 2.936992041898045525e-02 8.021450364725926097e-01 8.910471809539893817e-01
5.435538474417440646e-01 8.102829831029612073e-01 6.157912197776711505e-01 9.793565649124991168e-01 4.455004554110415516e-01 4.107081866330938302e-01 1.797132733120220260e-01 4.360746617891363419e-01 5.550105974972828760e-01 5.042053170086556735e-01 2.036214347206553033e-01 9.332586817477969143e-01 9.951876219862074713e-01 4.569014477899349114e-01
5.929485014782313046e-01 7.536133260689146240e-01 2.884124694523202415e-01 2.184998023400614997e-01 2.227737051867212381e-01 9.930830414568670994e-01 1.223788000173116064e-01 5.832971143312970508e-01 5.938514577614002476e-01 8.906004198083273815e-01 1.717703808366545237e-01 1.365661269262220534e-01 5.286160306300939915e-01 2.787980884878878962e-01
4.775561166374071576e-01 5.593476085227326866e-01 6.436999015622916209e-01 4.632997438651100808e-01 4.001272142334983961e-01 3.701639901308579894e-01 8.313361250455573170e-01 6.137187138152133681e-02 2.859822515934052900e-01 9.047465657554965013e-02 3.216293624544589447e-01 5.056723406878332883e-01 6.320431621295239388e-01 6.823635756677769448e-01
1.030250449959292380e-01 1.586789957208609714e-01 7.313390537834019156e-01 3.554734146219444835e-01 6.510284044626277744e-01 3.040841533700984201e-01 9.868327161288277249e-01 7.500136300247400856e-01 5.305799246514910639e-01 3.870476563127854819e-01 2.012981465215489818e-01 5.746063833967135492e-01 6.003489891415614288e-01 3.813270437782789735e-01
7.486261364567693422e-01 7.283389180371958593e-01 8.324281819225269885e-01 2.486476914375704839e-01 5.782553564152129733e-01 5.538182707205085986e-02 3.419697153410921064e-01 5.249521358467541532e-01 4.833368572761509441e-02 2.924085334243672341e-01 2.236679162532082543e-01 5.728090762837723116e-01 2.328277699260106193e-02 6.818764144827074158e-01
4.673378294153553991e-01 2.031054104496688995e-01 1.772356678135500463e-01 3.654065451455632552e-01 7.820602889872274588e-02 2.232879355126893284e-02 7.479098667905954567e-01 6.086711408446644489e-01 4.146747838980660017e-01 1.229081390111508298e-01 3.118814122789849153e-01 8.470275364430359666e-01 5.864647035197911862e-02 6.044402437015740093e-01
6.616337369958380510e-01 8.339668257607624202e-02 8.566510167694718625e-03 7.303451063188790560e-01 4.427250127658008960e-01 3.711608218685287230e-01 5.982785754233270747e-01 5.859227410207298314e-01 5.591241892658171952e-01 7.850267039233653765e-01 5.168221182285878124e-01 6.724270934603884253e-01 7.555755036943880842e-01 8.441046084868678578e-01
5.225625902837371939e-03 5.931035480891850842e-01 3.419351512984499797e-01 7.723915559581078227e-01 6.139162076366228016e-01 1.812878548543950252e-01 7.157839130542242856e-02 5.659960500924834381e-01 8.566941488004742311e-03 9.956787382808832687e-01 8.909645761353037763e-01 7.291327020108734347e-01 4.539577581541091034e-01 9.949029469034761375e-01
7.770908169363315299e-01 1.725944929678737694e-01 9.076918063718567575e-01 9.889725739716510589e-01 2.183032268083484606e-01 4.577034514374944685e-01 3.928467701626547903e-01 4.467857625511482134e-01 9.962283423923771197e-01 4.668005947072896289e-01 4.885929853493620190e-01 7.971594116633585747e-01 4.658970749479520723e-01 4.252594363255391974e-01
8.413835398009670286e-01 7.361928089405879172e-01 1.295755424048359306e-01 7.691300012670003738e-01 6.517615695293221822e-01 4.643900463383033861e-01 3.112759472794596194e-01 7.670274712686954155e-01 6.436053234106547949e-01 3.022358592414533529e-01 6.229812531542262555e-01 8.976322503369477124e-01 5.505357070713086109e-01 6.813800996908958574e-01
7.512323071531716856e-01 4.551016202758861873e-01 2.795343963804607368e-01 7.092142742240183928e-01 4.087332657832132288e-01 5.257986563638331612e-01 2.076147970384880637e-01 3.594663066472720825e-01 6.656230717858384605e-01 2.663450840976215872e-01 5.540563091722556788e-01 9.856205587718732675e-01 5.557690369480627890e-01 4.416268656097709355e-01
5.949904609227334440e-01 9.415397856339480231e-02 3.859068335854903831e-01 3.838634934113921426e-01 7.882862414631477410e-01 1.303700743489962788e-01 7.031718603556260661e-01 8.797458168236246268e-01 1.515269295611539890e-01 6.868168480710369339e-01 1.581137196213878715e-01 2.840365574366396917e-01 8.210736323727936270e-01 4.002136899153995175e-01
