5.644825530136711178e-01 6.589508045741607756e-01 7.064727369259482526e-02 5.636770996022939517e-01 8.321680627961453025e-01 9.312101905113231437e-01 5.437319292497002632e-01 2.433246635263096591e-01 4.515536626149585508e-02 9.816588731841247029e-02 8.738128326648738620e-01 2.549123070431823512e-01 1.182453772886071786e-02 6.773956221130135180e-01
7.995289541339136719e-01 5.019352120013542695e-02 3.535155834943382036e-01 3.670219587737849620e-01 6.139316123109340717e-01 5.136294324153770630e-01 2.564581536720885735e-01 2.182266910556990291e-01 1.282017266144289680e-01 7.037310290013176761e-01 4.788449863054188294e-01 1.993533214338238935e-02 1.663878115906849420e-01 7.197980282221140280e-01
6.145213628001144901e-01 8.895453147632432778e-01 4.869756067890973483e-02 6.737433990218448798e-01 5.159330351597060105e-01 6.895653952821209076e-01 9.972342511058251979e-01 1.010394040403757021e-01 3.475030280526827386e-01 8.428450985575020038e-01 1.119598773502277211e-01 1.262118772397567978e-01 5.404587664102106226e-01 3.789217960553167286e-01
5.152696335907360758e-01 1.689872274279440312e-01 5.850258811564128525e-01 6.477165690073014570e-01 5.565388471286303318e-01 3.113080206454191812e-01 9.131966005555942623e-01 3.859234254214346516e-01 8.466219125898721831e-02 1.176088111773506695e-01 4.614357649530934635e-01 8.837295361224584145e-01 7.839461153238693747e-01 8.024844894277920471e-01
4.033512224257957968e-01 8.565149633544945074e-01 1.910212620394684535e-01 5.643865764022732989e-01 9.279684999484854036e-01 2.864262335690948014e-02 9.276438356451993661e-01 4.991636790843367866e-02 7.592766889283569798e-01 1.319877478654672975e-01 9.856043976023510789e-01 9.157448136002456218e-01 3.060229210890131890e-01 6.383846124608967276e-01
7.554849742546467795e-01 6.403007855297188078e-01 1.854718739121775650e-01 7.337489234143571570e-01 4.700805076423314466e-01 6.668752279218805867e-01 1.972697645066930905e-01 1.748630050877765241e-01 3.876091067346792984e-01 1.369042724441987824e-01 1.884534995582048955e-01 9.453644239188098153e-01 6.517810091432705288e-01 3.778573347732832044e-01
4.866344594492826303e-01 1.904069531105888613e-01 2.868010515764141122e-01 7.519516494222791003e-01 6.703497441347507912e-01 4.378502964482229309e-01 9.175938747316335631e-01 8.693181668126569450e-01 1.896230741778134332e-01 9.471909968641368804e-01 1.470262318056563267e-01 7.010922945925093241e-01 4.088470886303593455e-01 1.616196689497999550e-01
4.162510260919948246e-01 4.624946975764703261e-01 9.756425199079989952e-01 3.591639842600062860e-01 7.014590070851254300e-01 7.532407816741777395e-01 7.096706175434497332e-01 4.094825139894731070e-02 8.210123475983220898e-01 9.346281223265900939e-01 5.737995891499472201e-01 3.309948787357575029e-01 7.657664726365753793e-02 4.242834975064283531e-01
9.086698465325114826e-01 1.129885590620770541e-01 4.411483000215721262e-02 3.312406026164997908e-01 2.065589242002834336e-01 7.362482717691180012e-01 8.921401856816771891e-01 9.595448383578785156e-01 1.411499967924457755e-01 4.659293592940956241e-01 1.313695738130516988e-01 9.043346443516424582e-01 9.466364663132790236e-01 4.580371999362956581e-01
6.384950737101564577e-01 6.627214618258214784e-02 3.175627271343727243e-01 2.505097740580553012e-02 5.804712282225743536e-02 3.009299915451230101e-01 4.980870289894808733e-01 3.077718591026308292e-01 4.989520762476875593e-01 6.171008307316590003e-01 8.208596386534038336e-01 2.474709039919283926e-01 1.401097422396659908e-01 9.065740183163365495e-01
1.181031141079521563e-01 6.740488030395044294e-01 6.218319253094868326e-01 6.646356233798400570e-02 2.170803690970199984e-01 1.332765225154928235e-01 3.306724967371340584e-01 7.031000666912653463e-01 4.593619436985576510e-01 9.822250860809252915e-01 8.960769043408081114e-01 8.958447426354433363e-01 7.187393917159090595e-01 1.377873577760713175e-02
1.288583685360092934e-01 4.177772331015967566e-01 5.615874578730639666e-01 3.801560473242052707e-01 7.042129759881451401e-01 7.575481126833443213e-01 5.177644327775138278e-01 6.770793293266337276e-01 2.113224349054765305e-01 3.736620653702160677e-02 6.143614398020482703e-01 8.263061883319372525e-01 7.854205598978216685e-01 6.752297564710182387e-01
3.121988242639335276e-01 7.744339995477832472e-01 2.421502121143842556e-01 9.162911488592960785e-01 5.037644751557743827e-01 9.786029357719741029e-01 5.971651509417291726e-01 2.357468768427462003e-03 5.462708078357710884e-01 7.122619915861133633e-01 9.195744951354487551e-01 4.830446316601713086e-01 6.808623331314882510e-01 4.886090831168377058e-01
5.521475382923488606e-01 4.633566945650734459e-01 1.787191603907130055e-01 8.970752780904681645e-01 6.122012842765510721e-01 1.188018071555866362e-01 9.991037497745925977e-01 4.460706952259574365e-02 6.333774963420164550e-01 4.310716003359711390e-01 6.242520815507098808e-01 7.097237865246704969e-01 3.822864611771439325e-01 8.566662552940138564e-01
9.396209478612999044e-01 8.689295588583381136e-01 9.958789455269504431e-01 5.629185501616329468e-02 2.453366972364364740e-01 7.943156974294957040e-01 8.739208607356866443e-01 2.996825770220562513e-01 3.671184411666498226e-01 2.559983804375787209e-02 8.419063285348693526e-04 3.813776068542508169e-01 6.107287163131682739e-01 9.302323601922343199e-01
5.968280824363413339e-01 3.222260717292600996e-01 5.381767569380382366e-01 2.360265742136298250e-01 8.088844124067932073e-01 7.160698179429243471e-01 6.304569020626038522e-01 1.935113742051614016e-01 9.539762422651433260e-01 9.969223768918918926e-01 1.881931982697530037e-01 7.090620127596813926e-01 1.748855296483394772e-01 5.098054929401018009e-01
8.145875587855252453e-01 8.942714116806307345e-01 3.511312647450973712e-01 1.722659119283657114e-01 2.345855545713199097e-01 1.925590338307788807e-01 1.983323620207710913e-02 5.218420213429821874e-01 3.752492040051886857e-01 9.486806862703155430e-01 2.411005178919556347e-01 2.967486146263448310e-01 3.296329274351061933e-01 8.883083941811819040e-01
1.173561161115954654e-01 4.920584331864785721e-02 2.944298692433099385e-01 1.661044017418042973e-01 9.247230972981355102e-01 9.322619839821120191e-01 5.877079148340079717e-01 6.907833743802681559e-01 1.403710441208154691e-01 2.538658468522867473e-01 1.120083478407140065e-01 5.496900963303515963e-01 5.209949732871795858e-01 1.901879523528873239e-01
7.578991513691557547e-01 5.479910056681651653e-01 6.744115701251879313e-01 2.100476502077130991e-02 5.517167602623620493e-01 1.143895777044867668e-02 9.051970251367169595e-03 6.743824245353322588e-01 1.479551613426067780e-01 8.127257853028893031e-01 1.075673944875954469e-02 1.472955720113220401e-01 3.476284752978819892e-01 6.628431044834844910e-01
1.242804784005768770e-01 5.936559178877940379e-01 1.519405554063604225e-01 5.446819071622673869e-01 7.115198642181594924e-01 4.580035965962037103e-02 4.286359875886882609e-01 7.007060881213055259e-01 5.246306173462702560e-01 1.065187150447099995e-01 3.808940118462480484e-01 3.159548449313005491e-01 9.611684690776317597e-01 2.981560932625781923e-02
5.285504827394856830e-01 6.899453734445326614e-01 8.761362353851127605e-01 6.358457980738828619e-01 8.938522769565160342e-02 7.969193502373030924e-01 8.073059044294800257e-01 4.511387526588371832e-01 5.979311205512070071e-01 2.939070120185166557e-01 3.447085629882069568e-01 2.828642984406659622e-03 1.536204202859802193e-01 7.179785875324992128e-01
3.626148434070879389e-01 3.651364614812470100e-01 6.125308653541066128e-01 1.856364384058636352e-01 2.661696623302766129e-01 2.038834841977150703e-01 5.028837098366767400e-03 5.254095522131624341e-01 4.397904497485811692e-01 9.018795000743495827e-02 2.824949173100442801e-01 6.540474529266494530e-01 6.165318715340979416e-01 6.283099686894131342e-01
2.531713315113853779e-01 8.526680177953214201e-01 9.940467843312693619e-01 8.341879645875315274e-01 5.559391766478345431e-01 8.682529623321969536e-01 8.901741462991474840e-02 7.557408243606045239e-01 1.526878833538392044e-02 4.131024055686203234e-01 2.783282860294382655e-01 4.939634159418343495e-01 9.045317623512866279e-01 8.605730170546896929e-01
7.006572087519409298e-01 3.940777165896619527e-01 1.487782166087735503e-01 7.119080416328185112e-01 4.406519503374189961e-01 8.035767145989120008e-01 2.609767245395954172e-01 7.371434119145747754e-02 5.975628811258825168e-01 5.337320628710595649e-01 4.522233713460124260e-01 6.271239668269645851e-02 6.662189486494191071e-01 9.084131961924529763e-01
7.672062004871084140e-01 2.543159888633732546e-01 3.116771537503448819e-02 7.883607258820344299e-01 2.039775142637301197e-01 9.464705269709186020e-01 7.291025028101801864e-01 3.755926704508549818e-01 8.329628312022285819e-01 3.262571616547073061e-01 1.569421788418464692e-01 5.116660739558355209e-01 1.458322272100576189e-02 6.339377796662767350e-01
2.899360805508959249e-01 6.606710983748355082e-01 4.727878613817596554e-01 6.545607930706757172e-01 3.309050436135979600e-01 9.478774831068911277e-01 1.944053695005697469e-01 7.431460404820798837e-01 3.073132947230305945e-01 7.885486297585453386e-01 3.677359981887518003e-02 8.224855169200254723e-01 3.203343216307064090e-02 7.050097001512825035e-01
8.222136457274569210e-01 8.897170067573902941e-01 8.871971896650390210e-01 7.549246335197189461e-01 6.252738163589163234e-01 3.807440869527503047e-01 6.995094040427574100e-02 5.233544911968136537e-01 2.747642050652652213e-01 1.687580823554357679e-03 9.512951076546234397e-01 2.946137091182295942e-01 1.921033276316661542e-01 9.339849363852238406e-01
8.012845242356064768e-01 3.726973238815936007e-01 6.114266671450259150e-01 9.749584729271369987e-01 4.685153149832833597e-01 4.882360956432360011e-01 5.025599193348764260e-01 6.001568917877737608e-01 9.980289012950335215e-01 3.669417503382075285e-01 5.081806601771897691e-01 6.414695916322634694e-01 8.409417180269327385e-01 8.834777617025426633e-01
4.924827038856959271e-01 6.905937127940124931e-01 1.198626098554392838e-01 1.926404828443212258e-01 8.398536580936345475e-01 9.291542052344181624e-01 8.747559739499199960e-02 1.069494484257167422e-01 2.328179530302743050e-01 5.534353568111377575e-01 4.827334842724492203e-01 7.200545976790128089e-01 3.125095760939977652e-01 6.780823042314638727e-01
7.684148615977847152e-01 1.155218919215136308e-01 1.682440112909424634e-01 8.123226131783906068e-01 6.673001602321202430e-01 5.759096830920286125e-01 9.331878409880359770e-01 9.337261137484702544e-01 6.789951785582054589e-01 4.713590402458746054e-01 9.892752116344705193e-02 8.926136244691573740e-02 9.552147416147025449e-01 7.905095001149122780e-01
5.683775169794346160e-01 1.018283593769548911e-01 9.736264302701508333e-01 6.613558328755997362e-01 4.458505634707874421e-01 7.844516896021355157e-01 5.685123737632447050e-02 4.568389658466538439e-01 2.908340430571119128e-01 1.775113738983028489e-01 7.136640909733829030e-01 5.412360405676135411e-01 9.506255041157933849e-01 5.654892815912967441e-01
7.320071344473257913e-01 6.598566409417071510e-01 9.898255810080275330e-01 8.143774227187291492e-01 1.102852623465528925e-01 4.844876741945385312e-01 6.278208910559829325e-01 8.499253693607149440e-01 4.835424719608671928e-01 6.750658627793532096e-01 2.428117424592566298e-01 9.055699648922871381e-01 2.033953703814980196e-01 9.961413696677161589e-01
2.563954510903087014e-01 1.672713367145388652e-01 1.019597400151794897e-02 2.001056285455078410e-01 4.246665138665881578e-01 1.941842141013274681e-01 2.497410072562951111e-01 9.379576236692466207e-02 7.099154191417238469e-01 3.932778647503329950e-01 7.212125820427391920e-01 4.889825181206279847e-01 7.094858843116799152e-01 2.788146348010379638e-01
3.283125444661558756e-01 7.759638231555611165e-01 6.308090356656985698e-01 1.116630100291492456e-01 7.454732556648302477e-01 2.858435361450157863e-01 7.409673908502290018e-02 3.142828613324363252e-01 1.058674014805871533e-02 5.855294604487250032e-01 9.194341295877412890e-01 7.048104411669389169e-01 8.734053666296370810e-01 9.225504047581770672e-01
1.083846442553078049e-01 9.018223607895352600e-01 6.167799676851132284e-01 3.659165438525115999e-01 2.989596532669925866e-01 5.185109355176839019e-01 8.236554775204809609e-01 4.505994120820083770e-01 5.031716529437647578e-01 7.204617380548495875e-01 2.707302493364383000e-02 1.553965171855858918e-01 7.755423728895673996e-01 1.448931959257165891e-01
2.414323792040916627e-01 5.185609525736820657e-01 9.756421218171610343e-01 8.041071716957870485e-02 3.794681177929173366e-01 3.268420558393851927e-01 8.781212891534914133e-01 9.034246872882392143e-01 8.703139305624507660e-01 2.937743040434432906e-01 5.923673320839654144e-01 9.953869933758696664e-02 4.904871688375861405e-01 1.234536963305414847e-01
1.855104689890986203e-01 3.718510085227186845e-01 2.234019625669275699e-01 3.866554220793902985e-01 3.033243892250958584e-01 8.509670654810749246e-01 5.261950579950087636e-01 7.825246509654992799e-02 5.647369766921008782e-01 3.955325626797709937e-01 6.426886525258470595e-01 4.644276136518524778e-01 9.507020366630891672e-02 9.527456853365847689e-01
1.804315505479531234e-01 3.552440531798694012e-01 7.308738774043895825e-01 5.818879288118217197e-01 8.820969969808690747e-01 3.484915340373322401e-01 7.460591277021453305e-01 6.937616865166464919e-01 3.904491012956210483e-01 4.536608884430015642e-02 9.462290664164616505e-01 4.476292881720697059e-01 2.924010515261619148e-01 8.530298661478363798e-01
2.551102276096406385e-01 7.202249070283306409e-02 5.981264663836444173e-01 9.210648585391869592e-01 4.906102030334003050e-02 1.652506509982357708e-01 5.692420131348319146e-02 5.718510788602475525e-01 5.360613269528389235e-01 2.512258255043591237e-01 6.357146474365799049e-01 5.076518266461889084e-01 5.320653789993680105e-01 1.300734990561095428e-01
1.370114263483768191e-02 6.045185016513610066e-01 7.897826476999851852e-01 9.217070444789337014e-01 8.465589030746201171e-02 7.753880911836817935e-01 5.428315979965910865e-01 2.860734263688905488e-01 3.524734783025488261e-01 4.883733562785455007e-01 8.348186339720555793e-01 8.773496663036535193e-01 2.939570862058701328e-01 7.347447917098413050e-01
4.151685079263334188e-02 7.988856623692193182e-01 8.131400070053196316e-01 2.671410928575894683e-01 6.720763960992788277e-01 2.715630584732999786e-01 1.163929992463841323e-02 5.831958659382973087e-01 3.217656693543088364e-01 6.433981052712870463e-01 1.476083994883934380e-01 4.800335316803426844e-01 5.224256351503436813e-01 1.714578071563790385e-01
2.603916544643303244e-01 7.765148923057968444e-01 2.074537990784004471e-01 5.386068792002534078e-01 4.427801775317283806e-01 2.877066171135590489e-01 7.166120304284062659e-02 8.440368756284459817e-01 2.832958632431050727e-01 7.241834852457318394e-02 6.985035297397392817e-01 4.146344135432582512e-01 5.409118455156356475e-01 5.981008062545994930e-01
7.766882750558582460e-01 1.662697770596643920e-01 5.252506890799913952e-01 7.162187115482344657e-01 7.575865570212633182e-01 5.426585850311025361e-01 1.586924326355156900e-01 6.959251615534067792e-01 5.693571410358028162e-01 2.586251565194537250e-01 1.711662975974099776e-01 3.224534243347491058e-01 9.773691489525698772e-01 4.635038221506426748e-02
5.444300371593944199e-01 3.768232041797030529e-01 4.627427410798635732e-01 4.498063324215670900e-01 3.641664099442489810e-01 4.517492602335274610e-01 8.256565498628879451e-01 8.820218699870076007e-01 5.964573939831894211e-01 8.805145734725822182e-01 3.142456303229852477e-01 1.749748976624104779e-01 8.290946613714493818e-01 4.075425643474528403e-01
3.874472438890608217e-04 5.271408099685532811e-01 6.902743574381920988e-01 2.941152910700457479e-01 7.004873076978971325e-01 7.319736405546939384e-01 4.439725059393826445e-01 5.641758358913667726e-01 6.488988516395297612e-01 9.964998352928386982e-01 7.317838063987813779e-02 2.288097059574616399e-01 5.171181423286090872e-01 8.001342390352601530e-01
5.356905969676685197e-01 9.841744700314528638e-01 5.605932603576024853e-02 6.660729822768590713e-01 2.579451363629049476e-01 8.780339426880013898e-01 1.050762582091245845e-01 7.824647381790517109e-02 3.616171068211648798e-01 2.443077214425961596e-01 8.772687692178218200e-01 3.975207026307454594e-01 4.737772013389134340e-01 5.068496426604542915e-01
2.168617070641691846e-01 7.882934846753638647e-01 4.294022709170618457e-01 4.913130647566108511e-01 4.871817615170829230e-01 2.867352686794338856e-01 5.005286148547238856e-02 9.144753771681757293e-02 6.986401358107255932e-01 1.561333840008385376e-01 1.580427683553883300e-01 2.262979920366980924e-02 5.314762692029779689e-01 3.022297625752738970e-01
2.689459070020301379e-01 1.278406518801576963e-01 3.127243523916570789e-01 9.248927212118543961e-01 2.061993702559010710e-01 3.486965088922487910e-01 2.011301208158500220e-02 5.171302456701662997e-01 8.213269970963960054e-01 8.333566153815918920e-01 2.385045085817002475e-01 9.200522064982502579e-01 8.991658961550802465e-01 8.452596993958050309e-02
9.265155684973414019e-01 1.957653563453934931e-01 4.064870229723622774e-01 6.217450243251265718e-01 6.626987911995152469e-01 3.453530649958902465e-01 5.798990934166641242e-01 4.741609076124764233e-02 3.938444212328606753e-01 9.124959155369870567e-01 4.234131965763214822e-01 1.600024958359770322e-01 2.803594475255599683e-02 7.144582299997676023e-01
9.155619223716925381e-01 4.053688497180454320e-01 3.173147464864909395e-01 7.355934334926832463e-01 2.934796269768873422e-01 9.917566599046878650e-01 7.251182220112020183e-01 4.599986797937317684e-01 6.577041101763912989e-01 8.705927889704834222e-02 2.647695822243381070e-01 5.914977041167095440e-01 5.095337889789909314e-01 9.329109288866062055e-01
3.658174112783368903e-01 2.059454894938884673e-01 3.532821955523210988e-01 1.061063076965909069e-01 3.898258283992446227e-01 7.506311922401149861e-01 2.863871991170356957e-01 1.280840227171750056e-01 9.706774906661492786e-01 7.857589514321086099e-01 3.185339812702048246e-02 5.441378944844698085e-01 1.193831806231222536e-01 7.290410103207053405e-01
2.297934583505605310e-01 7.107038834611076883e-01 7.618222902248283912e-01 7.861156457388830399e-01 9.122903492893627009e-01 9.182301363494907998e-01 8.559540595687190612e-01 6.996266124230220429e-01 8.196374111856913336e-01 9.844422274429697195e-01 1.441330423636288938e-01 2.889120960279060180e-01 4.329353497718426702e-01 5.219157628486015277e-01
1.698438205408259183e-01 7.474183884829294078e-01 5.135214688991749377e-01 3.253432569020705545e-01 6.239208950400396692e-01 7.716191423987822651e-01 9.489677359481990537e-01 7.914155970156649955e-01 2.149380785746558553e-01 2.280977307543374799e-02 2.352616812422315684e-01 3.443143497194722791e-02 4.811203619202122361e-01 4.795516269358424122e-02
2.073992691006188993e-01 5.271029336764272433e-01 5.968955545851601929e-01 2.931824644641924937e-01 2.873349030770179224e-01 6.925211078089987815e-02 6.711881633340009978e-01 8.001908303690902224e-01 4.877123207492234380e-01 4.629363251395576251e-01 5.331603941178975070e-02 2.005942649200040950e-01 8.277678381452380219e-01 1.571132292165433597e-01
5.749690992938620848e-01 4.245303963727721230e-01 3.101279411642596795e-01 9.004156138563236267e-01 5.239942627232607730e-01 5.358364947197478134e-01 5.379012441293412605e-01 3.527527598572759437e-01 1.764309846818723493e-02 2.731478130487215994e-01 2.342994942800270541e-01 1.745228922580666087e-02 3.428547105880958012e-01 9.982776144928250384e-01
8.903502063601436145e-01 7.053264783416061112e-01 3.491769459331141023e-01 5.063262378698581978e-01 4.616713050763210369e-02 6.044646061233678314e-01 4.954873166919558924e-01 2.042768617142742826e-02 7.794240007147981153e-01 1.979980393276388195e-01 6.933109802863358651e-01 1.090261432993051560e-01 9.991418347406655354e-01 5.372579417543932312e-01
6.944221756930984979e-01 5.249857668408308697e-01 9.591332202988360756e-01 9.257368130228882386e-02 6.213222500948645255e-01 6.238854503573857402e-01 8.570797719131419967e-01 5.596231763532089065e-01 5.054109810836023842e-01 6.786964627807503536e-01 6.157357783440803312e-01 8.386719755017555400e-01 2.494679344271344412e-01 7.569112030052455031e-01
8.357894451403601321e-01 8.910406486202618881e-01 2.038130415655956540e-01 2.552354516219736968e-01 3.314419912055841522e-01 4.812558145162491030e-01 4.799696448875627741e-01 1.686092598316795144e-01 7.696679226848809341e-01 3.621685144507779119e-01 5.917574991398242279e-01 2.636162156643209187e-01 9.679873313310627392e-01 1.374181785497727848e-01
7.887591801538914593e-01 1.036608708621454822e-01 9.371087409136107382e-01 9.365255366826128469e-01 9.176230157556058975e-01 6.101220435898287997e-01 5.725183611050662646e-01 1.266209413980200482e-01 2.909193891158734502e-02 8.544859778552786889e-01 1.963997865465282322e-01 5.368300243383208326e-01 4.126169429900492513e-01 9.911867948336628986e-01
1.151911366764929445e-01 5.359124153329389850e-01 7.826547007548322332e-01 3.907079367306320883e-01 3.493735601412562009e-01 2.675128896768108611e-02 5.828629187531630951e-01 4.375605805550784044e-01 8.543422918261687204e-01 1.232748948377815346e-01 7.718070205227052227e-01 7.775341877517103484e-01 7.296741157080396389e-01 5.965037355038426137e-01
9.789882183715793440e-01 3.824129565302611944e-01 6.743447046472994533e-01 5.394713154655639276e-01 3.994945809296908124e-01 6.610304667385654698e-01 1.952594579319630874e-01 5.324480930201966888e-01 8.394311539413462642e-01 3.945362571508407301e-01 7.586624822762276787e-01 6.480191258839851365e-01 7.413807497600931606e-01 8.167884198528685413e-01
2.929802823739113826e-02 9.245266066110255920e-01 2.472972809735382027e-01 6.401957834955562809e-03 7.831069057917430243e-01 3.538566493655841416e-01 6.693361159854119835e-01 5.649965297499920380e-01 6.063488835913409813e-01 5.978334316805786752e-01 3.895853148107298880e-01 9.946809843922537198e-01 5.845013692251161963e-01 7.733304054892856660e-01
4.350569610445986779e-02 8.130042449830858775e-01 5.846672051172399076e-01 1.205333129464130071e-01 2.655673896000095846e-01 9.652457240496201685e-01 8.886722415899226402e-01 7.145186130153423631e-01 7.739234259953770012e-01 9.194359336886009926e-01 4.208700132018990958e-01 9.269268615744807871e-01 8.521512405459665818e-01 2.190763040437303522e-01
1.985375405087737022e-01 4.158230124194293165e-01 7.149159277562205927e-01 7.659782955991382147e-01 7.868736460649137232e-01 7.219443848774170780e-01 8.025070262720762626e-01 2.307259586526294592e-01 9.274780220125650176e-01 7.546570787397963720e-01 3.805736722609269762e-01 2.640037560587739085e-01 3.157098649899161558e-01 6.567248326793206914e-01
3.394114045052327722e-01 8.496076328125622412e-01 8.660644889265700641e-02 1.675518795794801452e-01 5.377121749346591706e-02 3.474274321108644648e-01 9.160964552249297732e-01 6.020801435592517681e-01 9.614288399086110548e-01 4.260550919691243887e-01 1.868530756323305564e-02 9.767294352678854708e-01 1.035097908634928787e-01 5.027089945508077529e-01
5.110238718705476524e-01 1.256915391342581234e-01 2.509894287500166188e-01 1.861996252936143348e-01 8.636469472083364574e-01 9.110238365793511539e-01 5.871059400625758817e-01 4.215999159257313167e-01 8.149094749710614760e-01 1.852990867998698388e-01 9.598843592695343041e-01 1.038209098857244550e-01 9.239090692159669382e-01 3.486040946475084112e-01
1.034206131401460560e-02 8.838096990444546108e-01 3.210084289147900893e-01 7.946049435033719632e-02 7.885366814925521828e-01 8.997602147372796288e-02 8.660364282847136108e-01 8.699401032201639072e-01 9.191973859238733446e-01 5.319730683192235299e-01 2.831195082627731008e-01 4.442838330337872677e-02 1.675514959503665580e-01 2.348887785527858929e-01
7.457088280056419771e-01 2.753259832701067111e-01 8.480061985342497444e-01 5.929022437527087241e-01 7.948036154654597452e-01 1.203108351582615754e-01 5.109286853802296191e-01 5.526625531411299974e-01 9.501406767981144252e-01 3.226198376982551963e-01 9.700320227374190640e-01 4.105236539807918250e-01 1.972010068642487957e-01 5.934800635965175042e-01
2.530949721789476081e-01 6.255463923267099435e-01 1.361935952890012125e-01 4.045652092372556963e-01 3.913353120682639963e-01 8.766055698178807365e-01 7.152042945085503867e-01 1.383600105515715439e-01 9.696449254991463818e-01 8.079787717044577544e-01 5.093599249404477947e-01 6.808991645212634225e-01 2.839695327515401324e-01 3.107655545279628395e-01
2.078170809161732357e-01 7.020801725949167293e-01 6.337021303690841822e-01 4.128843346327596420e-01 8.758943479464904591e-01 5.673924517361961239e-02 2.225107599265609970e-01 4.269151174822805039e-02 4.086144899604998715e-01 1.419746581487028037e-01 9.230237367704592355e-01 4.794500158570603743e-01 9.052358551951015242e-01 2.464012756667305348e-01
1.697887278813149381e-01 9.429248106240032401e-01 9.138889322197103482e-01 3.571307810450975451e-01 3.187411303950107300e-01 5.282223507572203491e-02 6.272065036741449884e-01 2.803527219954629057e-01 2.302459676719562642e-01 8.033733549283076369e-01 4.205692422925371154e-01 4.914129028277168798e-01 8.121740078289649833e-01 2.803726577072496173e-01
5.431943250885805652e-01 2.333282956432071176e-01 4.157528008386515150e-01 6.302325419383603133e-01 3.202594960058308127e-01 9.163381879438283750e-01 7.298048042419619241e-01 6.081544381827542756e-01 3.926933973045975135e-01 1.625648252494331647e-01 2.075823432629831933e-01 6.484293025472028793e-01 1.506460730062471054e-01 9.394225677238770000e-01
1.217174136366668824e-01 8.640656338915484458e-01 7.401652378563872148e-02 5.714061347050414241e-01 9.933569339106309570e-01 4.636171468527877648e-01 8.622306275404874043e-01 1.566057659419723969e-01 3.845393905970719839e-01 8.889289946835026157e-01 2.937422934381167527e-01 9.735372796131784856e-01 9.543623759220533076e-01 4.337466119937892772e-01
3.368227099551611703e-01 8.037732772352779165e-02 1.772157528189977072e-02 9.463667392769877784e-01 7.785105436581938321e-01 9.053382937298666278e-01 8.016055124005381227e-01 6.787215604558231030e-01 5.531126359293162542e-01 2.547537719834750414e-01 2.616825852471100777e-01 2.965661426157591984e-01 2.735035066111346502e-02 1.663378528756619401e-01
4.015523716584669112e-01 4.577718058976347759e-01 9.845864305264607763e-01 3.571645438800976624e-01 9.688078347123952883e-01 9.608614136228432745e-02 9.723597634493074127e-01 2.472952118176745540e-01 7.075309411166168516e-01 5.511734426869145942e-01 5.611938371514002544e-01 2.259104535030547201e-01 7.035616461613847239e-02 9.916573713777502297e-01
7.565567010446955232e-01 8.520757084815335780e-01 8.935236327127780154e-01 2.753502213560503620e-01 7.086105863612226496e-01 1.162790832860947088e-01 6.885330280938666281e-01 6.216982115102849260e-01 8.809591570648807046e-01 7.071932468310070385e-01 3.229012160997998260e-01 3.853827055339951180e-01 5.608537575221583804e-01 6.548652689111316150e-01
5.434537447187048897e-01 9.449996749831285348e-01 1.791438196024042195e-02 4.641373759255656983e-01 9.253680039134982716e-01 3.999065291594537941e-01 6.433460061234625993e-01 7.343558523065055743e-01 3.783828713196913940e-01 4.307971663705745247e-02 3.755712041605921980e-01 2.246227819485102639e-01 4.225349764612644776e-01 8.814568072265164256e-01
1.895729094245384161e-01 9.257418228394190818e-01 7.563689842818386300e-01 7.059930650372636673e-02 6.102704117759565339e-01 4.808755592947446811e-01 9.449260954017688618e-01 9.474334563999746717e-01 3.676364310918323053e-01 3.034478989913941271e-01 7.270086107039499534e-01 3.086948056841358756e-01 9.893692831490822348e-01 7.233535424741350806e-01
8.773211737892626649e-01 4.941166205771844178e-01 1.994633892232354766e-01 3.078721125604255704e-02 6.807411786319795821e-01 7.821676226584278746e-01 3.522341832936055628e-01 5.338074729572660493e-01 9.206992535877350781e-01 7.327273442595548802e-01 8.606925984002918861e-01 1.621361960992844242e-01 4.342546512156724159e-01 8.350795474205248148e-01
4.158467706968685951e-01 3.305528972926248255e-01 8.836952040227514793e-01 8.334159487785987031e-01 4.418628485759078517e-01 6.161851807119004265e-01 8.180010215638430227e-01 7.965309882890764248e-01 1.977522783576957099e-02 5.902320651516940186e-01 9.396645723604335476e-01 9.245645257615028312e-01 1.273909396239939484e-01 5.972490161458529068e-01
5.468532650548697527e-01 3.979330292288083548e-01 5.369335992913456534e-01 2.854065913562670032e-01 4.411204135940972604e-01 5.406613608557147010e-01 4.012878180340514467e-01 4.247449162651784071e-02 5.347017017594279942e-02 4.935357679857435009e-01 7.419938355621990000e-01 5.290311097195342649e-01 4.193466458902991301e-01 6.251005191054623822e-01
3.599753705130576131e-01 2.642503600230905469e-01 2.017316081648612425e-02 4.477043873606112445e-02 9.616981242549217379e-01 5.476229276478424834e-01 6.545026022750026762e-01 2.141864229497685290e-01 7.666620258560385981e-02 1.798336880145467997e-01 1.292118379788689264e-01 5.636060286373096861e-01 9.646342130753678967e-01 1.403005583715583038e-01
6.386412063438747788e-01 5.458915787573795919e-01 4.649867178793923861e-01 6.021636863210531043e-01 8.742051550879031963e-01 8.981756180591431438e-01 6.119831367969524871e-01 4.390443598372928413e-02 5.079553174622492007e-01 3.916144969761304884e-01 6.472447944587262914e-01 2.798605351326941548e-01 5.796710364201396182e-02 2.871089100112697023e-01
1.910445856537522635e-01 4.003820884367190747e-01 6.211786565932854165e-01 1.848475657419798024e-01 8.453895422252351022e-01 1.963110512304488964e-02 3.639647380896076090e-01 1.972843038643954383e-01 9.069735247994519245e-01 3.627676770001098117e-01 1.713885100481672419e-01 7.175441161787498023e-01 3.324332087636031607e-01 7.280088190947211491e-01
2.007888249664024904e-03 4.752796891224423392e-01 8.368921031624217965e-01 6.848646168330860817e-01 9.653006760765460159e-01 9.641928368884122857e-02 7.725480902201796729e-01 9.804246606697920585e-01 7.875673520260142446e-01 3.285712728075366185e-01 9.066922529159436861e-01 5.586340567944899638e-01 7.686110144295901225e-01 5.897846582400712023e-02
9.694013569606995118e-01 7.322477722948677048e-01 3.881863310518566257e-01 1.432831441891740942e-01 9.852532376048200868e-01 9.061188895046690117e-02 1.861901438043285228e-01 6.381472878259073500e-01 2.035188935640606100e-01 6.104186961388370358e-01 3.029155006797763505e-01 2.009847168852191279e-01 2.247456440438944103e-01 2.668566671426223502e-01
6.613994030191853168e-01 8.448388606063761408e-01 1.130404634448004542e-01 2.358858531561530691e-01 9.268407706513648314e-02 3.547534728870431753e-01 6.418688787996763567e-01 6.808421711367396156e-01 9.404767236996302016e-01 4.689234594845216320e-01 7.354408175862363617e-01 8.700801563380308190e-01 3.111211274786701564e-01 5.074129964027397355e-01
8.093891087670164186e-01 6.946521354047779928e-01 8.893838203790103147e-01 9.958642755907843869e-01 5.180750370943683070e-01 7.326855758944963437e-01 8.692058235947207612e-01 1.182247823560875766e-01 1.516459035892369078e-01 8.634934481579810139e-01 3.493475983494483961e-01 5.501352233877701003e-01 3.304171442062158182e-01 7.390924096673403554e-01
8.169431479666654505e-01 2.272749228479218342e-01 1.693507338742438195e-01 4.088419110591133832e-01 4.753047646252285263e-01 6.050475296231294653e-01 5.596253502188891504e-01 8.860693804224537562e-01 6.834831958633654780e-01 6.666430438209430820e-01 2.755054843639300755e-01 5.171784547006134103e-01 9.797857687279442063e-01 4.361657443412536583e-02
2.624279275776700837e-01 8.868989873137349544e-01 3.710762067806838704e-02 4.481917999221254334e-01 8.489743225148830286e-01 1.203961791568265438e-01 9.070003768792946897e-01 5.904387419343493093e-01 7.777739367535456694e-01 7.205806035216897332e-01 7.051177683657664508e-01 3.321312442048307556e-01 8.969855591136662865e-01 8.575378641242265010e-01
2.146411381179736955e-01 8.464648729994245224e-01 7.866302611134183831e-01 3.811877255139183296e-01 6.003621504253953134e-01 8.105249379272427834e-01 4.416745225861129498e-01 7.439155603299670849e-01 7.794727176426353710e-01 3.828564324056775714e-01 2.815982532717185016e-01 3.706652776909812319e-01 4.039826389153844399e-02 6.303011753077765178e-01
7.239222537823721826e-01 7.827513823047483887e-01 3.157416884173400717e-01 3.468334240427628501e-01 4.902460261857880530e-01 5.095669961680948656e-02 1.211730923546718852e-01 5.956947433718886575e-01 3.612628576698346805e-01 8.064924095100525214e-01 6.669027237297072697e-01 8.076558227377130805e-01 7.250636330186298606e-01 4.753823529993649322e-01
9.294761612015092211e-01 2.308256332938466437e-01 5.045271608126721263e-01 5.135411591748093585e-01 5.693172897523391951e-01 4.582512535208255189e-01 5.421265455577861658e-02 7.386121303683196304e-01 8.634179448659329292e-02 8.869040313178966350e-01 2.809551444443293411e-01 2.265559144089620558e-01 6.526892921357232424e-01 8.936958995518712312e-01
3.250067752710529279e-01 8.607689371165463399e-01 7.773243497698049120e-01 8.092013741848295139e-01 1.587621114483916962e-01 1.585813595736368375e-01 3.080669950050292094e-01 9.781067285897471209e-02 1.705999725382351118e-01 4.820076470727707729e-02 3.878002459491780574e-02 9.576951070416774847e-01 7.987981298951988274e-01 3.353615176811007847e-01
5.679039697859709079e-01 1.059033587871475168e-01 1.492328844496042528e-01 6.946745930593261065e-01 2.810045839372111720e-01 8.816394008904208102e-01 3.520886798127229600e-01 8.522461726924160930e-01 7.997399573984076415e-02 7.639166048423583488e-01 7.649690931898855961e-02 3.470156936389257041e-02 8.223767173490976745e-01 3.840400851431646778e-02
5.546753586848501838e-01 7.191109863834360683e-01 3.572453197793828972e-01 6.953539189591360081e-01 3.138412949885963643e-01 5.513874900302974114e-01 4.211517001485108880e-01 7.366019025699471756e-01 4.708421388007334452e-01 2.864243237386491225e-01 5.388133377832571291e-02 1.473808554013797956e-01 3.385753372782678294e-01 8.495166997306081713e-01
5.518331958243062330e-01 8.497160662136125087e-01 4.576792495066439592e-01 4.341632693535809606e-01 1.235842168929395246e-01 1.307675894687798657e-02 3.814456715922425190e-01 8.388635338406539299e-01 7.548970034445582344e-01 9.233961102952262801e-01 1.708179279470822820e-01 8.489693672234970290e-01 8.471170320038345913e-02 8.275445668186114379e-01
2.966422351773745358e-01 9.496494092392302466e-01 8.940657712690167624e-01 8.519236780425238909e-01 5.123562350028530998e-01 5.937854089515774980e-01 5.177538343582120950e-01 5.340285625436065331e-01 8.247689374636599791e-01 5.190568203927989899e-01 7.034543968459338048e-01 6.398879104782317917e-01 9.401909424200589616e-01 3.704320937387503010e-01
8.239272087103681752e-01 8.583053095321699910e-01 9.142179316563920910e-01 6.981875425717188888e-01 4.379002014617585647e-01 7.424740293404672453e-01 1.900291424485256453e-01 9.894139693030176153e-01 3.752744702489719808e-01 6.186643822874473564e-01 7.704401171594581488e-01 9.488461762764832663e-01 8.728486067771235035e-01 4.168321027433319337e-02
8.583430532486375775e-01 3.321951622456421616e-01 5.865191822056955440e-01 2.364358094718879144e-01 8.983059685654348758e-01 6.970797963634742800e-01 6.632652358507138413e-01 6.509791456194491399e-01 7.350684670740805782e-01 8.997470018868518604e-01 9.866636469684595401e-01 1.833296312832581876e-01 9.596387729626081331e-01 6.914897857048182273e-01
