6.422655270897564828e-01 5.527538774916234132e-01 5.767581508366959042e-01 9.876416035836753649e-01 2.540751911333923863e-01 7.227869029640109355e-01 9.097443047953854833e-01 1.947528758425633999e-01 3.358838164404268634e-01 6.105871453802627080e-01 3.536656554987424039e-01 1.250762754969912960e-01 5.817322543590602857e-01 6.608618059115622945e-02
8.009790496203748056e-01 6.639605655290827801e-01 4.175843891525393703e-01 7.777156843308593581e-01 6.200341754208985590e-01 6.766691703662401913e-01 3.509390599994703930e-01 7.204913531206083022e-01 1.884877654231362776e-01 8.064934181544991532e-02 1.228118731970893052e-01 6.081403034681016617e-01 1.510083817888043800e-01 5.086378826413465726e-01
4.976987998142121672e-01 7.116874335491104597e-01 1.981340494100228833e-01 1.818425365069975541e-02 6.190552938189984866e-01 5.870119705310210545e-01 1.903290552152701043e-01 6.283563181033732237e-01 9.642774710524626425e-02 5.329861322155134973e-01 5.282790999727337011e-01 5.969263813407688080e-01 4.479897337015155134e-01 6.316010485632241878e-01
6.864569336986543480e-01 8.213293456945103266e-03 8.448056362595595115e-01 1.154203808786229413e-01 6.129972385720672268e-02 5.360435408385574307e-01 2.181749178982554938e-01 9.817008945271715747e-01 3.822439007185325366e-01 3.335966872869304822e-01 3.818236900541145395e-01 8.640948775245169688e-01 2.976875074893972073e-01 8.399630636966818331e-01
9.024689570671421412e-01 9.469715524362292136e-01 5.968269174786878795e-01 9.062346678937245326e-01 2.149777221031952124e-01 5.572732451388365815e-01 3.525104467580212342e-01 5.410267905485532935e-01 2.421130716876187527e-01 4.617844462457656451e-01 9.492469627266205690e-01 7.307398382831982175e-01 6.252078190423401294e-01 7.431906953754051637e-01
8.778374345272987878e-02 9.373571120380815858e-01 1.503192494004604862e-01 8.582648424112487850e-01 2.041269941357071183e-01 4.795392990518160259e-01 1.348128297736362891e-01 3.575102534458918235e-03 2.967265050415509586e-01 2.299348224886585967e-01 6.760556215720758821e-01 8.896011203881482032e-01 2.791936113219966042e-01 9.584135230085781831e-01
6.825483430516965377e-01 7.497566592848672329e-01 6.644352591231477145e-01 6.644613625843389659e-01 5.904314407025571532e-01 9.487315779761603673e-01 7.970526960838809627e-01 6.603669679191414010e-01 6.722364825802064070e-01 6.555228100835330807e-01 9.327674926862751237e-01 2.563530964312399352e-02 7.105398212502086475e-01 2.300125675067808961e-01
2.997482044350211483e-01 1.229080800698506559e-01 7.342643955098792086e-01 6.517081800072759279e-01 9.738280173276769869e-02 8.985915758165741174e-02 1.198941930743364637e-01 7.915693464850639405e-01 2.459294857196354656e-01 5.888860276060833288e-01 9.009306741099029070e-01 8.264712117276550307e-01 3.643859199583476816e-01 1.446261416920335829e-02
7.182544000678203755e-02 9.567848374237527542e-01 9.625687420927541149e-01 4.059326447384332681e-01 3.904370331046219667e-01 8.788898884526860078e-01 6.852320363393247238e-01 8.845065537613796547e-01 5.344160196344684977e-01 6.143094905763036850e-01 8.211069703908807638e-01 7.310572170210311027e-01 7.694002348692600135e-01 8.930295209390980427e-01
5.103865505549196602e-01 8.900129988453493457e-01 4.849490149503535852e-01 3.979601637636726030e-01 5.452782610745454672e-01 9.478896349161874957e-01 2.694456431281302411e-01 5.658967441487956496e-01 9.694918858796242045e-02 9.866789866002888543e-01 3.096629489131280666e-01 7.813980775073593454e-01 4.920991846428157679e-02 1.378282941960523589e-01
8.879417176761478236e-01 7.069070516027822215e-01 7.925857681206759375e-01 3.163223903178374874e-01 6.020708722210209585e-01 3.988219776327033284e-01 9.320951076798000834e-02 6.585089004020155956e-01 4.281543554983250344e-01 8.770572452243724504e-01 3.570823665202206287e-01 3.910246757764357373e-02 9.773532054703072403e-01 7.076811229451573926e-01
1.606039374340831882e-01 6.872071319190775629e-01 3.420034678423906627e-01 6.211302923996103731e-01 4.920713433236993950e-01 3.290843518479251717e-01 9.414483571475218415e-01 6.776727796310896279e-01 6.723582265467743513e-01 9.549656115225780839e-01 3.190970636928783799e-01 2.928654213220025504e-01 1.640860375568903295e-01 9.220587081005067187e-01
5.436647643403880181e-01 4.426880971643952778e-01 9.006323221351257846e-01 5.897873244020972461e-01 1.841489790317212272e-01 5.828497576356532761e-01 2.851833914023660377e-03 1.832787078178291784e-01 6.725888690645168699e-01 6.212161314651531985e-02 1.941590406704877259e-01 9.854118740928696774e-01 6.789053418430419651e-01 5.443957402875242435e-01
5.935539759121669645e-01 8.863917846830060565e-01 7.448855833127603354e-01 2.372815079998463750e-01 9.190687536630143262e-01 6.611300022208503879e-01 4.994789361781539760e-01 3.533371043791697641e-01 7.433359714238408911e-01 8.969870776216317676e-01 8.717599854071204080e-01 8.373698237234122876e-01 5.133645953163158415e-01 6.869449975567826217e-01
3.166332304265137010e-01 1.884788650493488538e-01 9.325496094583308748e-01 6.775032860483680697e-01 7.811603920542525836e-01 4.387218831355432780e-02 8.793524277502324793e-01 1.765798117681934842e-01 5.549672805177765511e-01 3.244164987253693733e-01 8.816900427872158552e-01 6.108689022209169428e-01 7.732078728586952998e-01 4.142239554793782919e-01
9.020979808192560734e-01 1.303648019425283078e-01 4.243288650963741304e-01 2.587846117869130325e-01 9.915263441379670306e-01 1.515309462611560409e-01 3.943781318670063207e-01 6.431511986591844643e-01 8.955373679900208161e-01 7.310674280378000045e-01 7.880425639397897752e-01 9.894670451081344353e-02 4.459462556736826233e-02 8.920098331788655077e-01
6.890088073686252423e-01 3.301194269796998704e-01 6.225247573969047155e-01 3.341398861941705656e-01 8.174383151870306952e-01 2.105901197360382504e-01 2.186492752895643488e-01 1.583169265560907535e-01 9.851971111194943731e-01 6.202681910920069264e-01 7.962680960723897972e-01 1.456250578586504307e-02 9.850632877586038560e-01 9.830832092353030127e-01
3.317163338781896620e-01 2.484542679934592657e-01 5.492411677493334032e-01 8.273295300536487318e-02 9.094355791885893048e-01 9.143923541908526298e-01 1.815593434580983212e-01 7.763194487399275312e-01 4.505685026911335767e-01 9.685444581522461016e-01 3.422477085291741883e-02 8.092436973728146521e-01 8.082727726401636170e-01 6.394108968086984479e-01
7.109702364966220545e-01 4.823771536831815698e-01 6.084637466368022496e-01 5.769813444228900634e-01 3.744545938867687163e-01 4.564258174116596622e-01 6.876183859820939048e-02 4.462184216206344090e-01 9.852486456094580181e-01 4.071023322595573868e-01 5.515104387559278676e-01 5.835198466605243661e-01 7.113398061595593846e-01 2.553169045950521854e-01
3.073812768276673602e-03 8.554396505971701981e-01 9.147941340528098486e-01 6.770726806984206370e-01 9.779561671781544785e-01 5.210871727257089248e-01 7.831062542513300695e-01 4.792201660349548753e-01 5.416903172938192235e-02 7.363655899643255509e-01 4.558840679034366072e-01 4.703152314185805594e-01 7.901376370672780203e-01 7.776829553529570616e-01
6.246583531231675313e-01 6.329305220742671434e-01 6.808041051819790912e-01 5.823322186779117393e-01 4.991636421120760891e-01 3.010269978781749955e-01 6.500420227172962750e-01 5.495225858212390291e-01 8.433013244939207009e-01 6.133811269320310622e-02 6.532124452675902582e-01 5.857429777564093776e-02 9.931472123512230521e-01 6.101013654957559984e-01
1.115503249365719096e-01 4.246308927227770980e-01 4.729073094102551611e-01 3.565158767949593299e-01 9.577640117555961119e-01 9.933739463786431800e-01 4.906548926138755151e-01 1.700796088148204266e-02 1.599343316270170900e-01 2.532201960648241545e-01 5.825934223278121937e-01 2.434435743253007267e-01 7.354335529665616544e-01 2.135763293220616088e-02
5.500504662206336937e-01 8.373778492257490935e-01 1.510941047713756369e-01 2.965386254272396327e-01 7.054893581493589805e-01 7.592429388544259528e-01 1.250457007552476796e-01 2.524930145989050523e-01 7.758116743262154502e-01 4.409623367035717667e-01 5.620973489915145338e-01 7.246581858292303613e-01 7.357959261152073882e-01 1.350737271051949406e-04
2.832584188967459671e-01 8.941039124608736177e-01 4.043927640147775282e-01 3.786507761168140807e-01 2.879217646040649337e-01 5.481900966453174817e-01 6.173739812503787894e-01 9.469165353075055247e-01 8.252416643745400515e-01 6.410088079123117399e-01 4.324094921625245558e-01 2.194382514952528673e-01 4.571563376384653044e-01 8.711117135481750706e-01
8.602160019049910344e-01 2.488072082493649750e-01 2.051610258821764399e-01 9.873991314614435355e-01 8.302920404616350725e-01 6.521669268302795475e-01 6.010901722772530320e-01 2.119949849641141748e-01 7.342602108755702517e-02 4.144531075072455106e-01 9.289693272571030169e-01 8.111048357766147410e-01 4.859678417601601685e-01 1.577697803211369765e-01
4.727514304873947637e-03 1.523438059529369504e-02 6.228925776430939143e-01 6.290858139652429903e-01 5.510315810379085022e-03 3.138432110448141632e-01 1.970147148305183560e-01 2.128708505253585903e-01 4.588436709869834207e-01 2.403183252316337670e-01 4.808056690868943717e-01 5.029180356379431283e-01 9.274682956167664694e-01 6.613112413912800580e-01
5.654044192044052064e-01 4.197261112902560543e-01 9.456986750886762216e-01 4.646714107183359532e-01 1.821498320811694160e-01 2.035015262374962886e-01 5.185478278898325577e-02 1.514079974440187826e-01 6.737315867490168975e-01 8.471151741173299499e-01 7.431595163995726727e-01 1.581951715356146870e-01 7.289226579058172284e-01 3.119627434506283548e-01
9.083403226940952591e-01 7.129725462517315648e-01 9.958544242229632193e-01 6.414242797874033508e-01 7.231697706475448406e-02 1.067838150685822551e-01 4.908614001297243457e-01 4.807389155839538741e-01 1.497408862456404144e-01 3.333372757705578282e-01 4.936147868684682694e-01 6.949456567308703869e-01 1.183210209394309764e-01 6.447934696032674440e-01
2.645704744361900840e-01 1.978461300270518697e-01 9.285381436896401608e-01 7.705819700932933225e-01 2.364769728701112683e-01 1.403031754111567775e-01 3.607393934217641984e-01 2.997971914618781097e-01 6.961830394191481641e-02 2.200267504310584599e-01 4.737397255391060380e-01 3.496133014103471881e-01 3.107123696837124083e-01 1.712467410096886189e-01
2.179182995484554297e-01 4.036152945633350031e-01 6.756369183236383691e-01 7.432514046016646114e-01 2.000369097062231205e-01 4.727061202160454112e-01 4.367028955713714300e-01 1.375002204292367081e-01 5.144559425964029264e-01 8.063972766314582152e-01 7.489787855603958766e-01 1.827361315415716447e-01 8.274901912563326078e-02 2.757360490018389010e-01
7.181494624929132264e-01 6.949257279552235600e-01 2.686905389074814021e-01 8.555376658931186373e-01 7.085646406152878995e-02 3.790610619970746775e-02 5.527002262358740037e-01 2.980253983809268981e-01 9.169478815015837947e-01 5.629151176009122848e-01 2.482096086522234124e-02 5.773303837845470410e-01 4.252327213738029688e-01 9.388464490735403123e-01
2.229357282030168808e-01 2.040719021694914481e-01 1.407054931003232090e-01 6.704735614725114701e-01 6.750625780279424504e-01 7.639594349025629061e-01 7.802565023642670239e-01 5.060768463271203554e-01 2.433448830254076878e-01 3.595832799430802584e-01 7.766530249928028651e-01 4.236285692602447250e-01 9.285316746343194039e-01 9.698223732229164229e-01
5.549081790863109598e-01 6.381175989649447988e-01 4.784789645374309952e-02 8.213626280754515729e-01 3.986385483194176960e-02 5.723066799650510239e-01 1.082731245550864196e-01 7.007259093242067527e-01 9.977311898395208045e-01 5.697774663645760462e-02 4.959405441729156649e-01 7.650447763411751811e-01 7.383759689786939528e-02 6.878835535229440579e-01
7.307012533227690287e-01 2.427096362303700072e-01 5.251922318643704735e-01 9.848957505917658173e-01 2.897063273118180016e-01 7.673947892246432145e-01 8.979154755476354000e-01 6.611864607190843790e-01 1.130736096617005471e-01 7.276715481077941083e-01 8.273044091875811912e-01 3.553287735764943944e-01 2.818507532473228938e-01 1.615532363567433460e-01
7.577548285362292191e-01 9.834828969716710168e-01 6.033420986555332322e-01 1.060897691306623702e-01 5.684050662378257179e-01 7.952983588962464490e-01 3.743359514438334701e-01 8.242589543076148662e-01 9.675472532176326856e-01 9.200899791522419990e-01 4.240824063165958835e-01 3.492421121207944790e-02 4.731043896129267790e-01 9.705471840954500440e-01
1.118591198799189224e-01 3.934661686210727538e-01 5.478459386889097393e-01 6.501746963316553662e-01 3.613291806252435512e-01 7.494606362118478859e-01 5.692596798426369231e-01 9.220857036577156940e-02 6.877967037512809911e-01 4.614227649100650641e-01 7.853096728197507259e-01 7.098909700223892116e-01 2.610728426149846459e-01 1.047712901399081575e-01
8.604293186485061362e-01 5.156995706681510860e-02 3.717535538568810249e-01 6.212660738762219026e-01 8.642011445628056121e-01 5.330626259607996742e-01 9.160464180374194854e-03 7.114635498932099233e-01 9.452294466974053844e-01 5.278192198540432312e-02 3.548212509743666754e-01 8.348936369327234486e-01 5.125071015561740717e-01 9.491649611246737450e-01
8.467397439039814344e-02 2.772169248519309459e-01 1.585350770801633447e-01 9.044310471210712521e-01 2.618140465935193673e-01 9.368149316214846589e-01 5.610683380825836064e-01 9.522508092182564443e-01 3.678215106413411650e-01 8.509221074853625666e-01 2.346626735642985961e-01 8.557254679346844028e-01 1.327537880924385405e-01 2.781473775222992328e-01
5.961000783292302874e-02 5.805598122247321857e-01 1.312361982161207585e-01 6.070582517906136788e-01 9.122049379888366172e-01 1.594971651387706579e-01 2.368310380910514379e-01 6.542024716813725771e-01 1.560490604473298015e-01 2.390082797064509990e-01 3.204470710898965624e-02 3.704681740498542153e-01 8.095544221048276423e-01 1.956379302046735713e-01
3.142236139498155723e-03 6.221956842430120815e-02 1.164741506743341981e-01 2.043756599758275172e-01 1.339924779609635852e-02 6.133988764470937882e-01 1.348304444499137666e-02 8.726725756839662784e-01 9.321584473301018914e-01 2.136747524385507191e-01 5.148358863681119502e-01 8.569362725549795057e-01 4.255030098042084097e-01 6.509258305230563035e-01
5.711544872765015324e-01 5.680422910978235596e-01 6.033381974653229118e-01 2.359915599750966875e-01 2.879089807526769018e-02 6.059003983700699258e-01 7.806851632997189316e-01 3.757057543572211999e-01 5.875667071810082298e-01 4.400985715025974576e-01 7.161016850258948852e-01 9.970459858052074242e-01 8.344394963381129848e-01 4.245694514667289754e-01
4.948456483954628560e-01 5.830130205529112652e-01 1.559160293880769155e-01 6.025188027813885849e-01 9.908994835657912725e-01 2.308059995216573679e-01 6.874404327854974905e-01 9.689965080657223506e-01 7.626081017600812029e-01 4.316707735001164004e-01 6.615791348365929192e-01 7.787467268008345656e-01 3.186663229675172904e-01 8.875609201306912110e-01
6.584647802382046500e-01 5.587375093054270936e-01 9.698212612308718672e-01 9.242345985411739573e-01 5.942012211637247576e-01 3.769190856012616386e-02 4.631568502173744051e-02 7.303913571917677316e-01 9.780981091669435079e-01 7.423954171216015085e-01 9.690681443452369148e-01 2.654970852719827912e-01 6.311919035664758093e-01 6.506788652717075960e-01
4.980893351203818931e-01 3.496518744859273831e-01 9.063502517259020008e-01 2.765197969025885438e-01 7.574605910517795415e-02 5.751713175057043825e-01 5.408138122020887950e-01 2.553274891788668288e-01 6.374737767299826219e-01 7.837992254563304062e-01 1.530254116460083580e-02 8.957727610629346859e-01 9.558161663072252123e-01 5.061965036488802472e-02
4.944596970602230801e-01 5.983430489522526541e-01 6.129105162943427887e-01 1.193864367748110888e-01 2.565313323874189866e-01 9.066770377768111899e-01 6.494422310491043682e-02 3.012380267016541158e-01 8.078732150876739571e-01 8.524291733747296762e-01 4.157193901824018933e-01 2.272508367980465849e-01 8.698537783616450136e-01 9.640836625019075790e-01
3.558739664084547005e-01 1.288848431966823638e-01 8.156390612455461930e-01 6.014463977713389031e-01 5.980889312664295909e-01 2.221067640889154982e-01 9.923360980201034742e-02 8.371621491109871860e-01 6.885712112640857141e-01 1.412085627523403941e-01 4.501719564741744062e-01 3.325030628826928236e-01 4.820212847714164806e-01 7.889494741617575357e-01
1.229634638744923070e-01 1.362895218951454268e-02 4.529751209391597033e-01 9.843905909275614263e-01 9.983974314445400733e-01 3.973604967670290034e-01 5.892308395585075242e-01 6.493773262637111410e-01 2.772979593693333245e-01 7.713495981819273872e-02 6.730871416877021174e-01 4.930184854236863146e-01 5.736604022553933868e-01 9.926722014921870452e-01
3.292835853073838859e-02 4.150020723573301096e-01 7.812466470350080128e-01 8.115032785890227141e-01 4.981809170431203970e-01 2.150964636056439394e-01 1.900129173601883270e-01 5.300652264745949749e-01 8.246513012366232243e-01 7.078228910265579321e-01 6.403575663117699879e-02 2.335369738007068152e-01 1.399259558413084026e-01 2.953951947623786323e-01
9.918587130672048557e-01 4.948209716115652412e-01 8.900521038531855611e-01 8.643098327349618692e-02 2.527266751154877422e-02 6.258465787830702620e-02 2.986581296506034544e-01 6.508702548665455945e-01 2.567812916692978620e-01 4.201846244821650922e-01 6.727407042418054317e-02 7.199916996577152561e-01 3.651818839861296073e-01 2.313468082685110616e-02
6.537791760755731207e-01 1.551673510341083917e-01 4.620160162726660857e-01 3.293252642245103612e-01 6.644731360731055414e-01 4.714804071568101662e-02 1.180953582928864209e-01 3.720760003470893196e-01 2.677594194128234406e-01 4.271914577567417215e-01 7.980401790111762983e-01 4.170665526418135816e-01 2.904399631594362097e-01 1.291970048554165196e-01
1.552981018312821204e-01 6.227102333522329669e-01 5.436197884571390970e-01 2.365791339154791340e-01 4.458167250820725958e-01 3.524487402150856541e-01 3.776263050886937700e-01 8.904362038154515213e-01 5.224627688282212912e-02 6.341599455254961493e-01 6.798499504719952569e-01 4.917288480298779296e-01 5.508693348831805725e-02 8.174083441289168306e-01
9.692437196035362801e-01 6.552201108763817672e-01 8.285715849811168265e-01 5.815697557566608111e-01 7.305759905932350806e-01 4.919234712291452594e-01 4.038061002375137321e-02 5.731655545793048478e-01 8.184520039426069760e-01 1.504403077088986018e-01 5.437173706634914616e-01 7.038974854514777890e-01 4.599534144229531218e-01 8.678756841226409335e-02
2.797289200023723721e-01 4.429702266097474972e-01 6.255982046980411715e-01 5.196762940438038880e-01 7.996976878580168702e-01 1.230811918408664107e-01 3.309263412768769230e-01 4.359889646132026897e-01 1.690572923450006648e-01 8.455635034278145001e-01 2.117738825281969550e-01 1.853039630433206408e-01 4.580290105524875699e-01 8.862103177567081103e-01
6.798413916405465773e-02 5.450508223997619917e-01 5.286770237339373235e-01 8.728115350651799442e-01 1.533475170924697428e-01 5.650552888276175745e-01 7.199625239187973369e-01 6.299624031840240779e-01 8.308177851961263682e-01 5.811130945558491412e-01 5.429779877849637559e-01 5.712619640689351463e-01 1.366959671425497236e-01 5.020355801217585290e-01
4.109579088810214609e-01 8.439169090820737296e-01 8.084751077923655327e-01 4.666872516988151975e-01 4.123077431235114831e-01 6.641428546933505483e-01 5.389870138703575231e-01 6.848469434552406643e-02 3.816521233781979827e-01 8.668054674495156986e-01 2.812665298542863512e-01 1.125429278531411281e-01 6.209454261477925785e-01 3.573325490384016145e-01
3.507770753476121550e-01 3.498058872549003606e-01 7.264154435627209194e-01 7.715054534416465604e-01 7.355432014210994129e-01 7.331410088447007922e-01 8.204989375953956054e-01 2.519129028096522838e-02 3.849556373084873639e-01 6.856623424460440708e-01 8.338723961056840883e-01 6.555326642603076515e-02 5.578184311694291964e-01 6.902763965840623683e-01
8.388748242226524710e-01 6.800196232020311315e-01 3.163539394180292508e-01 8.196286509463971415e-01 7.080862518909707415e-01 2.486320536184193353e-01 5.532190841910259449e-01 6.563081831755419593e-01 7.902653969072305218e-01 6.565637309293731461e-01 3.222706444647236435e-01 2.103337385636387946e-01 1.989325298613957571e-01 3.226189465809178314e-01
9.539056838891454282e-01 1.620141895017915834e-01 5.704534734779511673e-01 1.176166673123536510e-01 2.673876552114478056e-01 8.265620505122889261e-01 5.078469947371893056e-01 1.660839981376829311e-01 4.892948628128762634e-01 5.022335361709937551e-01 3.798120590908076188e-01 2.938301915032304201e-01 6.043926730296611538e-01 6.492614145177258989e-01
5.009000206142862899e-01 4.624288600131531979e-02 1.732924519560613552e-01 6.935887762426237169e-01 1.139249459495266237e-01 2.280005483985436676e-03 2.587278069061562658e-01 6.549939115574008319e-01 8.549363945515869867e-01 8.157315515831689012e-01 6.617065395139033468e-01 3.330359908886193487e-03 9.693708744121862786e-01 7.477084862272103116e-01
1.139986893590183570e-02 7.528777060045450664e-01 4.472645931032516176e-01 9.184563043574057728e-01 8.348129045133735326e-01 9.283746153350354025e-01 8.246622567154580086e-01 7.818505102637380855e-01 1.048278674548831502e-01 4.165154789524984080e-01 7.466990042609713552e-01 3.942538316863197778e-03 5.186298075247951500e-01 8.112297519037779958e-01
6.940557296949732002e-01 1.338430095573296397e-01 1.666486874677624019e-01 6.033257491271488693e-01 7.456966063745587014e-01 4.481194363036747896e-01 5.773069374431838430e-02 4.529302034919621134e-01 2.283315550044319187e-01 5.409376853776732830e-01 7.983074151952246345e-01 5.153065751640095726e-02 7.762912408133130215e-01 4.769954415822268423e-01
8.065063431395513849e-01 9.168169650265483028e-01 3.200291669505340719e-01 7.633468207912840198e-01 9.928875627966017303e-01 8.638596300525710481e-01 5.396595824879681924e-01 3.026084004086759816e-01 6.341761644433008271e-03 5.208349182980580583e-01 5.008644047785525411e-01 3.144100836329563053e-01 4.961332105310175544e-01 2.493057840923211810e-01
1.912935507417078407e-01 1.884987783661662419e-01 1.030437992930897106e-01 3.104885009486618719e-01 1.404153432383441480e-01 3.487862006307523854e-01 8.499919756941712867e-01 2.294966659933882491e-01 2.529637019845869528e-01 2.388417911403964977e-01 4.554052943739124171e-01 8.096203808545755498e-01 7.840343049517005669e-01 8.774217901960940091e-01
9.992076851465142573e-01 6.953207070462530393e-02 1.807560762657364206e-01 1.783448118183088571e-01 7.080385648343257010e-01 8.428660136234908951e-01 5.304476590145829062e-01 3.871432736717110856e-01 2.934646867608795562e-01 6.041860410960976369e-01 9.556909679655266610e-01 7.988020503808436201e-01 3.453014229300956917e-01 3.166209935359753924e-01
8.651753296166745377e-01 3.033430298234901512e-01 4.117050407577402815e-01 8.655146790261752932e-01 2.263855376027908983e-01 6.627610979354777720e-01 7.962144927754291057e-01 1.908819914233162995e-01 6.420152539072173647e-01 1.856385850801703929e-01 9.548548677789089334e-01 5.020183273004840130e-01 8.490538881394376070e-01 9.720024120539277890e-01
8.805935138371335791e-01 2.463903216060514545e-02 5.636895011374002395e-01 6.048298648193117799e-01 7.920051214078933643e-01 6.601826381418672840e-01 6.574773330363399282e-01 6.194005495317601584e-01 6.086381450865274712e-01 3.493482108740570968e-01 2.508464993780956664e-01 1.759319667434656731e-01 2.605075315818882187e-01 4.335192630127336910e-01
1.030461930880166577e-01 1.759542224158944235e-01 7.166889777605104372e-01 6.450395221332227980e-01 8.370006729815639979e-01 3.676009002267199843e-01 9.395010175190888768e-01 4.299927026607669456e-01 5.419615709859004760e-02 1.997914760039709581e-02 7.355511827546458159e-01 2.745842013622612487e-01 7.834309649339296078e-01 3.587860226790550167e-01
7.472844551191721862e-01 8.825071421178012354e-01 5.004786800573631789e-01 6.346011574316556825e-01 8.104901942925433200e-01 1.814289430359888877e-01 8.945494522879675614e-01 5.596373541576906696e-01 2.784897239298516070e-01 2.848420893824332722e-01 3.090186415040200307e-01 9.499056397656762130e-01 5.153456950051661378e-01 2.366851456372369711e-01
9.710523032083018258e-01 2.426935683048569992e-02 4.920532917068815015e-01 5.255493009453174880e-01 9.253017798843822250e-01 6.306785518355932929e-01 1.427441959693347417e-01 2.962114795903826314e-01 9.188531874492377183e-01 9.405883227842783967e-01 9.403460497886892977e-01 5.388143523396748957e-01 9.760940231783487020e-01 9.316515939511605948e-01
5.459203429278799424e-01 2.454221722628779911e-01 3.214817680732683369e-01 5.175762894049641405e-01 6.937951839688790701e-01 4.324193867207440922e-01 5.790123714256820708e-01 7.372108140137925147e-01 2.662775484741113363e-01 9.681449842693841124e-01 5.847625916948139269e-01 8.542390760001180583e-01 9.792983865454542025e-01 8.242295131619324922e-01
1.348980340722093496e-01 7.666180272005721497e-01 6.080552605566054147e-01 1.889004554958546578e-01 4.057481025729338109e-01 2.335379367182764954e-01 1.112584367267593910e-01 8.555628864711571913e-01 8.345503900921263929e-01 6.991923490474516445e-01 4.466059296238081844e-01 2.839430634788755459e-01 4.729266906700503315e-01 2.519163670409951816e-01
7.861228489383697005e-01 2.558520323895614457e-01 3.597429846431572376e-01 4.792745397724510470e-01 4.430575296965866272e-01 6.733415807289511168e-02 9.954917680161786686e-01 8.800697309944494062e-01 2.474192903326212223e-01 6.507789550112399457e-01 6.255201128586832526e-01 4.025763991442345979e-01 2.680158145913424939e-01 3.267332212510549727e-01
4.008275812457292586e-01 3.916669829291546945e-01 1.439537864985822591e-01 2.867635501808609710e-01 2.480514632457255786e-01 5.779218733110675910e-01 7.069878779755511822e-03 8.277835414973730987e-01 4.925396304100041478e-01 6.029262521084921556e-02 5.586704244626261584e-02 7.563856164012374705e-01 8.362677488202711062e-01 5.355174589283706599e-02
3.203021141039181785e-01 3.374072942203396597e-01 3.465820362767346730e-01 2.269251444742766965e-01 7.188952093071288019e-02 3.085436454165415565e-01 7.964816548578302902e-01 1.606218108542574186e-01 3.070327852256028445e-01 8.938009852500592434e-01 3.185744704814509332e-01 9.334363925435865683e-01 1.776548668073832937e-01 8.493925476063006741e-01
2.447725453202895807e-01 3.770225442897564561e-01 7.185433555784729309e-01 3.263943225800443049e-01 2.832710181862932997e-01 6.518828404300682777e-01 6.930877187469481893e-01 3.356595858881796790e-01 8.288404374124165308e-01 2.679190088968610439e-01 3.540710959372761479e-02 8.354316558389141001e-03 4.220229715616520272e-01 6.375217107734376665e-02
2.920846506075523985e-01 3.281676650838580844e-01 6.690525760479677508e-01 2.119281094951239730e-01 8.872254022620607028e-02 4.227735410489293910e-01 1.245858532621165748e-01 9.385686164875534088e-01 1.968590336670179575e-01 8.269865635140039029e-02 7.648163283888107511e-01 2.620408477169828831e-01 4.146722345556069778e-01 4.803008745024128778e-02
7.736705842311369929e-01 4.943350955895942089e-02 4.845710247582556418e-01 9.343993666888936733e-01 7.497362088142545122e-02 1.732585905220146438e-01 1.310921629137229427e-02 7.679053444832704134e-01 8.804880684970208815e-01 1.660849510274384766e-01 9.093920072452507108e-01 1.805311597063843365e-01 9.405562588818294767e-01 1.489298217692608395e-01
4.116692174738669774e-01 5.443095485966995550e-01 7.953404859027265461e-01 5.179341249587441354e-01 4.508571616575550722e-01 2.894057460587895481e-01 5.200100148650175225e-01 3.195579299182802480e-01 4.675064691650796522e-01 4.190579727994140358e-01 6.681557967770171969e-01 2.586903100160192759e-01 2.491675045452702575e-01 6.185840461454485961e-01
6.000616151186469738e-01 1.602829176867228700e-01 3.246564664360657160e-01 5.155751973686283351e-01 9.892223034798204306e-01 2.423874425182113157e-01 2.757733991833943854e-01 5.371922796498862507e-02 1.712949529701074391e-01 7.696297419926596550e-01 7.162830234337093094e-01 1.625565040662817484e-01 1.254291340286952661e-01 1.947957531863729885e-01
6.893346818822073674e-01 6.947277903810783473e-01 2.351610601316063143e-01 4.075593801734948007e-01 4.109257606538504470e-01 2.475552636628659542e-01 7.094779712456842358e-01 7.071709233010978757e-01 2.305331053223744764e-01 8.932499262312796340e-01 1.392426555651253839e-01 2.717858157385441009e-01 7.099959040341480287e-01 9.433659386404722458e-01
7.607987234706526936e-01 5.826815936792457684e-01 6.787923850617096910e-01 8.469445468064429328e-02 9.704906764293308452e-01 3.191211846125836527e-01 1.092973159759091928e-03 2.485193348915714084e-01 2.824360395511694710e-01 6.396584930487378973e-01 1.016987667751154678e-01 9.383705799098391864e-01 5.228313463008745776e-01 8.501176450070025981e-01
4.235639623910053553e-01 7.772588822040412682e-01 2.750523490367535739e-01 8.632163583148309005e-01 6.746825719321746240e-01 5.651589792015014879e-01 5.238807226318553667e-02 6.763916377301916194e-01 8.192192722385286396e-01 8.319284865171809873e-01 5.677477066436598108e-02 7.954551445613603500e-01 6.083119651425554775e-01 4.027087129623656558e-01
8.376189810598941854e-01 9.176409547504079667e-01 1.480154171842205102e-01 9.634538014270623840e-01 7.044687355882114366e-01 9.228045514435569974e-01 1.761486989670548731e-01 3.424400388708913612e-01 4.043560955997350659e-01 4.995487285968965852e-01 1.000903304435933894e-01 5.891336236602382481e-01 3.578481926548633396e-01 3.273778288492712463e-01
3.005181151089290070e-01 5.021760766854221902e-01 1.572651870771691884e-01 9.632051191381738597e-01 2.803234955226084901e-01 9.647062628534942563e-01 6.170217206119412712e-01 6.250953534890989483e-01 1.747477736797938830e-01 7.037193139276952669e-01 4.989343076882585271e-01 7.240481482580890527e-01 2.722246100401539692e-01 3.576764381249972757e-01
2.894013578648663154e-01 4.687709900572075705e-01 4.367053329809186257e-01 2.671331812970482167e-01 9.728455370171130712e-01 2.605522582149252253e-01 1.734512840671421641e-01 7.636185504302186455e-01 6.636769577809132903e-01 1.692609817262032967e-01 7.189040371101652616e-01 3.991693146163219907e-01 8.557851286898903176e-01 7.960620845890764574e-01
7.205337040784978164e-01 5.047898441720418683e-01 6.086060492242217901e-02 5.976255595111977792e-01 8.905337701270442663e-01 7.861313562694478563e-01 5.265401257227776410e-01 2.795369488266769009e-01 1.383404564803046854e-01 1.940695972329621322e-01 4.799274585758135370e-01 5.150276097438037937e-01 8.021396658675765678e-01 4.330748908468700087e-01
3.528374508494910300e-01 8.021281081492271925e-01 3.215594912016186413e-01 2.797273049424653379e-01 8.423343888050877082e-01 6.021818640919671672e-01 1.605542157173701634e-01 8.901342836862835561e-03 7.595575122944490110e-01 3.629251221440882302e-01 6.506048941164819244e-01 2.661902658084437379e-01 6.709598979955684328e-01 5.296887030097208182e-01
1.104851974928008351e-01 9.013020711627410808e-01 3.485207384582911239e-01 1.343334348397307032e-02 6.675571616711967193e-01 2.491187283041632616e-01 6.671703764806968806e-01 2.127963875302374408e-01 7.143332605280928727e-01 7.019445600505422878e-01 3.932691225724116446e-02 9.049022334211156426e-01 7.645291919398637948e-01 5.593521387267683664e-01
2.361816672868014555e-01 9.678280489903924311e-01 5.099064450662814663e-01 6.385749629365335966e-01 1.986026669127127775e-01 9.784404310029535257e-01 3.488185731107684706e-02 4.394635048272903521e-01 7.610775897806830725e-01 2.443552191642273108e-03 3.752246419228196794e-01 1.135422688593875629e-01 7.041911708275778725e-01 8.199392092465052073e-02
2.201325717721291930e-02 2.381845337824739506e-02 5.373760566271368333e-03 6.440520758798479184e-01 5.629677231348044764e-01 8.718811689059895453e-01 2.542621387844842262e-01 1.179999224519286960e-01 5.159016215360872071e-01 8.811967827397449993e-01 3.301901691475951361e-01 2.302809447576191770e-01 2.032158489828371772e-01 9.058605851525801667e-01
9.125396494115094459e-01 5.548545934524584666e-01 2.817760951818207849e-01 3.035268190811936106e-01 4.570562392177712763e-01 9.277007484102776091e-01 8.007214809852593040e-01 5.076048139066404730e-01 8.596729977387078669e-01 6.287913911854503546e-02 8.835975391977304305e-01 7.663924893141031980e-01 5.893629398103649164e-01 1.702159750950166250e-01
7.805715041672481869e-01 9.273526688881060798e-01 3.412705958415594987e-01 6.329873168430530939e-01 2.180307968982181377e-01 7.778183686663839858e-01 7.456810898484201866e-01 7.697230354041928457e-02 8.625969034401270719e-03 1.016108117922471799e-01 3.775945878672936074e-01 6.532725845893627703e-01 8.081652706451868395e-01 7.843130220538293562e-01
1.262376802228267758e-01 5.174644894238312753e-01 8.762047616155793639e-01 7.401184119007860884e-01 3.514852826243886064e-02 2.716184531123698731e-01 2.919828226381190328e-01 8.840143494341935471e-01 5.725275416477881851e-02 9.675079802085232439e-01 5.282724422909113038e-02 6.518808756664088433e-01 8.772939534433606967e-01 3.386798013353813364e-01
8.798742615361389019e-01 1.131956529023510072e-01 8.444119420081991345e-01 8.860121025832107255e-01 1.666435133985195716e-01 3.835293962129010525e-01 8.153196636318199575e-01 8.029706782065387793e-01 2.848852453700276843e-01 4.682119382386285000e-02 7.593581146858050523e-01 5.484123640584060988e-01 2.404533052756970823e-01 9.849031405422289387e-01
4.564935784211041625e-01 5.991655685611484428e-01 6.868628917194052885e-02 8.227831346938847545e-01 4.299687510090182130e-01 2.507845050035832912e-01 7.184866308403100588e-01 4.060855879293630011e-01 9.912863756176604202e-02 5.682998882391327999e-01 3.156105678089267119e-01 6.941921493380009967e-01 9.605541858322534932e-01 6.204263068247495294e-01
8.938226450307734661e-01 6.650733401448429838e-01 9.950839779059422741e-01 7.239771896609407120e-01 3.635784239721330247e-01 6.833912528579078050e-01 7.661515928790597618e-01 2.601851544387489001e-01 7.776843657143670541e-01 1.989119464610161758e-01 9.715589194434138820e-01 5.860444194204911250e-01 2.350662265105382120e-01 3.612400030179050425e-01
4.565079351516119210e-01 2.932577191212771828e-01 9.501335032483991805e-01 4.483501243162999472e-01 2.722210401101269328e-01 8.573144808205365175e-01 1.156072892975632538e-01 7.095606799112412766e-01 3.300813810346415744e-01 2.838509720723895180e-01 5.885365476228898718e-02 2.326622147712651412e-01 7.048208353164953088e-01 8.077538811110110961e-01
8.980737776196583422e-01 8.631181973386151673e-01 7.399045566460371592e-02 1.874169319532141831e-01 6.565853411340399903e-01 8.717759049888671452e-01 1.070085629962757023e-01 9.113916374935561171e-01 1.471469442854755894e-01 6.763554323731068019e-01 8.783933560231551585e-01 3.902559898558431994e-01 5.726363357048743774e-01 5.190466678394307642e-01
7.574789422355379109e-01 4.015720497529404742e-01 8.263581050316881615e-03 7.521858674652329713e-01 3.293903082359898038e-01 8.221136933598697238e-01 3.543197904218231553e-02 1.426091226723322780e-01 1.800338976617358311e-01 2.540602397568696436e-01 8.691731785039016334e-01 4.127424592618688104e-01 7.416576638851948289e-01 2.215578863148720545e-01
3.315014610915849591e-01 2.708405254907270132e-01 6.868945182644666803e-01 3.353009976392813396e-01 4.604880126955095410e-01 5.803740488402151509e-01 9.221185250216956675e-02 1.713593855920452214e-01 7.162861811729803740e-01 9.806510745601884071e-01 9.109630779349457974e-01 2.300364150189214696e-01 6.720830404851236839e-01 1.279664627363751306e-01
