5.149955519755003985e-01 9.398540426534877090e-01 8.557001663052310469e-01 2.051348714827823105e-01 8.266600469985672106e-01 8.422970505959096466e-01 5.994775430837869790e-01 8.676464773572910572e-01 9.989319834647480967e-02 4.933145354872000565e-01 7.930181689658849509e-01 7.125825360154953714e-01 9.836105042219353001e-01 2.852337574293100086e-01
2.069648422329181114e-01 7.170358237894968179e-01 1.512200248571594630e-01 3.819412570561875331e-01 4.176271496666861260e-02 4.398230435747436662e-01 2.089637884219968100e-01 5.101486117163500644e-02 9.168290658270806803e-01 1.487692825621785842e-01 2.772557910563608896e-01 5.393801677727326771e-01 6.373763949178421484e-01 1.840965043023901071e-01
9.841290357464868022e-01 6.207267487137518858e-01 5.618588977163735398e-01 8.731832148870558585e-01 1.912481967002012118e-01 1.501991506449424918e-01 7.265680381318235792e-01 1.233744394710721837e-01 5.179242736319624729e-01 8.061398034985832739e-01 9.656632646916105678e-01 7.671529677403020608e-01 1.175171617951351610e-01 1.425348631645292352e-01
3.911023215415579957e-01 9.969878258759590217e-01 4.420635614852346240e-01 5.458095059685376116e-01 4.337793057837109334e-01 7.830954016616774593e-01 3.279404911013871216e-01 7.808685071049857873e-01 6.269593511244588857e-01 6.820713043943282816e-01 3.371828399742535787e-01 5.013937846804878973e-01 4.004877397456142463e-01 7.815732804524855304e-02
9.863420992245388597e-01 8.114108869820204628e-01 2.206581907486756533e-01 6.382760100202429232e-01 1.074624903337236814e-01 1.146087515348459540e-02 1.399388164095467513e-01 7.244457654838762917e-01 1.325233458702967937e-01 6.338568916376408069e-04 7.720787025159266959e-01 7.978467260995482091e-01 6.028559398884348886e-01 1.273474028857509710e-01
3.557307824576135813e-01 1.515336155596150869e-01 9.296990709289704169e-01 3.084307495396076959e-02 1.624581789511641006e-01 3.259751910501695882e-01 7.392291279137016557e-01 9.167958651402263737e-01 3.999580277899106306e-02 4.050289774663851095e-02 4.668969041097653649e-01 4.471295075697205856e-01 3.727598179469038264e-01 9.847368985327704660e-01
3.104750178877948574e-01 6.236032713407860806e-01 8.034246695050047959e-01 6.001273565962106371e-02 3.019273813213161350e-01 2.685791463284102898e-01 8.474680399220454463e-01 8.488072413949674377e-01 6.669879118366428550e-01 9.553377662379278767e-01 7.171722471819712563e-01 3.934100420498507500e-01 2.558454589883359942e-01 1.601737446919446750e-01
9.851261877325885319e-01 7.214196968738741944e-01 7.086191188909934935e-01 9.991482320897278058e-01 9.000584180912963861e-01 3.894184005746318400e-01 5.536631040210364674e-01 3.747609157967700666e-01 5.989915789430085846e-01 4.091296017773905502e-01 8.421808133033690247e-01 3.915343296852542565e-01 2.323946927971287657e-02 9.168443054189665542e-01
9.824071499970721266e-01 9.240142238090226501e-01 8.343829378898344196e-01 8.614817369527829616e-01 4.431999262557061448e-01 8.245663977958948010e-01 8.607832078563684153e-01 8.917496837215793670e-01 9.741650725097142915e-01 4.197894428372275222e-01 3.988996405328327777e-01 1.592332280329041838e-01 5.685729904579494010e-01 4.987851790414534747e-01
4.286188125731533738e-01 9.384310855003713536e-01 2.036057412790429622e-01 6.007932138602894989e-01 7.705911563972689393e-02 1.129874680445406288e-01 1.229120417898582618e-01 2.721789493482330569e-01 5.226500760737041729e-01 1.245554759470400841e-01 4.645196430331659521e-01 5.046696448245784339e-01 9.356813989145190691e-01 2.374046559106173238e-01
3.173812639266735403e-01 6.746877711805614464e-01 7.194916126263108946e-01 6.185051427898404786e-01 3.603060458223916740e-02 4.141275592470345934e-01 1.037711894058412909e-01 9.950398123249073468e-01 8.291766587983976367e-01 4.840577682484493716e-01 9.033127720358742341e-01 6.678581906260908641e-01 5.151639102608452925e-01 6.934672503936945009e-01
5.642295861901615028e-01 2.435202818286898996e-01 3.125963002945897351e-01 1.606335200464161783e-01 4.976442576116295591e-01 2.496372465398666307e-02 5.837207129874666389e-02 3.025902381283328557e-01 8.255340527953106688e-01 5.007021636164310507e-02 8.845587659480006471e-01 3.395068043562748938e-01 4.982685348930993019e-01 7.767644954070233032e-01
1.535863400855911332e-01 3.753046088350858733e-01 1.816694216110786853e-01 2.765940822476927741e-01 6.393537742525376988e-01 1.910522726924669401e-01 7.216088166725073139e-01 7.011580904096287314e-01 6.625521856705355317e-01 4.383816675377294469e-02 1.946353798087574472e-02 8.174844611952853946e-01 7.011625281076848681e-01 9.122503924288104526e-01
1.928861564474360080e-03 1.781484036889904310e-01 5.536262344485040066e-01 2.863569677234645283e-02 6.153473555329539435e-01 7.236910085282014515e-01 4.430622356898059611e-01 4.560389224911787220e-02 5.861010254131668873e-01 1.770589059490088601e-01 4.045730515982064457e-01 9.174937486431857803e-01 6.257893938715727300e-01 7.729935249531102448e-01
3.806764198678894706e-01 7.848779813696460383e-02 1.078805181200982455e-01 1.510679431850866505e-01 4.777992730825598722e-01 3.749378200002425610e-01 9.304937082293198714e-01 4.582001248053069187e-02 9.673800759718980125e-01 3.010026998117703023e-01 3.375761757284202469e-01 8.009295076285624093e-01 8.418305766425534520e-01 3.629061685781730384e-01
4.785322500201009133e-01 5.832791052753938388e-02 9.870623424600744045e-02 2.086601649334738351e-01 9.164650480929288356e-01 8.574959034653001355e-01 9.251214568069588973e-01 7.830008113320200414e-01 2.693515784247745293e-01 9.975928922201566795e-01 4.779288459848214377e-01 6.556094220353864133e-01 5.738352183191175460e-02 3.438565716354514690e-01
2.639203935450379346e-01 4.964270880455228241e-01 7.079598923956565981e-01 9.049393213067835617e-02 1.956053427763725372e-01 1.243776284262109177e-01 3.163485025425483155e-01 4.279696484067675444e-01 1.153681366365031380e-01 1.885799661062357302e-01 2.706039676133322747e-01 2.105651797301706374e-01 9.358460287694425617e-02 5.660839215068677044e-01
5.851432009585586513e-01 3.575704096885568006e-01 6.875013460309961077e-01 6.100702232237416034e-01 5.892482422948416287e-01 3.201652787975447501e-01 1.559688023201600826e-01 3.036633171136828846e-01 7.431649256106727108e-01 1.698573827590310614e-02 1.547216837637923614e-01 7.109630324436484461e-01 3.066856183394850444e-01 9.278991161071676874e-01
9.010447800377184846e-01 1.525833484422655095e-01 6.638169888031909549e-01 4.726034380934039936e-01 2.074445409269836116e-01 5.074794420482470203e-01 1.566256486805510661e-01 6.982618334055220588e-01 9.035289455702291139e-01 5.210694495981245122e-01 5.107741410053205922e-01 3.342745463857034194e-01 6.538957542897457786e-01 5.888582317146258127e-01
4.161738702117375732e-01 4.777117588719652641e-01 4.007269052463796610e-01 7.482748985459382052e-01 6.639636140782642082e-01 6.178708168637486731e-01 2.258151577962396184e-01 6.957514922030105797e-02 5.617348513985315206e-01 8.924335980960323988e-01 6.630834946263708396e-03 4.669093415213187992e-01 1.090583004473170137e-01 4.963718209449174967e-02
6.358589443235690419e-01 8.519758470671623396e-02 2.097746273039613474e-01 2.971164594150671467e-01 3.847663420485774033e-01 3.210315375755504741e-01 1.002023581654843953e-01 2.967010701836041431e-01 4.817697213657313737e-01 3.419241765614797757e-01 7.181876406960907566e-02 9.148383657198180252e-01 8.167232318318936590e-01 7.506241916207040399e-01
4.697449421626622712e-01 9.781147533582609244e-01 5.853987580266326596e-01 7.860580505896206382e-01 6.730129129511162045e-01 2.283839684712944962e-01 5.435396312033388133e-01 1.608835741814176323e-01 7.664873724246049624e-01 8.038534415186060489e-01 6.579424842418042374e-01 9.402252995409188241e-02 8.196008969028469870e-01 5.837998532755686032e-01
4.478640380542846522e-01 5.941556554128611944e-01 3.429127128892468512e-01 7.956138546637858688e-02 3.780691359393728579e-01 4.826597861768249231e-01 9.945685384329564505e-01 7.197499166492338230e-01 7.616417783303059963e-01 3.436702845001935458e-01 3.836053280866690285e-01 4.363420636068762182e-01 3.739002184602445711e-01 8.857351835825089115e-01
4.886802107602712386e-01 4.213162090916581226e-01 6.353549869348653623e-01 4.158563820805289968e-01 3.515847372212366206e-02 2.595423850352039929e-01 7.960766065221549503e-01 9.354553481051819386e-02 5.510415706480309428e-02 9.731409402169067802e-01 8.954852194830631440e-02 6.858617967733975362e-01 9.959680438284619353e-01 9.559046479742937530e-01
7.687555001459747128e-01 1.728917782493966104e-01 1.888927382060664462e-01 6.726573294819510052e-01 6.524891257998757244e-01 9.075666867839046192e-01 8.922799139067759677e-01 6.633790256434833887e-01 1.681293143847306659e-02 6.035283213311560813e-01 1.939536151870386860e-01 3.577145446454050859e-01 5.560209638062991733e-01 7.879397574204334287e-01
3.419067366205531533e-01 4.479584329107511032e-02 1.066633495983391189e-01 2.679587954147503170e-01 3.253261999255134818e-01 4.634242047831149680e-01 3.797867555096232639e-01 9.470775274836962243e-01 7.098140139208177768e-01 1.794831415873965330e-02 9.986293757483972744e-01 5.735868470965148624e-01 2.886847657725187810e-01 5.663495554880331184e-01
3.908849311135527138e-01 8.471258591706742891e-01 3.928841629851962391e-01 9.153687754038759561e-01 4.902545742610261437e-01 4.222309926042701056e-01 5.063563669436684789e-01 3.288708433256367636e-01 5.551792328326093928e-01 3.965286144500189680e-01 4.338083436095893086e-01 3.719015071765752189e-01 3.663896515782630869e-01 8.363999620209825459e-01
9.381370977278913337e-01 1.287841242486637006e-01 8.569551322592955378e-01 8.319992786096587212e-01 7.462086802385179407e-01 7.561045888134326765e-01 9.646751359134458914e-01 4.041853233898184961e-01 2.170048359283530681e-01 8.262565328179174440e-01 8.151714240469667416e-01 1.216603692327166142e-01 7.248280108942942723e-01 5.154137527688275044e-01
6.315277832073428188e-01 2.116473994450553953e-01 7.255482058483554431e-01 2.550551529489174518e-01 1.019417770373306498e-01 2.548195567736020184e-01 9.538110007114489752e-01 8.203913578516464078e-03 2.074694999671309326e-01 9.616128657879170483e-01 3.621638231699302324e-01 7.667984896385625637e-01 1.384085474031553353e-01 1.727473515190633968e-01
1.231866700990025265e-02 6.998311548386184633e-01 2.054320246167584685e-04 5.852655179310503053e-01 2.296743653510590066e-01 4.687752278902016512e-01 5.531006555987116879e-01 6.447621112796368958e-01 6.937687170648179080e-01 8.796353983715563540e-01 2.503295019333987570e-01 1.262509983715284223e-01 2.463108090626144886e-01 8.109006529095208471e-02
1.558590137880823123e-01 2.437720595234714738e-01 2.909025773514518631e-01 7.904875982680575897e-01 5.974105634758641870e-01 5.990225621269067435e-01 3.913359203800852448e-01 3.861019087699014696e-01 6.224410253319204722e-01 8.243354390706111312e-01 4.783078602117653011e-01 2.946990641315808679e-01 8.425972277105533426e-01 6.313861096656159244e-01
4.688678836972267616e-01 3.544878897983211319e-01 8.341674052435396058e-01 8.830782112595655375e-01 8.466583992767873212e-01 4.233803935600096713e-01 4.604501562512460788e-01 9.371462055478454456e-01 9.260015805674376432e-01 7.331934429289351796e-01 2.042898244377715500e-01 7.285356809112997212e-02 2.814071151134814874e-01 5.659496596800703827e-01
8.098505457612965586e-01 8.147538009551502647e-01 5.739907810073596739e-02 6.412060432614578032e-01 8.070388563759219869e-01 8.538786492712370224e-01 8.096071096818091561e-01 4.297383044613106717e-01 4.365385050870953521e-01 4.637753842030184481e-01 9.537030095921217310e-03 8.600641489278540996e-01 6.126927906844830130e-01 1.907860811585737615e-01
4.271499880011724315e-01 3.804369105034709486e-01 2.946984054590687796e-01 7.605524330140747136e-01 2.538895466587751670e-01 7.650450700576546526e-01 5.590384049185161963e-01 3.754579884726677586e-01 8.577358412389235465e-01 8.138570333357352249e-01 2.516528768219284951e-01 4.477877150630195091e-01 7.516734070331102524e-01 2.923933233630537920e-02
1.333693759948031410e-01 1.982938183045868108e-01 3.831821412080739231e-01 7.788899661272000730e-01 3.005751069632252026e-01 2.904762984867903519e-02 8.998151176701862930e-02 5.046883897194704982e-01 6.759412271357301272e-02 4.831113672272170367e-01 5.452275028499853349e-02 1.410448953498647517e-01 3.149532402353224514e-01 1.853984171817031346e-01
7.217452369161048154e-03 3.553367287575963651e-01 3.326683463121624662e-01 1.582848600788088200e-01 7.662583824392449339e-01 2.531187393582038370e-01 9.181090440538045572e-01 1.061441147360616677e-01 3.568402662031741057e-01 7.239754892491363503e-01 4.762777310634355166e-01 8.430067310552630255e-01 1.460199847836185505e-02 6.401454478808955573e-01
3.112241138264061346e-01 5.952918433669808218e-01 6.647256514053512255e-03 7.628422939203099995e-01 6.353201330732887175e-01 8.326360495708249321e-01 2.981378767767898230e-01 1.863437073064722060e-01 2.213460652735490530e-01 5.553422975319887156e-01 8.728250599378077901e-01 3.252865050748495745e-01 1.759493007097631123e-01 3.316306489281796166e-01
1.000389720604477617e-01 6.826338768456284845e-01 2.839928504916214846e-01 2.972293834278689761e-01 4.345991125143733314e-02 3.567851054819048962e-01 8.512412113307821215e-01 9.283032100875154846e-02 7.176030348317838925e-01 8.126205520438535279e-01 4.211041491832885342e-01 1.113480093352239297e-01 3.382222249949772275e-01 1.290871263755950515e-01
4.446164632219988810e-01 6.540951919759881994e-01 1.179762368459195132e-01 1.092526982638470923e-01 8.891129637564991750e-01 1.964017602879388757e-01 8.454402846786697179e-01 6.330716759494473544e-01 4.649590106506000797e-01 1.583457703875672529e-01 7.284063961014828337e-01 7.834728159289572336e-01 6.375135448047498654e-01 4.293733836969430007e-01
3.730629518704059455e-01 7.081378358597257838e-01 4.279602194990739239e-02 1.554083429924538740e-01 3.464756897273985059e-01 5.444997262465464116e-01 5.955270104646768203e-01 5.362870307978583329e-01 3.498164698992112243e-01 8.445791388276362444e-01 8.552941030450007531e-01 4.398773514147856778e-01 5.524013453905510795e-01 6.907972798733678088e-01
9.248632214771819182e-01 6.987565857901146815e-01 2.252924640419953217e-01 4.734796505029364999e-01 9.932269397644182263e-01 7.392839171453268188e-01 5.948962192547813110e-03 5.054438376533696431e-01 2.894314809445407422e-01 8.215542382426240797e-01 1.969639529953812751e-01 3.120937018409836172e-01 9.609816925527823184e-01 4.731545665595801031e-01
7.967817762467765963e-02 2.354450663891534123e-01 2.831018956413521304e-01 7.051709434286135281e-01 2.702884358051717006e-01 9.348573276577327729e-01 6.613917785286083095e-03 9.070048355765457648e-01 7.180832587768175568e-01 2.159450439741568140e-01 8.834598371140246487e-01 4.393974946572024587e-01 1.303285592939001925e-01 3.049083618137572449e-01
7.223719410153568443e-01 1.778509617103117835e-01 7.515856892991027438e-01 9.268100899966119632e-01 3.236038293898739759e-01 1.847618831920770921e-01 9.146523330527703832e-01 9.136916122415527086e-01 3.994079666038810039e-01 4.556055875464973814e-01 4.064571994834353941e-02 3.331270067502304366e-01 9.677073659398727212e-02 5.687500588808707125e-01
8.401018441543460780e-01 1.212697456187782352e-01 7.050390778609901821e-01 9.229326544453236858e-01 5.176402803594698510e-01 6.306115210958276318e-01 5.246977576800115894e-01 8.756622160956744061e-01 1.798421464756514432e-01 6.929368251888751162e-01 2.214225316831224255e-01 8.951017498789413107e-01 9.612466279510617495e-01 9.237257469103563601e-01
1.211690049459214213e-01 9.257975205646001848e-01 5.990895310067957391e-01 8.347968633231944713e-01 5.737882480623748283e-01 8.937746750413703145e-01 5.333907750010496995e-01 8.975029612502202214e-01 1.824267611279472012e-01 6.373823351827899719e-01 8.947028986817348040e-01 8.048749162604784679e-02 6.141877187067192878e-01 8.356458935913212427e-01
5.758695416621294472e-01 3.922061007657037246e-01 5.175498758795910037e-01 8.021769693044700222e-01 8.106732297461329839e-01 2.189027553420336281e-01 4.707376558047445814e-01 4.183632915126680452e-01 1.028299347273234909e-01 4.791284463316841657e-01 2.261996569378125210e-01 1.540895158238531071e-02 5.911086900664108690e-02 8.514660720749311906e-02
6.335724572335855731e-01 1.877275525616455276e-01 1.758026156387141326e-01 6.607293025636951089e-02 4.996785585783692918e-01 3.954357936650731986e-01 7.533685102934177813e-01 9.252410895204384866e-01 3.859687267103016906e-01 6.129407160279798372e-02 5.978204028906981549e-01 6.369663953632525022e-01 9.412262315835626669e-01 4.599151119740397808e-01
8.791140180862996312e-01 2.944522923109290646e-01 4.009628223133234748e-01 6.466007888482093735e-01 4.040106083011344440e-01 9.373909145837968637e-01 6.838016969246696330e-02 4.482368231012370252e-01 9.744451056754360740e-01 6.952474928229178674e-01 3.182016491067103381e-01 2.554107649692404225e-01 3.947350544664566252e-01 6.161468262933647022e-01
4.434160030907944305e-01 4.420218286057090440e-01 5.386358338344550134e-01 1.790979452283623097e-01 5.101927496211884350e-01 6.621817971692134375e-02 4.178533290204575756e-01 3.797816848566335501e-01 1.716592846281476126e-01 9.358936283732208761e-01 2.254032820771081358e-01 6.728466210678263337e-02 5.061964445414568470e-01 6.255068347816963303e-01
4.720863911893047327e-02 8.554978817762095566e-01 2.467869102701454320e-01 7.799300531737228814e-01 6.005789325019591507e-01 3.800604595014136500e-01 6.233863259077617736e-01 2.388265983575998952e-02 8.796349274988000122e-01 3.613352392258328827e-01 6.976498129725982045e-01 1.680618575686119165e-01 2.375123222565951320e-01 2.936335643550086472e-01
9.121490286475720799e-01 7.111650634367957524e-01 2.561210736652014264e-01 4.698296804275661209e-01 9.264157934813610495e-01 2.907917148187100231e-02 2.228297504986618272e-01 2.164212184920184523e-01 6.256040817882788652e-01 9.430755764925824458e-01 5.517958101267442794e-01 9.266993056565044906e-01 6.971993250294314937e-01 9.420458575123147327e-01
1.231540809306835849e-01 4.549471830095676017e-01 7.049477242613716443e-01 6.230052281082176791e-02 6.458435569490491579e-01 3.646902662937065998e-01 8.674571569915373592e-01 7.486272158759414985e-01 7.892408108556229207e-01 7.535992474370130090e-01 9.867095884471625000e-01 2.969767768195447077e-01 1.341240507754360989e-01 8.846170664815706797e-01
4.396804852861445623e-01 3.334086333128404300e-01 2.738815959609146589e-01 6.016138757575392182e-01 3.666471537162170335e-01 7.984965676805774182e-01 9.398002398302967020e-01 3.038781991291763518e-01 3.181395466499641334e-01 3.423246914497810600e-01 7.330573882142565889e-02 5.265458741573814105e-02 3.132914330486535892e-02 8.130988214389263113e-01
9.672418263891270351e-01 9.660088985816551732e-01 1.956997501271854345e-01 8.536381979448592894e-02 9.615688715687006338e-01 3.355662297981507614e-01 4.436784756056517676e-01 2.627770396295303623e-01 1.699983968312882565e-01 3.310874465188271554e-01 6.958661230116236496e-03 9.007534708742374052e-01 2.488852968926523745e-01 6.513063040242098589e-01
8.721908406009071246e-02 2.074278636525145325e-01 7.018444376529578976e-01 3.849527931442213724e-01 9.863865622578532610e-01 8.300778647206267236e-01 3.618519684239558387e-01 2.456887756320765837e-01 3.698423105227747198e-01 6.417644967766832353e-01 5.730388877663034064e-01 3.828178326953255439e-01 2.190212536722792036e-01 9.144662501878015881e-01
9.427346903449924653e-01 8.648743751167777827e-01 8.529481383596887456e-01 1.554977341523368084e-01 9.082514522788583955e-01 4.382190091582395253e-01 5.115081901220573934e-01 9.415032176247472018e-01 5.482872221191030793e-01 5.613055625474805410e-02 1.662897838186638833e-01 7.109690272689657142e-01 1.839737187903599525e-01 7.880074618617172177e-01
6.902962374613548224e-01 1.662143852985498160e-01 4.580038877934368147e-01 7.264598780210544948e-01 8.942424622801133927e-01 1.750667048494980449e-01 3.359634027768781950e-01 6.743838301490989728e-02 4.066574893964521875e-01 2.404402137940856443e-01 8.408725690129489339e-01 2.964483599768840127e-01 2.583607027462893058e-01 7.262851227516804453e-01
9.088613079762797309e-02 2.718132092361016383e-01 2.547355543357450181e-01 5.380492433824832776e-01 8.676859822497097197e-01 2.823221041978679624e-01 2.375294830231292620e-01 4.919260748619770363e-01 7.242702799214304488e-01 9.481058084191793522e-01 4.809064030786667221e-01 2.306009284501583378e-01 8.791999493257360854e-01 1.657443100974533845e-01
8.532527065541156697e-01 3.181507713494465817e-01 2.163130652912258478e-01 4.818410276768170242e-01 2.317061972471889941e-02 7.375199823314220193e-01 3.087158004018469848e-01 8.204040954870889246e-01 9.770740275546464515e-01 5.012384771775758585e-01 7.038482185733000440e-01 8.499334551634651902e-01 9.939081590826603918e-02 4.700953778020149354e-01
4.724760896122641718e-01 1.580525166376038904e-01 9.083092529228128376e-01 6.748197574779442043e-01 3.491817808583146387e-01 7.635251117526796749e-01 2.204583838066483947e-01 8.053757883371203130e-01 1.839793373446758640e-01 2.699708258581652309e-01 5.883044909715305915e-01 8.190079547063896515e-01 2.016614426344712774e-01 4.334578657175278682e-01
8.341568441344323626e-01 5.698209662610872472e-01 5.927594132892224366e-01 7.419575959186149872e-01 9.325830047007021006e-01 4.865783392574518640e-01 5.814706230814119525e-01 4.610354711710523690e-01 1.842634907355061857e-01 6.544476989633669639e-01 4.517262954535662400e-01 7.624573403048598985e-01 9.710152013110633362e-01 8.675305833428172964e-01
3.709336098030494577e-01 5.679596385451491924e-01 9.618805993578183333e-01 1.934489315538975296e-01 9.642916558831041707e-01 4.126359299879097664e-01 3.573604034267189311e-01 4.302941785912304251e-01 4.936595662715163035e-01 6.364054043717400910e-01 2.894776283696658403e-01 5.118302018863726266e-01 5.823632552850368516e-01 6.255246333940944758e-01
3.631199262026574281e-02 8.068397990572584444e-02 8.708698010377325938e-01 8.976279751939957308e-01 1.802216134009948512e-01 6.879413218178660472e-01 5.257642490181682060e-01 3.010343282321692460e-01 9.701852360387077656e-01 5.354832768458106518e-02 3.826220608273107615e-01 8.736136864983609085e-01 2.870508356330798705e-01 8.533740251064190208e-01
3.659749207909022140e-01 9.664194004530614057e-01 8.157146970719261203e-01 3.135283789886067485e-01 3.064308188218467510e-02 9.180890638680376803e-01 3.160554656575120802e-02 9.121637053865535583e-01 8.550157576876037391e-01 3.713121749490910783e-01 2.539991706933530935e-02 5.455607400140359831e-01 1.192958626917899334e-01 6.243606605454300462e-01
2.807921720938088006e-01 3.699634036197372300e-01 3.569956622645646949e-01 2.682274998963857238e-01 7.421220062702094111e-02 6.730538165700657993e-01 1.835756381316000496e-01 2.614168348219243487e-01 9.272982415784092325e-01 2.939912915752070921e-01 2.409662578353135576e-01 9.568539084350798918e-01 3.994767126133228485e-01 2.971989535976917729e-01
7.645847476410171373e-01 5.650867996046314845e-01 5.045923768999033276e-01 9.419949444853342735e-01 5.375223557358453919e-01 2.780778147830175184e-01 3.622241234904157725e-01 7.921193971380668941e-01 5.407712822863740554e-01 6.863861335294174637e-01 4.145644108395601934e-01 5.937109903904052022e-01 3.749416767931904593e-01 6.197276711015132777e-01
5.438393506832077673e-01 9.146156588908964657e-01 3.668303284721879942e-01 7.072211843847523438e-01 7.754609421354882182e-01 4.844287686238346602e-03 9.523936951523336303e-01 7.903557808510044413e-01 3.090989917413423660e-01 9.829591131243191615e-01 5.001910754375853418e-01 1.133225749121571369e-01 6.749156668584996854e-01 4.649963657822139274e-01
8.488007038299507645e-01 9.107414853388268172e-01 1.581859476621705340e-02 1.977801442039553992e-01 1.853552414470934773e-01 3.186218520948476129e-01 1.489343109407759158e-02 2.997829039529176232e-02 2.281193151818460274e-01 6.134227670064466009e-01 9.472843589036945566e-01 9.899583784002201625e-01 2.436035510355635259e-01 4.832531804677298037e-01
6.337616451787099203e-01 3.707372977340521736e-01 1.726166701555433836e-01 4.678131401630418740e-01 6.393516898947414484e-01 2.493588832787823062e-01 5.753220463698038856e-01 4.419136943590529221e-01 8.603117871597345534e-01 5.354078969871084448e-01 3.529074760587509463e-01 3.969866430324042739e-01 3.856165529528036151e-01 8.811688545662273997e-01
9.274465735395018839e-01 6.425424668028414388e-01 3.165729379914610231e-01 9.018713177933288527e-01 1.441525620676871178e-01 2.718944947064705353e-01 3.023643284866950331e-01 1.958235404068642271e-02 9.520414219711648141e-02 2.112489598961205806e-01 9.454209768499071131e-01 3.014440456955388425e-01 3.466863505477968399e-02 2.916784952229478645e-01
5.515439113469787769e-01 4.796931675336857381e-01 4.102054508639466635e-01 3.222113756188393907e-02 6.762868131829978813e-01 5.632297585832943820e-01 5.423913442454895151e-01 6.255193685715141338e-01 6.312889528468992317e-01 1.538209031327159027e-01 3.104250248649763622e-01 4.082026691067519586e-01 8.767197571444811377e-01 2.186691307235232307e-01
3.771881961369171199e-01 3.759995120849254358e-01 4.878674190664057386e-01 8.208010600957025282e-01 2.634491244862733339e-01 5.575431070023495472e-01 8.738329856893348735e-01 7.860621553035824771e-01 8.486689962592527392e-01 3.792614643341867264e-01 3.877492524952230735e-01 6.803697756098426863e-01 5.400471972087306227e-02 2.040329956290710678e-01
2.998866891935149104e-01 9.428318243842684909e-01 1.881757515226734068e-01 7.310717535157399416e-01 3.333787974072284221e-01 7.918408912333857463e-01 8.237399100144096042e-01 4.067426512328951027e-01 5.489308716192911053e-01 6.593657903672583975e-01 1.518813366979508972e-01 3.759780638467602465e-01 4.279531422056389589e-01 7.437608847314821636e-01
1.114190510780446175e-01 2.704825469163908425e-01 5.634999206490327595e-01 2.218907053374308269e-02 3.802673482456505605e-01 9.754578429995933719e-01 3.003154311262821174e-01 8.797759050711378981e-01 4.286701649731069486e-01 8.233966055417485386e-02 6.120013700968410797e-01 5.884771706502736066e-01 1.988872148627679470e-01 7.951860999725557377e-01
7.173354354956417156e-01 6.973242426549840500e-01 3.442767031142113243e-02 3.860376865778528677e-01 6.529014919800357752e-01 8.855233025271289637e-01 7.070584201928311607e-01 5.480406018340406860e-01 3.846084574411912094e-02 1.891348886171628774e-02 4.716441390008530021e-02 1.807679369790369250e-01 5.436490577577741679e-01 9.917081178144127040e-01
3.482800387024742594e-02 8.173999183999209883e-01 7.889361555225846701e-01 5.009699064807001667e-01 1.304319816632998341e-01 4.602059620730017953e-01 5.646605873553052213e-01 1.896938684675194553e-01 1.104837357047827595e-01 4.382752655943926712e-01 8.932689129176580867e-01 6.575508359113751977e-01 6.595700837770995806e-01 7.484403047381874563e-01
1.307231126661787535e-01 3.300060233415091915e-01 9.047407406875295210e-01 9.515322032902332472e-01 3.473908350632693987e-01 3.013487617646570804e-02 8.845083436969982671e-01 4.079617811695502860e-01 3.872237722766249668e-01 7.675090941139623979e-01 6.892091639516453316e-01 6.376280231343823823e-01 5.495658587706951925e-01 9.798725833081550762e-01
6.304158585530815762e-01 8.924943560905279627e-01 4.835891281614016490e-01 9.434533513872369603e-01 7.276028664746758690e-02 7.098899590887461919e-01 2.010695258850863087e-01 7.731115750582141510e-01 4.866036616650702973e-01 2.405457082734493435e-01 2.093147804015731417e-01 8.864854977368150646e-01 4.322627855679628261e-02 8.751634801712093736e-02
3.954383540691549515e-01 8.633608993072994231e-01 1.068723153213996246e-01 8.649674861771690093e-01 6.320959265187833243e-01 9.900004699481147474e-01 8.956138549480664457e-01 2.686449040026983592e-02 2.830820937078443178e-01 8.424639154028106258e-01 7.755377139316194102e-01 8.355425980375249528e-01 8.208178722320997878e-01 3.215883291281046441e-01
3.513034146136932989e-01 7.535057040314389054e-01 2.503788206236637892e-01 9.284845873016390749e-01 5.804424491286304111e-01 4.666008719262819682e-01 2.257640772536251283e-01 9.346212640069795352e-01 1.691842605774951380e-02 9.409540133075552371e-01 9.757910809336234337e-02 9.403133456115334576e-01 4.421926975990509989e-01 4.263167526279632025e-01
6.627964361931315551e-01 8.525424998893604833e-01 3.197089091658482651e-01 1.264371771090788688e-01 9.419833600859844891e-01 2.776335503013185324e-01 9.072539267637259597e-01 7.834149607626240686e-01 5.233239510009732864e-01 5.526325256552847565e-01 8.962162420000617802e-01 7.619137702970379955e-02 7.868047733391558829e-01 6.139322467993435506e-01
9.919881372188653623e-01 5.446127143031234130e-01 3.714759597536591018e-01 6.816711787392751853e-01 5.900832688893555833e-01 5.571354801887130614e-01 8.261904779026866263e-01 8.006335729995200934e-01 7.201091268648251997e-02 4.891299139665302720e-01 6.598025747396522034e-01 8.793172873923322808e-01 4.125276723622828268e-01 5.336092071208731191e-02
9.109210599072659065e-03 2.393614016077652007e-01 8.235759407265049736e-01 6.162472545701314086e-02 5.602626668992398695e-01 5.949097254485546937e-01 1.273151454299412677e-01 4.991935454516677195e-01 5.855967678769928852e-01 5.871948034397691529e-01 6.596017516886265586e-02 1.343038869026393911e-01 1.215720168332306006e-01 1.916048282145365045e-01
5.841440071901431441e-01 8.933020206106935257e-01 6.002072107444544891e-01 7.904312988783370741e-01 7.853851646701781597e-02 5.262504357610345851e-01 3.821363758269098465e-01 9.080432988182856047e-01 9.804496097974269020e-01 7.758416442827086312e-01 5.818552734895688916e-01 7.542168831626610004e-01 6.364759377957184272e-01 5.685878938329769205e-01
5.096762051926051473e-01 3.610196036615009874e-02 2.600016245564708006e-01 8.197637605949187334e-01 1.682680733580426136e-01 7.696489686888454695e-01 3.352639892890467710e-01 6.191623928064277083e-01 2.871983953455901073e-01 7.772406716557422879e-01 7.590599801549420267e-01 2.717379854004435824e-01 7.881587657715106721e-01 4.208848701096317146e-01
6.372217806203487322e-01 3.825967677910995235e-01 1.478786805103933233e-01 5.511158708511295634e-01 5.117064386375443918e-01 9.360844243653608787e-01 2.990583871092377111e-01 4.381534039155620119e-01 2.312617196382260598e-01 7.562580361615622859e-02 9.898058976355933458e-01 7.288683467564360807e-01 9.773214808859425062e-01 8.351795693287775713e-01
3.936343531592922940e-02 1.711080490350835870e-02 7.274455148840459628e-01 9.206449792872763993e-01 5.030558601016168474e-01 1.698173570800363130e-01 1.780583088693181715e-01 2.724768812440827581e-01 1.923197184319093145e-01 5.866661998321895943e-01 1.778475052572339177e-01 8.881802278081813995e-01 9.084451223019248678e-01 4.328419517767443381e-01
7.767400864933333704e-01 1.880635111215519517e-01 6.930007463012167745e-01 3.905266117676631232e-02 6.271761337201583464e-01 1.931763002575181964e-01 8.656722392103880503e-01 3.619126709721977031e-01 9.511883893438234372e-01 7.314531967041473237e-01 5.587651251497838256e-02 6.076342694701886149e-02 3.268469541969288850e-01 4.755129899948810079e-01
4.454931026070176880e-01 2.153110359642137484e-01 9.030606509575780372e-01 6.886085611331446144e-01 7.153585118623895234e-01 3.572964797176514384e-02 3.577076275102241132e-01 4.282943029967984927e-01 9.514673122163417318e-01 5.625482525162265324e-01 1.709444431028622757e-01 1.511916690837162847e-01 3.190842372326556653e-01 5.697561024534403273e-02
9.343195363987011337e-01 7.670050293091779103e-02 1.658160837356457140e-01 7.830888514077565254e-01 1.612010493895646990e-01 7.468921152793425167e-01 6.941773966463216095e-02 6.167229781548001499e-01 2.838263090037231873e-01 3.250716993173387026e-01 5.314816964300383972e-01 4.173630592469629308e-01 8.365649239874327625e-01 2.357509660278003238e-01
6.390928825444429640e-01 3.367779758096967058e-02 2.772894457014096758e-01 3.236375576447156899e-01 1.325190868092178675e-01 5.015876338899384335e-01 2.528653682297650196e-01 9.652927252908848343e-01 7.352183976919174357e-01 5.587205995313191398e-01 5.749532709132013641e-01 3.008186473165099795e-01 3.461602331833169011e-02 7.624567195099407613e-02
6.635138664505623174e-01 3.529063974452097963e-01 3.497544694819744171e-01 2.556305399216863838e-01 6.070375579141997768e-01 5.532836185335979762e-01 9.788697615027559529e-01 8.192392522269483779e-01 6.268233587305067633e-01 1.007291365685284434e-01 5.110034892452598454e-01 6.289153000618864509e-01 8.747568175434013993e-01 7.361300231482327261e-01
8.772759826602264388e-01 9.859200309018170127e-01 4.482389596111266972e-01 7.180292500762045504e-01 6.274275899612528073e-01 6.261231430201390502e-01 8.744882939180187442e-03 2.506860835196983439e-01 7.749759600447072572e-01 6.479604068705521192e-01 7.675559433864261871e-01 3.312206471897105597e-01 2.963220342080752356e-02 3.932940534325717330e-01
6.988576584896885047e-01 6.977109754390491414e-01 9.880196899119602083e-01 2.694563273308117068e-01 9.003014139691846163e-01 7.650647668702558191e-01 8.018322826385341218e-01 6.710533897325976493e-02 4.495944485482048503e-01 9.443455267028764144e-01 3.109172486709451677e-01 5.989246364658286081e-01 6.119633977136994529e-01 5.780658546335352144e-01
5.573721870360448527e-01 6.753459925846919676e-01 2.046387155178703843e-01 3.083746358727811332e-01 2.318613993775815452e-01 6.877510572163508806e-01 8.071425224365010864e-01 9.543172760445159941e-01 8.974474987793831238e-01 1.950306419024973037e-01 3.939610169154237340e-01 1.681386254156180815e-01 3.401508978824008267e-02 3.680462350312829756e-04
1.871255473366828515e-01 7.233259899689724604e-01 7.061004330790411343e-01 3.411490755266275432e-01 5.760176064911645133e-01 1.553866066300363391e-01 4.470323645029310455e-01 8.230468363824133826e-01 8.770083638141269455e-01 5.395254539489439116e-01 8.120522173829947121e-01 8.931484949206017765e-01 3.755444542986841050e-02 8.548646656389473630e-01
7.288342435551083964e-01 5.988442637282758163e-01 1.201195665497826193e-01 2.239504916482700780e-01 2.039332263173115889e-01 9.585411010642992391e-01 6.335115794077391671e-01 2.813072609071789465e-01 1.698133184320049782e-02 9.356846820834020528e-01 6.410286201430356323e-01 4.099019676352880781e-01 5.752116822919085548e-01 1.001343622692481006e-01
2.414736598967731629e-01 3.954595386346247965e-01 1.655912069636356065e-02 7.170049772097670804e-01 5.333252517503950241e-01 1.280915692584974064e-01 4.096741675969661767e-01 7.891839373762817855e-01 7.549386975940693967e-01 4.879691591921698768e-01 3.601021881567401106e-02 6.226384383631269337e-01 7.692088364527478461e-01 8.178450196184516852e-02
7.290150964745052420e-01 2.394363309414486718e-01 9.288898437857414647e-01 2.019762282630750416e-01 1.133540027273927109e-02 8.853906897916142826e-01 5.031706987548975052e-01 2.796062035234592180e-01 5.215532685646062649e-02 3.852838456846940929e-02 3.710361495042699964e-01 8.914109143626867127e-01 6.651394996011714689e-01 7.927990158762997508e-01
4.313721361768960705e-01 6.844877176642782945e-01 9.672625253834020720e-01 9.300694867229830631e-01 7.286778977441777938e-01 4.124813202196773165e-01 8.635242028483489651e-01 1.225331731152808912e-01 6.596888702180356834e-01 1.667143905883654575e-01 8.678309341244029307e-01 2.591109427508448970e-01 4.294578328347665730e-01 3.407059632388379500e-01
