7.733307145462577914e-01 2.445689655331536594e-01 8.576425526135534882e-01 9.212240802156360653e-01 2.326858028266948208e-01 3.872730169747278239e-01 2.801349849992255114e-01 3.196277883994211866e-01 1.349543869807596774e-01 7.486628474611382034e-01 1.800849127163186569e-01 1.954077843632544553e-01 1.900506343130082820e-01 5.610224931844994822e-01
7.913054362544634790e-01 1.476572875786894556e-01 6.407720005719513834e-01 4.865718245712716827e-01 4.508046960901749278e-01 9.768695102228854843e-01 7.503738050484007882e-01 9.000321992960101936e-01 3.389693884992772688e-03 4.672363607289726772e-01 8.939108252467130589e-01 8.812249401919880487e-01 4.939586054524465197e-01 8.783624162034237015e-01
6.203928568700549651e-01 5.545178899858850263e-01 9.843264918087617499e-01 8.884141565670646834e-01 3.005656724455653128e-01 2.185260420561560002e-01 9.926325820477445161e-01 5.851210466054639348e-01 9.668745023662261850e-01 5.775108015135340667e-01 8.330724397246070945e-01 3.305753736559502443e-02 8.516944386862544958e-01 3.517501910940610266e-01
4.666047066031558943e-01 9.056350760395783794e-01 4.682060582262124182e-01 6.073325719390458843e-01 3.481880645750332626e-01 4.305693903197810313e-01 5.865796855979685809e-01 4.142059127428097121e-01 3.454924627497354406e-01 2.716092510738066235e-02 6.762127140080209653e-01 2.532147900910154403e-01 2.732224472671649362e-01 1.944712104242988238e-01
4.599964461719703301e-01 1.595957853965657147e-01 5.594920837840821060e-01 4.322565536316164136e-01 1.204524527908574782e-01 5.419050464442560777e-01 9.070980521971652166e-01 5.499627931530032265e-01 6.035848719821245156e-01 3.258767980840228118e-01 2.833456022869055291e-01 1.926628102743899174e-02 2.420938436824906503e-01 1.854648529646167887e-01
4.057240383894483715e-01 8.878254024779363984e-02 7.564721720316437414e-01 5.342884662512356053e-01 1.237022914878235236e-01 2.870126253019651408e-01 9.907778190885641045e-01 5.656538160355611966e-01 8.120394855170213200e-01 3.523310377674215843e-02 8.177070553421326160e-01 2.451906222838640126e-02 1.888359869155167292e-01 9.833218758712358731e-02
1.077815752107472713e-01 7.344509350970245265e-01 4.282420805497129113e-01 4.571159249331727681e-01 9.901709272407648310e-01 3.149869264696436577e-02 5.721984790203130666e-01 2.003932722881450745e-01 7.925211693126918977e-01 7.067253929855752403e-01 2.808242394968937239e-01 8.056586343275194961e-01 9.009800284400187875e-01 7.807763787008502598e-01
1.117788900269521823e-01 6.279459745037047069e-01 7.133014041512286685e-01 3.107957846952876801e-01 9.190475352110257790e-01 8.277605707900737020e-01 7.144676396717846156e-01 5.987445022573623099e-01 3.642514464882237180e-01 1.508849863713309647e-01 7.463716895377620064e-01 2.538989272651833717e-01 2.386857289642230207e-01 9.770393809910503657e-01
9.238616134408984548e-01 2.292343676382424533e-01 7.033679216132160406e-01 5.761185606108203405e-01 2.605298041803094655e-02 8.934910249912877411e-01 2.416626350143943336e-01 2.341703648546356042e-03 1.245546596986063514e-01 6.346307300557629816e-02 1.861386853203558234e-01 3.637656260924230223e-01 3.227776554621401006e-01 4.337153327409085657e-01
1.903769082260480250e-01 1.884085527095020751e-01 7.584545743923523098e-01 8.640034756688085293e-01 4.690315347139645263e-01 8.789368879248190547e-01 2.252892364843824824e-01 6.278777544723909143e-01 2.434774807860126122e-01 2.301944000665678836e-01 2.968677607967071808e-01 4.110599097084857156e-01 7.225573048313809199e-01 2.863599224911924646e-01
2.172320211272545931e-01 2.155330194643541031e-01 2.313050050453943074e-01 3.181495506653886363e-01 4.498945238009304237e-01 8.549029105436056764e-02 6.645038612309723813e-01 5.757132204056892855e-01 7.739985757527597654e-01 3.968026923876721845e-02 2.979070107599938178e-01 2.081143353508864147e-01 7.639480500839537225e-01 6.506223844244030108e-02
1.264263893271094785e-01 8.603986204106370828e-01 7.428543678639315528e-01 2.288275384736178086e-01 1.756314785120647315e-01 3.876836686099177642e-01 7.693866054934137555e-01 7.461674549838989146e-01 6.297779261408174012e-01 2.091824336339629387e-01 4.030933023815405081e-01 6.691014133748697246e-01 7.769195930034824560e-01 7.668540926043779793e-01
3.267533319938655811e-01 9.592602529359276486e-01 8.065946669389312262e-01 2.152493355076618986e-01 9.393129813834690811e-01 2.717595405091707272e-01 6.150907758818182636e-01 8.588340849128146548e-01 6.394735671089799567e-01 6.460763309522514763e-01 8.165219626407452802e-01 2.013654604914566493e-01 4.018945537131061174e-01 7.134670025474094679e-01
8.145878895009621701e-01 5.024285166472921560e-01 2.811627758990358217e-01 6.771639546791105024e-01 3.319044639417905174e-01 8.324356678694851963e-01 2.213847196463835099e-01 5.452369394802146774e-01 9.015580260622843012e-01 4.833235621141918070e-01 4.233386212257397307e-01 5.997161903758756463e-01 1.828022813372904842e-01 3.123277619594797549e-01
3.206718000980335326e-01 1.284932941513229343e-01 5.662265491510221072e-01 5.705907350350464258e-01 4.237733953801733344e-01 3.362797105307291368e-01 3.309088180346989594e-01 8.477690367589997278e-01 9.049556579655464450e-01 1.386393570443522627e-02 5.939390517957765514e-02 1.474521411333582499e-01 2.175348311655879163e-01 7.973551534910279237e-01
6.583330723255064187e-01 8.839419909388545049e-01 2.319323900536727212e-01 1.031300564835263556e-01 2.017124239509656691e-01 7.965939005682388663e-01 8.095217005158941159e-01 7.360787070364631646e-01 6.479066781678576303e-01 9.237577736580793175e-01 6.638554815225370387e-01 9.464866272809376868e-01 8.551723826639179293e-02 8.420744269100424173e-01
7.386062541226686706e-01 3.632928918528085527e-01 5.739009975988130785e-01 8.733071120472836180e-01 1.942402947943380198e-01 8.093370119091535253e-01 4.521344232680517550e-01 4.460768550155909118e-01 5.847568132923950390e-01 9.340924794714465795e-01 2.674655314867255829e-01 1.193804699112868128e-01 7.490704717951445213e-01 4.333170604873196607e-01
7.396639202137479385e-01 5.264698869193411568e-01 1.349799967843365867e-01 5.934655299023987585e-01 1.184644046092719893e-01 6.390204612606199541e-01 3.965511089239159848e-01 6.102443583625326573e-01 4.791119698699546348e-01 5.277452009055239035e-02 3.143734076412989520e-01 3.119596406729141513e-01 7.612248412807816056e-01 3.878420330029350716e-01
3.128952058338699826e-01 7.463824694502793067e-01 6.318694824377363295e-01 8.895114161159501931e-01 8.376796700323230205e-02 4.499450425322129021e-01 9.291937868143249624e-01 7.813178969927636608e-02 6.793983585840274175e-01 4.709444675588845275e-01 1.693216968236961328e-01 8.608902606849959671e-01 5.937288012164876339e-01 5.750099050541399581e-01
4.534535116756154283e-01 8.905777837536598129e-01 2.202873156889242345e-01 7.080544594138484804e-01 7.764586762970924205e-01 6.282058526103723173e-01 9.752196376731488980e-01 1.840104271777591727e-01 8.726770391040983288e-02 2.078553858683682698e-01 3.736481220128672343e-01 3.280684991215921942e-01 3.685243421436231737e-01 3.772885540655702696e-01
8.035999511894708069e-01 4.393587033419388277e-02 1.490063257588238876e-01 8.862896169770380084e-01 2.323078264958922112e-03 2.447265535596210295e-01 7.190036470157564752e-01 5.361736002594720274e-01 4.373011570319604857e-01 5.441957785417103066e-01 2.618349971080564664e-01 5.261567628328198687e-01 2.465524868361377298e-01 7.483419593060671726e-01
1.154572571506681244e-01 1.809858324038483568e-01 5.424703434959092796e-01 1.666092518923413257e-01 3.087787276200789632e-01 7.714963282022784252e-01 4.202088790027322940e-01 3.049230191788643296e-01 4.134538112655922193e-01 7.134968007781572474e-01 7.130458739792855383e-02 6.046659373689722283e-01 6.934967803533130803e-01 2.826682404231040113e-01
8.442577525680963202e-01 4.166295443990231107e-01 2.873412611862311561e-01 8.057811021677504515e-01 2.837008662225183331e-01 2.057059424275423654e-01 5.024606686132084832e-01 9.164892901285842663e-01 6.246006675271644770e-01 6.988661661582210582e-01 5.804136995429728385e-01 7.558922076393146394e-01 5.505219386062811804e-01 4.355279598639369976e-01
3.270413231763645845e-01 1.482683693028664651e-01 9.249674813433184095e-01 5.087458091755345801e-01 6.886657220256808820e-02 8.555012155301509047e-01 5.643827888121422109e-01 9.809721083842474210e-01 4.700139574683122046e-01 1.564279388840383866e-02 3.607014631173263153e-01 4.897392410756289394e-01 5.156511015337311710e-01 6.970902992756471406e-01
7.685740245499937950e-01 8.011415964289292369e-01 7.331105980642463882e-01 3.239215667045991509e-02 6.926230023458499474e-01 9.767743244320794549e-01 8.353272397345999911e-01 1.644117005697742773e-01 7.295944183282032647e-02 5.985092093860483464e-01 7.516925879558579160e-01 8.894936350561990501e-01 6.751761478201294686e-01 8.842064037928205611e-01
8.543070904517392483e-01 5.899651891364043887e-01 4.842609543202897049e-01 9.539501189620488431e-01 9.120471540971331059e-01 5.971891052065757544e-01 2.567020573320951682e-01 6.196719939609904859e-01 7.414943183058634313e-01 3.341685556322624429e-01 3.551077037964438521e-01 7.593923595906432178e-01 5.355318282436217769e-01 2.740590049419291407e-01
9.883644411620130521e-01 8.425587158134573151e-03 2.563288130168186463e-01 7.631006409897307385e-01 3.747862210420273010e-01 9.433966299711231684e-01 9.730239794929054220e-01 5.709130877747949917e-01 6.427516069306299373e-01 3.370223349100450738e-01 7.542325163557721535e-01 5.940452611080904166e-01 1.386548605476585205e-01 2.934175462185197869e-01
9.600998351546721210e-01 6.780111319143142801e-01 5.636633105960435763e-01 7.105483414927737940e-02 2.016300546895027912e-01 6.147918474381937060e-01 7.007085240668248227e-01 1.747919375068585079e-02 3.935249427270564038e-01 3.262834967727219482e-01 5.540128433826273513e-01 1.166479825099743239e-01 4.442271538621662685e-01 9.069135828925026788e-01
2.089283590998564089e-01 1.071792292025874893e-02 1.772906178208201178e-01 6.837796824419898334e-01 7.810647901922593839e-01 4.091156650648900550e-01 6.207347625139760794e-01 8.745159537563433894e-01 7.358736730034842743e-03 5.150314328276827114e-01 9.923321020318413010e-01 1.182730254107721146e-01 5.852636048402166669e-01 2.185953899316284144e-02
5.462423995162649648e-01 2.098360028874823868e-01 9.780130967488305238e-01 7.603696768650947124e-02 8.960393515599087699e-01 7.671020512996751251e-01 8.787805266323815978e-01 6.674155962740532244e-01 2.485434775795859474e-01 3.764601930999199597e-01 7.033211232673794999e-01 7.781458762444737332e-03 7.586458988286213234e-01 6.443812788919669465e-01
9.374987678921316014e-01 7.303181694100372434e-01 6.495888982068099837e-01 7.011367780719407472e-01 2.094886887013176491e-01 7.317909369795221330e-01 1.631364622541908727e-02 9.951474711365839720e-01 7.599955581327948462e-01 6.838050187713793360e-01 3.689918163134766615e-01 6.602582881867202769e-01 6.304441857628250157e-01 4.547005934076451261e-01
5.735006560726745306e-01 8.763654575514884248e-01 8.488157859783466153e-01 6.763506856034635639e-01 9.858598074173693382e-01 1.803995811515182179e-01 5.985042667278036577e-01 2.922038313687463917e-01 1.086412763756913202e-01 9.120142434741985715e-01 5.922941599221310804e-01 4.165165139826001450e-01 6.912426077908118138e-02 5.439767783541957780e-01
6.465460294358751359e-01 2.844022010245995657e-01 9.121292390580059140e-01 6.396068516942076121e-01 5.700107265720598670e-01 5.101374992172046374e-01 6.831696762416549218e-01 6.684781567484640030e-01 6.647903430375193823e-01 8.094046627395783400e-01 7.942887258941522255e-02 6.318417015464323772e-01 6.972733540691237186e-01 5.224329967414831355e-02
5.009474826611164389e-01 4.357105417377989953e-01 8.356469357590062819e-01 6.141335741987052899e-01 4.589107601753708021e-01 7.903707475840575647e-01 8.289180299849744360e-01 4.187122693291400743e-01 9.366701475485694761e-02 3.302982826454428089e-01 2.735001405350296899e-01 3.991920281599604658e-01 3.501509051335122136e-01 2.786754998275189354e-01
6.779317911298577970e-01 5.616855956948630935e-01 3.051253017922674893e-01 4.322315497551605379e-01 7.556383678904827761e-01 7.127741749493186063e-01 9.682307821637159417e-01 3.476653708269999976e-01 5.814718638019805708e-01 5.521784650523262616e-01 5.345814608527522660e-01 3.729008698949431988e-01 3.252819372702651091e-01 7.680543985000668483e-01
1.962719989080179417e-01 1.260724483960783404e-01 9.447505968352380989e-01 9.505695921857593156e-01 3.784494258095026931e-01 4.330131055015351560e-02 4.723171963880050672e-01 2.468305937303736375e-01 8.504624845546476797e-01 6.315273389787123826e-01 4.762381160054685036e-02 7.374076795055445332e-01 2.046183116472377606e-02 6.268291826633987096e-01
2.476372096617631691e-01 7.220395850736719412e-01 2.133977260627514250e-01 2.925292540589463641e-02 1.105138159316667590e-01 1.428198944129808190e-01 3.872800453840703483e-01 3.086440111750188287e-03 3.664262179814149478e-01 4.271319119152400257e-01 6.817128854192822107e-02 2.369850471317553886e-01 4.748950357696496427e-01 1.312198287336489022e-01
3.476813982144356663e-01 4.635587400502981792e-01 8.672052093479185597e-01 8.373511555874348922e-01 5.539613786202890466e-01 8.535593426135756889e-02 4.406394035343329518e-01 3.753059387367259081e-01 3.009120371448376074e-01 3.735005331148518737e-01 8.613977869400398779e-01 9.682947280351609232e-01 1.690283074048357648e-01 1.848729270168829597e-01
2.255566056821424192e-01 9.845071091841381961e-01 1.204491741004070082e-01 1.392287116258328350e-02 4.369103130753548836e-01 6.174320255655219025e-02 2.938882809010626707e-01 4.674622729604264171e-01 8.560593995711482940e-01 2.505949495248672720e-01 9.596770265797194277e-03 9.931341271320259789e-01 7.848690036068018960e-01 5.304824492363930943e-01
4.369556216710569485e-01 3.830730818837704277e-01 2.244206975043305796e-02 1.299269504987371482e-01 3.973395577572862436e-01 5.874699286469582393e-01 3.792181310904119140e-01 5.397565174642626751e-02 8.309189657570625887e-02 3.799334699930191350e-01 8.602039834228558668e-01 5.444522379774181520e-01 2.328737265170984783e-01 4.379126490823268547e-01
3.313335270572675961e-01 9.957736956953857632e-01 4.930010979685592876e-01 9.064803509166275974e-01 4.922285587540240481e-01 4.404822475451017905e-01 2.898753749458843343e-01 7.451775771330853004e-01 4.165990152162057925e-02 5.585998108803102991e-01 1.118204016326156403e-01 6.036362317599910376e-01 6.640021155729018965e-01 6.434386592693489559e-01
3.389271185172583190e-01 4.156328271401499297e-02 4.965923283762335716e-01 6.220264567085573848e-01 6.219601019979463796e-01 6.798255756980237097e-01 3.155594539713708624e-01 5.324100259628838927e-02 1.611746738724263439e-01 7.676371701233289935e-01 1.437644827986502838e-01 9.021934698769508154e-01 3.658303954968218363e-01 2.211400995377010847e-01
7.029618847028096251e-01 2.882798114340674456e-01 2.189420158205099831e-01 4.299945382181235010e-01 8.384433623036470218e-01 1.509469366514986088e-01 9.146536767466882933e-01 3.863257755410977046e-01 7.536264330031007264e-01 2.166489089486943742e-01 6.194689765297423101e-02 6.056830587658582621e-01 4.021143504833624149e-01 2.517046712414046095e-01
6.423702722751047922e-01 8.878812425612655490e-01 5.286872792211597671e-01 2.098524234215130013e-01 3.502521388101622613e-01 3.846004140185984577e-01 5.510813560363692076e-02 5.192187574828303065e-01 6.498587672013663719e-01 8.672585000795216548e-01 4.337787088383416867e-01 8.030729732461986403e-01 1.886540347900833581e-01 8.770162797495328899e-01
2.913580096994811131e-01 3.998056318373481854e-01 9.219527748282785318e-02 1.904292614713901655e-01 2.221062047663806549e-01 5.874897312907078062e-01 4.568881238458089022e-01 4.748190245496091144e-01 5.751819708540224507e-01 6.019990247420325957e-02 2.359248030087424119e-02 4.500200440033924609e-01 8.515363120294064947e-01 7.470794859169525015e-01
9.313254791690771528e-01 9.631322768151302505e-01 1.495133978352432003e-01 3.133650929800698703e-01 7.410564695172375815e-01 9.337596105848688932e-01 5.248197935780201107e-01 2.391057226052907270e-01 6.492369084572557902e-02 9.133412726549233751e-01 5.882953905740944123e-01 6.317012323385995387e-02 3.882326915578278026e-01 4.916638993988375894e-02
8.326143693937998469e-01 6.254514597161401346e-01 9.630437121262720446e-01 6.726205051940958857e-02 3.304773138303990221e-01 8.102482132052331032e-01 9.227331881224953847e-01 9.754667897809689014e-01 7.735525161700781416e-01 4.902614946767694937e-01 6.008550186030935381e-01 1.470465060501313648e-01 4.974601899004693628e-02 3.092178650121645278e-01
2.305228666063431353e-01 1.662019505005092324e-01 6.530501131111151603e-01 6.469489611045238231e-01 8.663208943431767173e-01 9.602222220618505943e-01 3.947864573031643065e-01 6.644138664715436571e-01 5.453899377549483729e-01 5.938653011953181071e-01 5.930549919396834735e-01 9.858585672330385519e-01 9.981024325718937940e-01 6.757617988938868780e-02
7.250783121130168762e-01 3.182622005157792477e-01 2.319743688984284846e-01 5.790384053637084305e-01 9.876214571039332313e-02 9.854084829305114202e-01 1.436746390965882858e-01 4.746562614913725220e-01 9.968915713546118162e-01 4.966048236721701814e-01 1.205298216066102990e-01 3.522404563746994732e-02 8.041139896924804908e-01 5.181106229141393404e-01
5.308407040093232609e-01 8.947294743270944872e-01 7.789741523058523187e-01 1.396085584741075802e-01 7.547943593360966208e-01 5.722597044827251178e-01 8.242107147996979855e-01 1.368143648823322289e-01 7.608516765412070004e-01 2.670366394812072608e-01 9.993406922593844888e-01 5.343177610334169936e-01 9.339315457449769431e-01 5.242317850992327388e-01
8.318095154252821422e-01 8.502265657793722786e-01 1.884005029214305127e-01 2.036097033608100793e-01 1.631797796307974391e-01 7.223842741536691259e-01 5.353896347383605425e-01 6.722517912731151846e-03 7.425750659649101859e-01 7.927959886040560900e-01 4.090944457169916060e-01 7.804901759281610563e-01 8.404022319860927626e-01 7.089903352536129910e-01
7.822323749710869967e-01 8.899436357222056948e-02 7.258991205426160720e-01 8.338174478147406532e-01 4.315901069564768155e-01 1.127081480455351947e-01 6.655483933870645075e-01 9.900371476163805085e-01 5.460394485066267789e-01 2.986367144250045014e-01 2.754305211222966010e-01 6.162156331329621262e-01 5.113689516282118319e-01 6.006881846395123459e-01
3.132680450533502636e-01 3.792004047893245966e-01 6.208554860157468047e-01 1.081607327630657034e-01 9.620356589017954319e-01 8.683072306171693011e-01 2.495011792002607143e-01 8.548400372400684066e-01 1.055117118381724284e-01 3.033788406322953657e-01 5.854548626900767383e-01 6.661749460124775091e-01 4.569242240830551083e-04 2.002858338975199715e-02
1.021767788996319481e-01 9.167662507523838267e-01 8.722595950800885456e-01 4.048767888211812771e-01 4.055137035388840516e-01 2.615930591238557756e-02 8.465976509900654534e-01 1.672283526002402709e-01 3.665636125665373557e-01 7.169924953464477113e-01 6.870154851799691320e-01 7.293722571086771467e-01 9.774311351844566786e-02 1.609894351843629279e-01
4.175975934540300250e-01 9.705152824336634731e-01 1.472976589064844966e-01 4.809482056525159477e-01 1.979945970866753280e-01 7.610285442071034190e-01 3.368580820132576203e-01 1.842941873619921012e-01 8.789331117758710787e-01 2.709157546144878026e-01 3.104717682500326426e-01 4.478312432943122312e-01 3.420028715183924817e-01 7.430792225382425453e-01
8.800958338670448189e-01 8.943039100257099694e-01 4.493525298036287197e-01 2.061524645727413896e-01 8.420068074039883665e-01 3.792398965341265971e-01 5.408689920517439909e-01 1.804561023185045077e-01 1.185427338887257154e-01 5.079068704670700596e-01 5.873712598948791497e-01 5.159677339852127842e-01 2.664112383875927303e-01 6.136778086315546332e-01
7.434138202762220482e-01 9.331396768106584583e-01 8.907252426349494545e-01 3.456470263703964596e-01 5.138675930979867967e-01 4.115754262462556490e-01 8.717686052362194626e-01 4.026102094288850353e-01 4.423479600542065127e-01 7.815056935710520403e-01 6.031295639234302008e-02 7.289564413794710207e-01 1.884397142658363888e-01 8.615396865750815092e-01
8.850411896243522980e-01 1.888018995820817114e-01 5.674921390129682441e-01 1.235261663168729651e-02 1.983009718094714824e-01 6.916416733991586074e-01 5.445635952233374155e-01 8.461184690370483485e-01 4.951966946978052508e-01 3.131614311316232024e-01 3.183833749409223923e-01 6.422884524453253974e-02 6.484437091877508497e-01 6.240650571175802019e-01
4.467160465290339610e-01 9.089710746026543609e-01 2.266834053664831261e-01 9.228081791157111136e-01 3.979169413311013370e-01 7.391231020627242465e-01 9.363946875843394135e-01 8.613054846457198765e-01 2.713286377705848018e-03 8.591252665718495107e-01 3.461042385479962125e-02 3.609591721165879008e-01 5.235470468382874554e-02 3.156518303569932904e-01
9.675341519574650606e-01 2.273063056137665239e-01 8.044497117848586898e-01 4.888049705440293824e-01 5.537218607048726149e-01 9.503337579962124471e-01 6.764306149902882259e-01 7.885019925301165467e-01 3.874202943430173907e-01 9.428291890830936550e-01 7.381654318119722502e-01 3.559265569605978285e-01 5.653551174217885666e-01 7.167102557470856894e-01
8.939870283771207404e-01 5.313267233250568156e-01 7.605578484192083710e-01 8.275507051326044250e-01 8.602405186132630055e-01 4.341867626289815929e-01 4.848898035546611585e-01 3.259848049337591425e-01 9.429830800105281075e-01 3.027653774381239282e-01 9.775751996738767380e-01 9.455416169356944955e-01 7.912185165441063539e-01 9.500938523035306060e-01
6.127543709806686500e-01 4.792951983029102303e-01 9.881929071673897225e-01 8.628757617252836853e-01 1.708565933352199639e-01 4.041834338765748491e-01 9.755476934459236249e-01 9.223648144839532437e-01 7.068630786277870781e-01 2.327481894848374422e-01 1.978760024712036270e-01 6.394403486364804712e-01 4.341110234710188198e-01 3.424248170126750201e-01
3.790412491380252824e-01 5.643016879039824962e-01 7.790098365282615012e-01 8.369841980558104799e-01 5.184043432469374046e-01 6.368669805376255821e-01 2.283273363709139581e-01 7.882764976692752112e-01 3.243618932452698722e-01 2.917231100074038075e-01 6.802473250249561065e-01 9.740244519372563969e-01 1.978413431205453543e-01 4.559935857119786773e-01
5.885345611076440164e-01 9.938059840218271823e-01 3.542651501885455412e-01 6.644327997548804543e-01 2.612188459461763923e-01 2.961511759197203997e-01 5.833981861923256407e-01 2.495032063700820535e-01 4.669538687001670851e-01 3.109860269039731451e-01 1.966158218702186433e-01 2.641514026046087871e-02 9.973922878155001559e-01 1.185373433627028295e-01
1.314866609881560899e-01 9.883721716248401457e-01 3.502108297063830644e-01 5.326156226753125944e-01 3.281125297159817045e-01 4.388323168811968378e-01 4.247335249075133712e-01 4.821027336741873226e-01 6.597966425083018338e-01 4.816487829930260478e-01 3.562108079855981213e-01 3.728849335863132497e-01 2.734474434438481927e-01 9.219412040653398588e-01
9.123305980272654603e-01 9.865951142907070093e-02 8.572877886975805994e-01 8.150151891910891733e-01 2.864969452484645851e-01 6.739511993988183125e-01 7.919901662299057010e-01 9.495074792358515481e-02 8.271690564569134096e-02 2.581611841032099841e-01 4.312650303372281835e-01 9.901691618994551414e-01 6.762980571796942675e-01 2.518138603233732731e-01
8.975552591948321446e-02 4.501436939341799670e-01 4.596214492496676352e-01 5.691640533537793978e-01 6.457887132711186418e-01 7.220980910110985640e-01 7.743574876722972844e-01 4.953607532024462135e-02 5.118513353738594063e-01 3.303434690190875100e-01 1.942018080384145806e-01 4.788203696703446921e-01 9.471880549339353195e-01 3.420205504467513924e-01
8.324456615596695919e-01 5.074450555687993747e-01 8.527953187583714456e-02 8.682561622056749195e-01 2.489981888120186282e-01 7.196122414186879590e-01 6.425368900772387981e-03 9.470454239124292961e-02 8.088110682185263300e-01 1.523925126623874027e-01 6.740886900740660215e-01 9.175211133887408721e-01 8.796165664005274332e-01 5.750007532551137945e-02
1.565364264360376012e-01 2.290433858689062685e-01 3.584498932927999704e-01 4.121268100909942778e-01 1.407267567028316346e-01 3.859593005135123489e-01 8.255386217238622759e-01 4.178238729420280517e-01 3.004795117594334375e-01 3.973733346641813435e-01 8.799238233058930270e-01 4.470170227137280072e-01 8.845701130511141042e-02 5.384256125202520060e-01
4.626257549510573996e-01 1.560655052278900889e-01 4.330507785144742661e-01 9.981892874524836978e-01 5.406611891328919617e-01 3.554574808359609595e-01 1.051188258196636971e-01 1.594429217488482209e-01 8.535251809795040279e-01 2.133268986943076539e-01 6.678751720475928355e-01 2.801167700036421015e-01 8.529594534209826717e-01 3.092271027942284922e-01
7.869035201085804454e-01 9.663149164367328403e-01 1.373262147520049048e-01 3.536780138973725229e-01 1.054297807331548986e-01 1.449567330080810956e-01 9.080110240449554837e-01 3.677482974643546676e-01 9.273540090937371083e-01 8.895622616919077741e-01 8.393439452369264586e-01 5.830673085380705389e-01 4.920116463762893577e-01 7.378258871769488580e-01
8.918341550576744936e-01 3.397081839601393538e-01 6.585537135736502234e-01 5.783449834164308134e-01 2.748395235981884177e-01 1.472541457862277525e-01 3.113998622358249424e-01 4.912328123173893557e-01 1.043046686407900214e-02 6.629507462207077095e-01 8.099251563167930712e-01 9.775642253209680943e-01 8.135270961823269920e-01 4.340163141125678026e-01
4.180019295663323087e-01 8.424667288945966170e-01 7.583268543609145151e-01 4.226932351515141351e-01 2.994639785168468071e-01 7.141979464306486003e-01 9.652206346537773873e-01 6.646401240311976544e-01 2.520617314738338166e-01 3.113885450158621060e-01 5.055401424394018184e-01 3.522509348721776234e-01 9.667461845360331152e-01 3.441796421445795229e-01
8.854674571950781337e-01 2.811021578642105556e-01 5.935289225135782498e-01 9.778488914666280118e-01 8.478272959475818826e-01 5.486352905388042211e-01 7.932369027540285833e-01 9.809242252539231988e-01 1.626504388483592800e-01 1.431986675494006933e-01 3.237925083638563128e-01 9.237751066491461938e-02 4.970532609699223059e-01 5.775797304491625539e-02
1.034072858134961193e-01 4.628244877603576724e-01 6.029552330329875920e-01 8.713410383208683996e-01 7.716877485536566272e-02 9.371298051891144842e-01 9.466999243536375896e-01 4.871144774402960120e-01 3.653455873654652963e-01 6.517226529266724189e-01 3.682719991790817105e-02 7.716884861376565041e-01 9.216621645775482374e-01 9.837305430691372088e-01
2.140499176901461409e-01 1.554252353670204645e-02 1.458393956272155956e-01 8.865336876281701972e-01 3.644678822716748146e-01 6.340374563097207483e-01 8.441232305070159869e-01 1.803651205978539229e-01 1.772987898105828908e-01 4.971552555653087069e-01 6.811601196765799671e-01 4.126379610205713755e-01 5.177989197404825328e-01 1.491197535474803049e-01
3.791425359151944230e-01 6.759247225627933453e-01 6.045165874072078172e-02 5.225774649966274943e-02 3.474166957152942103e-01 3.885195675941933713e-01 2.867117534293428527e-01 1.660234336307574443e-01 7.717980510079865963e-01 8.379424803853008363e-03 2.434532066663879224e-01 1.353865950086060588e-01 2.258052575682041319e-01 5.006678300785118996e-01
8.285789793262147152e-01 5.903924361009780242e-01 5.424058025929290316e-02 8.253049203962322666e-01 5.253812636308217154e-01 6.212049595533550850e-01 3.769481341387409534e-01 9.684932561273592588e-01 9.020207938375662815e-01 2.564847305981217129e-01 4.370657793030584548e-01 7.445173111288466705e-01 3.232842515063749644e-01 5.103136473859648525e-02
6.391862481891681380e-01 3.934078099378898186e-01 4.842516139560305577e-01 1.180620510022466485e-01 6.436392735090225026e-01 1.815509459157790273e-01 7.269034696162189890e-01 8.913171430404248641e-01 5.241520289981679293e-01 5.928451529119096453e-01 8.149471041645584002e-01 1.363339145671795816e-01 3.122756829713133619e-01 3.007451478705606140e-01
3.075546945773434127e-01 5.359922461588676468e-01 2.181906015998775761e-01 9.867687232828619148e-01 1.750564029349499506e-02 4.391735991732402811e-01 2.099720531365056875e-01 5.710052289025304706e-01 9.028040248885582653e-01 2.697363504209165930e-01 6.051503348405381510e-01 8.138343497475866162e-01 2.356562872523437768e-02 2.382067974480865935e-01
7.995119111723990590e-01 8.671595053952513288e-01 7.722886371712834874e-01 2.887384086761934920e-02 7.840772513566846014e-01 5.715698147248101657e-01 3.373586544919702224e-01 6.300013060326875580e-01 6.504812386485814280e-02 1.923416237610789947e-01 2.316330067622833777e-01 9.041335899103737361e-01 2.594671027478652192e-01 9.492148068964354479e-01
4.939456091865375154e-01 6.243800605989130448e-01 6.121052680571344995e-01 4.490271404430818958e-01 7.588163437432189351e-01 8.352361375668423404e-01 2.944457614222737440e-01 2.155718644363509018e-01 8.844372021261914796e-01 8.510109066156679170e-02 6.040524488058990338e-01 5.167480512115296687e-01 8.106012329222348489e-01 6.323498793176060007e-01
3.153305561937614909e-01 1.291777827608964202e-01 6.380882804244110140e-01 2.650417541628614648e-01 2.987572881487232657e-01 4.840777860695067991e-01 7.982767072715524215e-01 6.076958857768329780e-01 3.840695656384743861e-01 6.836277183644114963e-01 7.602474066553467358e-01 5.386078928245423558e-01 2.595556494364975597e-01 6.507732531959917743e-01
1.493108548390564838e-02 5.538191597525902177e-01 5.427879432449237429e-01 4.937286848538580131e-02 7.753317032866255953e-01 2.848891305070604396e-01 9.722167398060749255e-01 4.155635403522578430e-01 9.279342895371850419e-01 9.893739982883731354e-02 2.551531835411767757e-01 3.390476405650888481e-01 6.828881771627869357e-01 9.287690928371716836e-01
4.272849478631655096e-01 2.469108738107652634e-01 5.959039614814366503e-01 8.272199501856560833e-01 3.153697620958368919e-01 4.114133836258815347e-01 1.392999920119680768e-01 6.271558785691582205e-01 8.992159180109475791e-01 5.637197610256939884e-01 1.098983732249032563e-01 9.105710636441646244e-01 3.493775672898324913e-01 2.700207282988114077e-01
6.134243425723050480e-01 4.029671398072822708e-01 5.796257074379493890e-01 1.059376105504560295e-01 2.369578446514222225e-01 3.481194635186080077e-02 6.456266665778012115e-01 5.075863091032484231e-01 8.350259315142748440e-01 1.724061974492441252e-02 7.914685218622077301e-01 7.495346256758491643e-01 9.280954281248485760e-01 2.376300921532971122e-01
2.393600900214216676e-01 8.382296376252105219e-01 1.306408821504778661e-02 3.919351968915272266e-01 5.051447521783135608e-01 1.998879838994485070e-01 6.384150778478663302e-01 3.157611672331834818e-01 7.832945682950861466e-01 9.899523965576504381e-01 5.597396619844152710e-02 2.477214140736105907e-01 7.978021784762127089e-01 3.061016704901261543e-01
5.680125808168989821e-02 5.841811835508694539e-01 7.510247701173545787e-01 6.308655015621333906e-02 1.227576203232851881e-01 4.642667260555519704e-01 6.203625648380042268e-01 5.995869355271007395e-01 5.202086601846389602e-02 1.664715766240754125e-01 7.126449779054344624e-01 9.740250392387006517e-01 2.004780951681047751e-01 5.364796378687066714e-01
2.024953646418689024e-01 1.143328284997919830e-01 8.751787930255862102e-01 9.009897307875603945e-01 1.697670657770771196e-01 1.119306592530376898e-01 2.762760307366365353e-01 3.682958876256111624e-01 8.484970875664693546e-01 6.394605525409332580e-01 4.101423241362875949e-01 2.621716938165202793e-01 1.944025886842812856e-01 1.902626740283422935e-01
6.648907278803746213e-01 8.836693373421394826e-01 1.164663669820422687e-01 2.435646953977353979e-01 7.076156767208390264e-01 4.088314273339701543e-01 7.817910906267201421e-01 6.295012157428971911e-01 4.672096102732243850e-01 2.072754533176529579e-01 3.524636479634507547e-01 9.533491207320249350e-01 8.686937586672354161e-01 6.215555424123321293e-01
4.265321739154814829e-02 9.369337560349975114e-01 8.848744955610126084e-01 5.737950145991198569e-01 4.402406754921174281e-01 6.454704205726436994e-01 1.677476473072657681e-01 4.880678591796691057e-01 4.339394548277116792e-01 1.393746068827020901e-01 2.633491584196197000e-01 7.699841416047410458e-01 4.201198913503108034e-01 8.704280878290092671e-01
9.050659253591315512e-01 6.993979428780339180e-02 2.392749084830313455e-01 9.969015260950474522e-01 9.482466113752189285e-01 6.137751378042474171e-01 5.561784953041541968e-01 6.634185526053402171e-01 4.340089351265024042e-01 9.805322439789039279e-01 2.696684245940292879e-01 6.292840034691319362e-01 3.109170651253778672e-01 6.604453576195337128e-01
9.945887099284878019e-01 3.804378813912684398e-01 5.887224600294871379e-02 1.091836234054075483e-01 1.895878514281007510e-01 8.426531440303143272e-01 9.184878034672914193e-01 3.717193029716978625e-01 8.057869135200003141e-01 5.363636253694692435e-02 6.961377724271651246e-01 8.431022183204333054e-01 8.851118506120304597e-01 5.799748098021437759e-01
3.949619635287169306e-01 5.507616720298813551e-01 2.198522444307853263e-01 2.639529530237407773e-01 1.046088324174743178e-03 7.891597003676280586e-01 3.553541013905980872e-01 4.268851075941719753e-01 7.439905010841559863e-01 3.032358378451631697e-01 5.328357090371780291e-01 9.197006531550551145e-01 7.489578120375380843e-01 8.080751273273678592e-03
1.438760327346685353e-01 6.475398643692962253e-01 5.133319364550673614e-01 9.912577684117416243e-01 3.924294202402525134e-01 1.913857673068423138e-01 4.744646245012338337e-01 2.544314656199142544e-02 6.228703107451001308e-01 5.471052483806765343e-01 9.106999242229062430e-01 3.167790812529132083e-01 9.423248006756486106e-01 5.935198170057764955e-02
4.568861565270387892e-02 3.914184787728077763e-01 3.975613716854696778e-01 6.031198153702951315e-01 6.504182013534645090e-01 9.482128849530555570e-01 6.995685609818023121e-01 9.737778923511070106e-01 6.639073987809497313e-01 3.187685396620603129e-01 2.023709815086568442e-01 2.322037758008227426e-01 7.478808134407786135e-01 4.935078340047617251e-01
3.791205999863915821e-01 1.570230095512414881e-01 4.920858941300957357e-01 1.666567472333276845e-01 9.802547601149281808e-01 5.283862540036876609e-03 3.840249211831200382e-01 8.984691839136870195e-01 2.501447793865430036e-02 1.274295790883577251e-01 5.065694702182040876e-01 5.383063274817294630e-01 5.677856253594162350e-01 5.108596484477533339e-01
4.351511474793645640e-01 4.345363020511694430e-02 5.008798554383294688e-01 7.530674838808113503e-01 1.438177583594087983e-01 5.895586326075223926e-01 5.829310686929677354e-01 4.309425318981413566e-01 4.998314493114532908e-01 5.415837861984901247e-01 9.077193055812029510e-01 7.359052331695383753e-01 2.705643961569971223e-01 2.994788797763341393e-01
9.932495387684050492e-01 3.802857458614158359e-01 9.617773167801582090e-01 8.199487475897617728e-01 4.237252131543279843e-01 7.698815249425564611e-01 8.857609696871537874e-02 3.488753092819519841e-01 4.291262490452184553e-01 6.878374492386098993e-01 4.248506390135886601e-01 7.765842422375967002e-01 2.355648768104322555e-01 1.187841805719195287e-01
1.470324012224299981e-01 3.883905428301588358e-01 2.811672801403044542e-01 4.986206406567240679e-01 7.076050580212878138e-01 9.748617578928727712e-01 6.881227708665585974e-01 7.455724991044053729e-01 1.363858467616905212e-01 9.812019544405181648e-02 6.900963653643003015e-01 6.046403944570122313e-01 9.597654817848639830e-01 4.008587613737994992e-01
