4.667607692104489558e-01 2.047686188260655626e-02 5.023528640887091612e-01 4.665619170112417224e-01 4.396017054805961832e-01 6.537608633454231599e-01 8.394077875890681995e-02 6.143890377580023543e-01 6.321870206439134110e-01 8.046905636591237254e-01 5.816037523247965524e-01 1.013837071666376932e-01 9.508805303928620223e-01 2.230715206189048949e-02
1.365785165079739238e-01 9.718752228298754847e-01 5.421034527076051823e-02 9.385100546379222530e-01 3.456642923550458102e-01 2.466487084078715641e-01 5.942470694006223297e-01 5.243350779804523132e-01 3.134918991023611934e-01 4.283616905750309289e-01 3.850249637935293512e-01 8.379940988033526272e-01 7.812669651608246113e-01 4.976735768605961008e-01
1.697170386441315681e-01 4.661181574385100390e-01 3.616953262189175344e-01 3.927411745717781510e-01 8.575984391066671098e-02 1.772347637810399723e-01 8.185557536643359722e-01 6.551644529797480132e-01 5.795717775117540382e-01 5.764934457399677470e-01 8.660525050509583211e-01 6.389005534764126137e-01 3.304708448427182699e-01 5.115053140545042787e-01
1.683892828572393086e-01 8.906504793978398116e-02 9.907094165844673173e-01 6.038271213324009068e-01 5.747185672082140151e-01 5.570152867474401637e-01 5.983106490555444301e-01 9.135722013355918047e-01 6.657257624380250594e-01 6.038704235633596262e-01 7.438661404705868563e-01 5.270362885589615631e-01 3.045280542395467638e-01 5.077677359773413723e-02
5.991631769033962662e-01 3.236579988822470000e-01 7.953540157122109822e-01 7.042959036288803931e-01 4.455439549760704665e-01 5.815642737596105061e-01 5.650816214273570726e-01 7.138744879629765894e-02 8.929043902522264542e-01 7.364275106400541837e-02 9.230196232755026875e-01 5.088525242643850977e-01 4.374519185609326843e-02 8.275276763220006382e-01
6.617746570594272848e-01 1.695554173982514179e-01 3.086792306705326006e-01 6.364460112657137625e-01 3.489370118669419263e-01 9.940274326923078663e-01 6.815893170539802925e-01 8.196362799228036344e-01 2.656459665391021074e-01 6.585922571759202926e-01 4.745021349622959850e-01 4.909303968030565013e-02 1.143171266848720391e-01 4.515440768316734133e-01
8.674000367322463045e-01 9.439222734937755543e-01 6.275011588010678265e-01 8.942682817623847091e-01 6.415645403195235907e-02 5.028967095780285668e-01 7.511653934972157831e-01 4.516233360090275983e-01 1.969783837686606143e-01 8.963680340495477905e-01 4.583729818998831806e-01 4.925774381228740229e-01 4.809495764851434707e-02 1.795202037778215187e-01
3.436901367131340868e-01 7.898236064780683741e-01 8.109300065832498738e-01 7.544592150177239498e-01 3.258219473270946853e-01 1.013177105067095685e-01 7.583337117948775186e-01 8.035807481671431995e-01 4.803128503059649335e-01 5.736158627051333170e-01 6.629528606748608111e-01 7.967059956998161496e-01 6.198243613161741328e-01 8.917134765093037707e-03
8.584695067671699320e-02 3.861667515259328276e-01 9.001935049075615591e-01 4.130888024335831465e-01 5.898103932659780613e-01 8.202725204756873278e-01 8.710048148746788454e-01 9.162188310640162481e-02 2.706976721350176085e-01 7.712745830398537450e-01 2.772880028860916779e-01 9.251658398614988066e-01 1.597026067207421018e-01 2.309026885353537839e-02
8.278332453042341887e-01 3.956408836534514029e-01 8.729794645012201038e-02 8.932918180696525212e-02 7.017955311535328811e-02 1.352266333002928311e-01 4.278331858611038596e-01 4.694522041823601111e-02 8.920728767703628437e-01 4.145632960472958040e-01 5.119697320908112026e-02 7.375292050356062612e-01 3.322999684458227687e-02 5.373205810989172271e-01
4.774423269776583156e-01 1.655771997875703505e-01 1.477767320530457562e-01 8.054850622446173558e-01 8.447274441881429397e-01 8.276307029161522610e-01 9.618643503549094698e-01 5.570821802882470752e-01 9.360188838450246296e-01 2.490189404273731588e-01 8.035169652788138883e-01 2.433470215806775583e-01 9.274675839555936996e-01 1.447561480319994320e-01
7.640669384122277252e-01 7.232732963440735574e-01 2.987563852627505012e-01 9.567170721339356421e-01 1.683764238279754633e-01 6.454413236961683564e-01 2.014830393391531249e-02 8.813739863709144640e-01 1.865265249038016160e-01 4.828300859246645871e-01 5.112922487296078788e-01 6.322796953882928728e-01 3.097741323102272126e-01 4.616657524687539649e-03
8.550638720927797864e-01 8.777928434920800882e-02 2.183455992706070381e-01 3.475081457709684463e-01 3.757989397970445955e-01 7.081463181368459203e-01 1.699649463376757819e-01 1.502922787087904721e-01 6.874844070010754926e-02 2.369186457760463771e-01 6.805005600437215030e-01 5.906911058539675574e-01 5.796149817100354484e-01 7.535417448506770421e-01
8.035232251640037626e-01 3.997689758586280284e-01 4.534498207879708032e-01 2.240161473561704808e-01 8.811631400563647576e-01 3.105453635607797747e-01 9.137883622141416140e-01 6.187521474555325307e-01 9.479032023037730070e-01 2.227046182398407792e-01 3.580522290292752485e-01 7.895087199873381811e-01 4.225106951672200628e-01 9.257198619652782234e-01
7.465577289481618584e-01 5.491683748612176119e-01 9.859324573192236318e-01 3.750526108409669712e-01 8.802263136146794009e-01 9.961192009063355446e-01 1.675503178425495898e-01 8.567015401205619884e-01 5.989226393486311029e-01 3.642138262023131290e-01 9.996045574887559848e-01 1.065863204817780741e-01 1.367242895252208656e-01 9.872817390892286715e-01
1.334919846440130176e-01 7.537533789538409801e-01 3.077317390106170114e-01 1.367459566845254937e-01 2.877380122064026047e-01 7.965597017337546770e-01 2.362998961740055970e-01 2.136876235905912358e-01 9.437273039952811526e-01 3.817047698427987745e-01 1.907915655873533289e-01 3.719418886731478135e-01 4.671015088216714517e-01 8.850702589308170332e-01
9.137124144069456166e-01 1.926811615338059891e-01 8.319941300633660886e-01 4.291102100295670629e-01 2.974441539555920944e-01 7.208145041212761228e-01 3.526525082549007983e-01 9.654498569331620983e-01 8.309493829397786024e-01 8.005250387713350735e-01 1.634674163443263772e-01 3.274588606200570240e-01 9.717097207272291648e-01 6.604930394528829574e-02
9.170867590741792474e-01 2.004342011591753181e-01 8.185614885253778006e-01 2.175074691506421187e-01 8.974611866472338439e-01 1.890718587088128233e-01 5.470018922051120835e-01 5.649376869334618023e-01 8.810527620327858189e-01 3.743001057370747287e-01 1.695397778990943571e-01 5.160872908529255954e-01 8.479044371961185211e-01 7.613772321516204533e-01
7.936700438248025513e-01 8.099882940139120358e-01 9.651658786973417170e-01 8.190133679436477632e-01 6.705899458542610159e-01 3.852501146210352001e-01 6.588387506031112562e-02 9.214785914623682128e-01 6.184582051098682642e-01 2.008207143277193074e-01 1.106004237845996663e-01 7.644046818773011509e-01 6.574607380756644082e-01 2.617790828285611049e-01
7.587342269392582939e-02 5.761559487641311206e-01 5.013811661191626134e-01 7.436720139764582127e-01 2.144045883474421377e-02 8.236701102607455471e-01 6.642158953149978062e-01 1.852576615290779660e-02 9.272988754275284240e-01 5.712226098141548469e-01 3.241472430232573698e-01 2.855939558993535465e-01 3.803403358686726632e-01 4.149325239110694952e-01
9.930043258739837952e-01 4.508824134652950066e-01 9.167288111395318628e-01 2.487193836554144610e-01 5.081656234290190532e-01 9.844277718243509279e-01 1.518067757752106228e-02 1.699117448267781771e-01 2.868069742724277393e-01 4.269394627389444530e-01 2.878282986730397175e-01 6.947718809239744608e-01 5.517641921469960131e-01 3.047395190394279751e-01
7.386359030106470769e-02 9.063921991327185124e-01 8.470576855095407476e-01 9.631793666036718715e-01 5.987942250348469164e-01 7.291060250153797995e-01 5.382639063807356239e-01 7.080168215634781159e-01 8.117610369161164519e-01 6.513727612520889831e-01 1.530331235199732243e-01 8.580762525566015819e-01 3.814611585257441373e-01 1.618048781345625686e-01
9.418451961996725519e-01 1.847218196595293849e-01 7.444268624230766518e-01 4.618138735259471606e-01 5.156200695964791025e-01 4.544857121930576671e-01 4.472300286109041068e-01 8.307646585867153322e-01 4.063941080528977734e-01 6.413275464607531839e-01 4.847566995189767081e-01 1.285076271386179636e-01 2.255757254209544982e-01 9.894878263851998312e-01
2.158634602781585032e-01 4.527645653164162898e-01 3.695960178562440746e-01 4.311382594811024038e-01 2.974746755326385106e-02 9.750854398186903360e-01 5.675380106878467057e-01 2.899011676200464738e-01 6.929579830383838512e-01 3.078191252330956251e-01 2.897887514290465871e-01 3.635506303441602416e-01 2.891847094885546809e-01 8.553940199895211371e-01
1.163550308583463089e-01 5.940142846102751673e-01 7.458487806784784846e-01 5.170315681261541396e-01 9.304190416292917876e-01 2.442473559207122280e-01 2.675564394419849279e-04 4.521324529386504532e-01 7.964342519332986425e-01 7.142453792037714022e-01 4.404922739719970837e-01 4.558001415776842258e-01 3.807362441506968453e-01 2.822700865153696670e-01
9.237185261259974745e-01 9.919019137191030788e-01 6.507165273725480370e-01 4.899802203524010746e-01 9.348541736437426808e-01 4.514513310418075687e-01 3.835614210201039320e-01 2.857343650875592278e-01 2.765054280071834736e-01 8.744715924638192250e-01 1.447876584823155621e-01 7.664428507798137780e-01 7.316415955149357941e-01 9.914775354686911069e-02
8.783164821193798488e-01 4.287400844215545348e-01 2.080857095709178761e-01 3.265608588570438897e-01 4.301619103165121860e-02 5.615186658110449258e-02 1.154360967159576701e-01 7.577764883010572605e-01 1.253825121426577205e-02 5.463331761570925371e-01 6.107825045264768660e-01 1.424508382318783184e-01 7.742033579279883337e-02 2.978328627075442769e-01
6.919409583027782418e-01 1.774928103776336474e-01 8.447775841754384674e-01 2.175536598340901406e-01 5.350277853852727361e-01 9.855438962951552639e-01 4.670840222041484635e-01 5.355281174772160702e-01 3.094227577535912932e-02 7.479414900320869863e-01 1.127716432121568246e-01 7.214835619625773466e-01 3.287821654533120697e-01 5.945297162151539361e-01
5.658611118883429825e-01 4.689736587238542143e-01 2.317235536213315683e-01 6.846809525017566456e-01 3.709961578193782250e-01 5.542776495489944999e-01 3.849402081631847494e-01 2.888652854479398790e-01 8.596694458960179031e-01 3.980325323366563639e-01 2.333293556391559109e-01 4.579461552722851048e-01 1.085659129675845547e-01 8.413545524419059340e-01
6.850754061388012461e-01 4.427703036017776039e-01 1.947138912915036268e-01 9.979015576232108664e-01 6.286220212867954515e-03 4.690610725319990237e-01 2.444650553420625316e-01 2.334799472603737991e-01 3.001734904775009705e-01 4.753506626926380374e-01 1.349343266084596094e-01 8.877047245064112468e-01 4.531932539454721631e-01 4.381890841171560691e-01
6.797278039418122031e-01 3.872148534758634852e-02 6.598359097020907171e-01 9.410320731571738540e-01 6.485875847879669642e-01 9.084074681603223622e-01 1.655909166457703030e-02 5.910487338421489545e-01 9.854525244693094210e-01 6.590961616893062924e-01 3.059706540538162933e-01 4.722218116872726190e-01 9.694484495957265136e-01 7.029275316119978356e-01
4.641572505881754740e-01 4.153883084184675223e-01 6.949329540899921165e-01 6.117344277781542328e-01 5.379761924611785595e-01 6.929099245895247172e-01 6.947531279940095672e-01 5.042997121496610724e-01 1.022795331314124700e-01 7.946219838662155199e-01 8.679508646077866985e-01 4.280911165179779321e-01 2.247896181965447493e-02 9.432816484908091992e-01
4.660061015481690161e-01 7.399887548553327754e-01 4.203122510484512686e-01 3.247117044154836929e-01 8.016964424932325750e-01 7.409615631595325436e-01 6.019796889887152336e-01 1.190122761942568053e-01 3.378936031612387314e-01 4.008860325436002237e-01 1.680398607730716476e-01 5.709966921416487207e-01 3.209220572274973371e-02 1.957130674651826885e-01
4.170710044942078643e-01 5.875583359305029951e-01 9.117068988644951855e-01 2.806675902402931966e-01 6.452168788959602441e-01 4.767535634230907204e-01 6.293697632575855350e-01 7.662218590566211018e-01 1.820743351398135257e-02 5.002590494559195911e-01 6.524577183306363715e-01 2.775885475282335868e-02 7.846037998705144290e-01 3.997477905743371807e-01
9.972294788944746635e-02 1.862685869674519656e-01 2.568769291760072404e-01 5.222470753096744023e-01 1.943030968168792949e-01 7.626891774013624392e-01 5.892385246400663190e-01 5.246443933685527305e-01 3.718094777867718692e-01 8.932476319202168336e-01 3.712304794237496486e-01 7.946879881707280546e-03 4.068510065792785291e-02 5.973831754547446193e-01
9.500409064407164816e-01 6.884023603562416938e-01 5.635367313771998399e-01 9.857790935883388173e-01 8.143462928469960005e-01 6.927688473297398675e-01 6.867273443638752806e-01 3.041485336549185625e-01 4.568181053269898539e-01 6.047815174581455677e-01 5.133930078450493761e-01 3.755055717401019066e-01 2.647611986607160128e-01 3.450498265144545940e-01
7.210038500201841893e-01 7.161418242447313842e-01 1.793188291578622362e-01 8.509402239043829530e-01 9.670703979223791436e-01 8.137875303560337947e-01 9.147637863293801574e-01 2.151529465082712145e-01 3.453391429681560432e-01 1.574911965299452543e-02 9.976579630781567953e-02 1.058287524115519851e-01 7.768732852198346750e-01 3.094735347475366938e-01
3.147522532975784992e-01 5.649860289909280908e-01 3.069376788614804896e-01 5.730835437559571588e-01 9.914221409562661291e-01 8.372989426212750219e-01 4.323528291572008575e-01 4.070562645758971643e-01 3.719943746938165763e-01 5.356321995099865285e-01 6.953445800918032216e-01 6.313536094143166189e-01 5.115226897244073978e-02 7.904344919164986161e-01
3.170931566943580027e-02 2.050361161360804152e-01 7.481756900272973354e-02 3.154235734524925006e-01 9.236976774045368987e-01 4.922313348081260864e-01 3.053788653810644016e-01 4.064177345880060077e-01 4.426559190090657570e-01 3.239317638541088229e-01 5.889491032957007155e-01 9.868834305848859234e-01 7.310144172741763757e-01 9.790592439254106605e-01
7.709282784178234094e-01 4.748823360611899025e-01 8.384889333979989035e-01 7.135172815690001835e-01 7.507458720389172946e-01 2.618470858151842329e-01 7.753267814847739636e-01 8.080205902791665062e-01 9.395206338849737548e-01 8.140303901271300768e-01 6.738571082310195193e-01 7.532196616759085916e-01 4.386709785884855828e-01 3.211312000980713899e-01
3.755088879288527304e-01 2.996642406854544971e-01 8.905855741268242642e-01 8.060612827755289089e-01 9.440942472587384726e-01 1.204881466579795779e-01 3.814366479879067739e-01 6.917613334541558023e-01 1.320513179363778100e-01 4.426955217859430691e-01 9.459669366179950245e-01 9.442754259413821405e-01 2.507529851058584169e-01 6.878118570693270151e-02
4.528024963194947627e-01 7.316137769165073079e-01 6.565170585784052548e-02 3.128159617148850158e-01 7.809688278077071555e-01 7.652134297733873547e-01 4.476777866255619021e-01 4.665327092566518008e-01 9.258451776077655238e-01 3.962828161058274956e-01 4.721040930742711472e-01 6.820007398870111537e-01 6.265897211562151403e-01 3.727598265327943805e-01
4.359348353729025627e-01 7.034229370455030717e-01 1.219141736622767480e-01 3.945858606916752276e-01 9.441653231347330033e-01 4.783766491581166180e-01 8.696009850458281676e-01 8.930888291941765367e-01 4.202643342435259388e-01 3.970068767442580526e-01 6.041727934979572723e-01 5.931707769735907743e-01 1.880430888326347638e-01 3.003646570148955641e-01
3.482913232524906810e-01 7.942646053271773532e-01 2.297998821153653948e-01 4.439685362218409592e-01 2.841620288221373691e-01 1.680375191606101604e-01 6.493215740121378587e-01 2.881363800660174945e-01 6.421891923953249037e-02 3.111466509542122338e-01 6.350946588099096735e-01 5.997487124216160925e-01 7.402390519346261355e-01 8.706783213158250101e-01
9.801084300616373923e-01 9.210265565065128834e-01 4.179577952087962789e-01 2.991724222959760704e-01 4.519866631702397219e-01 8.383783273191945939e-01 3.624335870476023125e-01 6.054845790019272034e-01 7.192462452519028382e-01 3.446728135877373811e-01 4.098543199347605137e-01 5.033201530469222362e-02 1.198591963965490725e-01 5.496958055029314005e-01
7.204054011308117511e-01 1.762046796468612619e-01 4.454101771969010137e-01 6.912803140676242464e-01 1.608753550126126308e-01 3.887053705258567415e-01 3.151765890930480207e-01 8.820174867878930458e-01 7.349088302982155207e-01 7.377492490099857303e-02 9.138329050472877579e-01 1.890896507173562835e-01 4.689267152503883151e-01 8.573309291334355597e-01
6.304275183852071640e-01 4.715485278486477583e-01 3.473003811058837931e-01 2.081509648868973272e-01 3.726974836834457960e-01 4.244150314220953568e-01 7.453584353752715774e-01 4.392595627709005024e-01 7.206192143632963454e-01 5.287950013382841652e-01 7.350890250186287167e-01 1.531522635668361998e-01 1.268566157758379553e-01 2.120196069261098826e-01
5.340619840784529559e-01 1.306267172919266528e-01 6.124540593959324486e-01 5.634555767004030269e-01 7.199543937238996882e-01 3.757201894964696809e-01 4.989897229331671236e-01 4.233525384337253339e-01 9.689963214901181621e-01 5.699083335712480380e-01 7.646045069063802657e-01 8.559788539498150994e-01 3.149262459748131127e-01 8.567348056057202399e-01
3.110975370797264272e-02 2.961329602957984974e-02 6.439199913478006465e-01 7.508780102179227756e-01 8.054224049876490543e-02 1.854343728023263305e-01 4.025142562885513087e-01 7.854280395979328366e-01 4.841049662956634636e-01 3.419938030089156866e-01 8.269515890846006467e-01 4.805748713580992870e-02 6.427703343377428880e-01 1.307775414048937268e-01
1.270662698038884653e-01 7.102663560412447730e-01 8.522032545059560205e-01 5.513691223940064834e-02 4.931297371066714064e-01 6.391520899653601040e-01 6.164093665753967999e-01 7.787113860752111760e-01 8.442125568935164859e-01 2.336143681287184970e-01 1.375871287111771757e-01 5.649855891509900641e-01 4.320853264260793303e-01 9.824418548209711277e-01
6.690472100681107426e-01 6.900301800544583752e-02 4.701866145214459447e-01 3.296242606702194378e-01 2.344595259750171801e-01 1.286408057974237629e-01 6.034270939369479336e-02 5.344059859796237433e-01 3.484170574999062575e-01 4.819201767820395776e-01 9.893444481795353740e-01 5.592451974451327912e-01 4.163613152515281968e-01 4.046773255148732318e-01
7.069182603210780735e-01 6.673463973415559858e-01 2.531001894782807238e-01 6.585552520880426641e-01 9.813919546464845434e-01 8.155109847338254392e-01 5.033317531301861880e-02 2.723554904983649383e-01 9.250400758879482321e-01 4.506282919658755048e-02 5.742353199202162584e-01 9.371867751312281669e-01 6.311015988543846600e-01 3.796359633099528619e-01
8.399707828791411757e-01 3.919149497588237940e-01 2.443981489617251812e-01 3.091509699916390463e-01 4.372188891489556806e-01 7.743119974079093470e-01 4.435237544285490774e-01 9.357257958622665628e-01 6.271859571354173601e-01 2.179949356717628683e-01 9.144812347960185051e-01 7.987627635365746048e-02 7.520758303766120756e-01 9.384039128659837914e-01
7.779324542546285359e-01 3.975271925256333994e-01 9.803517977299623931e-01 1.710256999084986962e-01 2.291443529843092408e-01 9.225323230019443210e-01 5.048807759236463300e-01 6.115108309081953575e-01 4.395555517782039345e-01 2.901860005689510524e-01 6.003597981910586689e-01 3.602837132573498691e-01 8.727251371166236948e-01 9.558534656599096957e-01
7.780308070795999287e-01 1.803011383471684326e-01 1.897315826750396450e-01 3.135224236597828895e-01 6.137982678145337267e-02 9.899406787599818180e-03 6.007385383084848929e-01 7.645761376910057416e-01 8.160004223321969397e-01 1.559590561451770219e-01 5.338684266134212653e-01 7.595918761561302190e-01 4.368936398147083011e-01 8.642642905597642811e-01
6.317448007364772078e-01 5.885999780958161010e-01 8.513533346508900257e-01 9.457097662838434005e-01 5.683673642925057834e-02 7.354447568771447230e-01 7.074156356731325923e-01 1.040402665589714726e-01 3.022673654735494875e-01 3.314998781444328246e-01 1.753933603117697748e-01 9.611786742406813744e-03 1.592116632243424368e-01 4.037516353028978155e-01
1.412101137450719746e-01 1.541809475937193641e-01 8.164315029787762024e-01 8.322983727009436450e-02 1.899194564647840311e-01 7.257221366073104418e-01 8.423685592622868201e-01 4.902429132320436089e-01 5.946426679538963089e-01 3.493464891411122153e-01 9.230923275763432967e-01 6.341280668513324947e-01 8.503470888244873960e-01 1.503322223207829156e-01
3.770981986123093099e-01 7.208774975281748709e-01 8.676548491798630192e-01 5.402470939945296369e-01 5.615726862261444241e-01 3.587410292302045667e-01 8.343928027999237829e-01 9.423928297220407480e-01 8.405954461590959825e-01 2.439777561302558517e-01 3.437872074319647808e-01 1.989046118141518660e-01 9.073394832327830173e-03 4.656045478302089924e-01
7.192680811613061387e-02 3.896248758796354572e-01 9.823153134352421434e-01 7.401436712656587202e-01 9.127779479145462505e-01 8.112536822486897670e-01 1.439540968630934614e-01 5.214861815709204151e-01 8.809446021095344026e-01 3.525861733375290630e-01 8.300127078901826660e-01 3.559741760365089380e-01 8.803552364751041637e-01 8.418986180270996433e-01
1.064733561139191709e-01 4.265778572896193888e-01 5.089905341802436478e-02 1.225055919891073763e-01 5.554579395695008470e-01 4.113196096559349479e-01 3.532659936104829423e-01 8.777126444687644025e-01 2.497503409173790212e-01 5.261885298893310692e-01 7.749183163500298344e-01 6.283501403629254689e-01 6.607922317244426802e-01 4.465096583200134361e-01
8.199983475532752752e-01 7.534265201596581640e-01 2.525773043417697261e-01 5.747886280371300449e-01 9.761060609674907518e-01 7.668587856352472309e-01 5.726750772624847885e-01 6.398554595692076408e-01 6.810625391622296965e-01 9.531426792000385895e-02 7.793360847772574651e-01 3.522036730075950306e-02 6.058392047211758058e-02 7.921653054023370943e-01
8.070993614352963696e-01 1.488626131488964832e-01 9.896972215647517057e-01 8.271815745812591825e-01 8.059510548850742362e-01 9.032883357354356546e-01 5.935368219545239521e-01 3.287803735576090292e-01 2.417259357660389574e-01 1.014325212328165415e-01 1.729302693115976064e-01 3.263323318249310434e-01 2.762526892837494641e-01 9.678448013954314977e-01
4.373527492033792985e-01 1.314909896120607380e-01 2.110174750515984021e-01 8.173235607460150876e-01 5.315980666671794586e-01 7.935349136033705841e-01 9.809482658541441857e-01 3.027719592096915768e-01 7.424063922171244556e-01 4.690354233340464640e-01 4.991644622910144102e-01 8.536792858378557947e-01 5.837164834838092231e-01 4.260101756050933552e-01
1.140935924920010169e-01 3.502718715986379294e-01 6.346346941334906067e-01 3.790012547340644300e-01 9.199638076390167507e-01 5.517199956557979901e-01 6.501946391594549679e-01 6.642476759109861018e-01 7.726268814821026787e-01 5.531180474445118733e-03 4.659702501645779371e-01 7.844792444626791372e-01 6.136094486916967572e-01 6.349921347744161837e-01
2.891503068385125053e-01 9.595403188147987317e-01 3.317661596436842775e-01 8.813399940801547316e-01 9.107931371931861086e-01 9.970324087938668978e-01 3.834710821386576596e-01 1.325198911570811822e-01 3.202618188190800019e-01 8.545258302965085262e-01 6.093869610232185430e-01 6.828106963231805882e-01 6.632548016065729080e-01 9.333256081889035327e-01
4.773960782829010929e-01 5.515415243652495025e-01 8.330645117801533939e-01 1.264799134258540736e-01 3.149507989466833191e-01 4.151048405493712457e-01 9.675082548486970691e-01 9.390235909262530933e-01 1.976460040140382013e-02 7.776564408676173157e-01 4.798458973677963701e-01 2.798730126780624161e-01 5.871427308081051955e-01 9.437331911113461258e-01
5.159924123895522907e-01 4.265258463696341984e-01 3.140170985141979010e-01 9.696982573247796555e-01 1.368803472993539438e-01 3.910759617414705236e-02 2.801532244199518296e-01 6.955160917794767084e-01 7.544611751159346902e-02 6.061708794006764878e-01 5.215687699409274902e-01 9.404451414653463015e-01 8.107362382999284689e-01 2.201332690004420556e-02
7.939496839998195776e-01 4.098989968731939770e-01 9.512572845869102789e-01 4.960538394151489117e-01 4.452508656268562293e-01 2.082617497934999840e-01 4.892726411279251231e-01 5.440512643915783597e-01 1.861822830152821684e-01 7.165145015097906800e-03 2.905122788655229993e-01 1.680372519331357895e-01 9.285136707281506085e-01 2.841823609014426655e-02
8.107233734200453013e-01 7.843571190088248768e-01 9.556184851961132543e-01 8.456412041660833490e-01 6.187866368151774266e-01 1.654799907229831391e-03 1.645597085599480591e-01 6.706147982045013167e-01 3.549912142759559242e-01 9.426973599833224915e-01 5.431583948566244269e-01 4.902426729044176978e-01 4.097399276401313406e-01 6.891902388139268254e-01
4.979424283497305703e-01 6.969813006650280585e-01 7.505878550533602311e-01 5.953605879769069409e-01 4.112742309048734723e-01 6.370378334547023291e-01 2.708472990121860713e-01 7.726781722290371190e-01 8.243831492810211881e-01 6.215150382392431450e-01 2.804641293385512490e-02 3.249932953823229109e-01 5.360070361283399976e-01 8.992028901263767748e-01
6.810696539604536026e-01 3.722929604581890484e-01 1.990845982857006868e-01 6.816769265755832086e-01 4.220933649568360257e-01 7.545686654314516240e-01 3.814381226660366053e-01 1.071561224602568529e-02 5.820087555278665725e-01 2.469274358099525779e-01 9.509965065691589059e-01 8.480365754210671403e-01 1.049021308196944613e-01 5.723835734644555640e-02
8.516451333148056246e-01 8.445892355154878128e-01 3.073205968025393142e-01 4.687991040379713148e-01 1.936209571551497088e-01 4.739687349387632365e-01 9.037457023926194211e-01 3.287592085517255791e-01 8.882795507186913575e-01 4.161228120204433223e-01 1.223575168004021885e-01 5.372867961303766648e-01 9.162702689700721326e-01 3.212558157804001890e-02
4.437164268347358886e-01 8.364069881748638080e-01 3.509413222001873667e-01 5.264183225509161401e-01 1.396812069856857574e-01 2.514840959715101132e-01 7.535503293333168928e-01 9.361249663716886271e-01 3.007422905070061825e-01 8.815977058002741895e-01 4.866600612785451085e-01 3.061028650901987946e-01 5.587756615349349643e-01 9.049497610757333277e-01
7.287202534273367061e-01 6.304132406745877049e-01 8.504052851707410987e-02 2.592621185695475061e-01 9.826792654142326722e-01 3.976395094251521378e-01 5.232844443587895134e-01 8.286929728137517603e-01 3.457211952172403180e-01 7.214910269448647773e-01 7.272362703560315556e-01 2.704887617201985339e-01 6.916676105453938295e-01 9.099039969614119983e-02
5.671534760568419653e-02 7.045754378562624209e-01 9.758801670519928750e-01 3.007968660304871644e-02 4.512572753455530439e-01 5.246636701742419806e-01 1.748411876750592953e-01 6.924583526240574161e-01 4.486176785462488992e-01 4.283795538804135994e-02 7.452902451999495748e-01 5.028368679781909378e-01 5.617811642778213210e-01 4.613390815328007877e-01
9.766922995568180221e-01 6.848419163718162395e-01 7.372160669094085517e-02 7.748699785511552474e-01 2.075167180049308779e-01 9.735288035768188131e-01 7.949899760281823324e-01 6.009428904900215862e-02 8.065145692612695205e-01 9.178513157297389924e-01 9.047457644189242920e-01 6.729075838049435321e-01 2.420464836972301415e-01 5.067309154683953265e-01
8.894767390814302122e-01 5.673533949342620675e-01 4.115893687992713268e-01 9.628963599236244342e-01 9.471403460221243797e-01 7.190644948506552669e-02 9.240371467052944654e-01 7.323473094094496982e-01 3.006875581905926742e-01 4.104847869343096756e-01 9.775167855248941828e-01 5.390733209915898883e-03 6.101271714316377492e-01 5.043955865528303439e-01
7.507398893130486917e-01 6.802108879068575753e-01 7.618499091185227945e-01 6.583706014508352578e-01 5.534366224950447721e-01 5.212368435979470860e-01 7.028297072937650380e-02 4.796979214101121380e-01 7.383609129923102143e-01 4.240881857763056928e-01 8.979513542644370627e-01 4.058366407110638452e-01 9.628793112831623979e-02 3.666449439880451466e-01
4.339240942812361279e-02 2.364459141649176699e-01 1.033390788466066468e-01 6.226761284292102738e-01 5.210813644678929935e-01 9.985262845366524864e-01 6.194038199112457121e-01 4.202604550415703910e-01 2.826143934709756111e-01 4.768467804056033543e-01 6.379771590540898041e-01 3.743379040913398237e-01 6.525789626939636490e-01 3.438670100805388818e-01
4.357240119805235734e-01 5.368029700145737770e-02 8.950819287264898394e-01 1.423129588936524748e-01 7.857702586510318943e-01 4.481066524159540432e-01 9.678618648870431773e-01 6.397867015293700055e-01 5.176805777725246305e-02 3.077764756923955236e-01 5.283965410072389846e-01 7.012189997403007746e-01 6.883014528844821900e-01 4.367146353627375799e-01
6.386924645859912708e-01 6.011154728605205833e-02 1.525091322347102984e-01 9.191367722627431514e-01 7.152197631620927920e-01 6.620078596848335550e-01 2.024089048140753633e-01 8.177938871773482443e-02 9.971621790615844416e-01 9.884334652498683038e-01 9.373729641491815867e-01 8.825642760581746682e-01 1.817828188223220565e-01 2.597778394702584537e-01
8.238475758971401941e-01 4.752729981178527296e-01 8.566156558105385566e-01 8.001649507763397562e-01 5.734634067252110112e-01 1.761945107767385332e-01 4.690951640257539079e-01 4.429150253681848337e-01 5.154116641781835151e-01 1.964444722630410700e-01 6.275628970510802596e-01 4.277990827127816642e-01 8.127498628434166594e-01 4.564668591738543224e-01
9.047471946711393986e-01 2.235607194666069386e-01 3.693393974283755155e-01 6.237879249237515689e-01 6.631006808863106894e-01 1.727827000955487469e-01 2.612121087540586473e-02 8.839132377453656764e-01 4.526817233296868137e-01 7.766944625475019626e-01 3.084773250261418909e-01 7.205278457288730731e-01 2.783972184329672750e-01 3.685836782894558183e-01
8.687463513777975432e-01 3.059826841361678040e-01 4.149393651981014841e-01 9.214228240511955770e-01 9.639138360292357488e-01 3.235018918804749566e-01 3.275680605604066598e-01 9.189933709080214674e-01 3.105441283942591557e-01 2.802387441982543415e-01 9.678900013268357805e-01 5.726766521777104657e-02 7.024524960196962819e-01 6.717156647440312156e-01
6.517572994908205075e-01 3.425581594759297133e-02 9.852007473470422161e-01 9.358581180980508618e-01 4.438107542805684869e-01 8.387873688534739358e-01 5.412645711130330550e-01 7.569429966842312618e-01 2.367215685648709211e-01 8.208719632142819078e-01 8.228483492475258121e-02 3.732948208719371053e-01 2.979579370719277476e-01 8.485735675400956080e-01
7.259285487769130407e-01 5.536466532405027730e-01 5.251665554058798646e-01 2.252547979857543181e-01 4.176203250679826340e-01 7.483334717974324812e-01 6.606673675197182183e-01 5.040292681402374075e-01 9.455525105985925771e-01 9.820655867062340061e-01 1.806443167747574519e-01 2.488264987018641294e-01 1.726372196036896067e-01 6.999618572432010355e-01
8.194026416948677616e-01 1.822844805487406905e-01 9.601302174943202594e-01 3.665924811206200395e-03 4.222852271749872877e-01 2.238865548643341752e-01 9.506480544809251532e-01 7.928265145355255505e-01 4.036360896169222112e-01 9.658579321224260994e-01 8.728079291389366778e-01 1.575907649725263315e-01 6.758301500680485852e-01 8.816907389023354025e-02
4.805924666603315076e-01 2.625510056222609689e-01 9.493485827311117786e-01 5.484951005641680588e-02 3.695784621311015705e-01 9.440774548551313927e-01 6.444000020503900528e-01 1.419647547301230439e-01 8.126123582167630310e-01 2.322673753352920700e-01 4.515063313292831948e-01 6.645460846525849119e-01 8.951648044001560001e-01 6.352176186313930328e-01
7.646215550745112388e-01 5.093010799455964799e-01 3.940717011312170337e-01 8.016611856815247794e-01 6.355560434140641313e-01 3.210759294995609858e-01 8.804038560618879794e-01 1.478335623912829799e-01 6.030561118925530373e-01 3.127026360457862975e-02 2.926966761965724695e-01 8.420416093943268177e-01 4.559742323611137849e-01 4.334673123972776487e-02
1.430266387423151375e-02 1.601169072504209367e-01 4.634545396481039026e-01 2.785351256710255630e-01 7.899953733848640303e-01 7.368018786702944523e-01 7.607362279264895388e-01 7.265087578664208845e-02 6.803966357235580187e-01 3.621227664946184976e-01 2.568675839633627334e-02 8.562702205137259215e-01 8.764442963820756605e-01 2.393197445790354871e-01
9.291818163298389832e-01 4.941086767534508262e-01 4.299852593106912035e-01 7.499041811248398082e-01 5.481463636322794208e-01 6.415583404938475232e-01 7.167386031919424916e-01 6.153443690760873608e-02 2.831212341730915405e-01 5.649291162642641195e-01 9.045440820037209395e-01 6.918015546066379473e-01 7.636233497811948379e-01 6.303210201560649484e-02
2.539233292401193998e-01 1.258648084983390314e-01 6.389526738122183191e-01 3.723414985585297154e-01 2.319486381331659075e-02 7.011931969923770325e-01 3.466020254649677668e-01 4.432069619943135308e-01 3.453809667365581593e-01 4.332151902696175227e-01 7.286568883570155863e-01 8.452878343910172898e-01 4.975810531967275185e-01 4.701035163399691630e-01
5.055471432059521764e-02 8.619313847440923659e-02 1.366053042500124937e-01 8.560895106330905779e-01 1.936564592508567273e-01 9.454090591693241619e-01 1.190672088362146885e-01 3.153616637829004254e-01 3.690088534007407439e-01 9.636154184068492778e-01 5.665736689047212726e-01 3.665055145023333738e-01 2.025520826426783216e-01 4.088548419346381690e-01
4.920640069896753399e-01 3.133159831789512628e-01 5.569378475154072028e-01 7.325999037092560950e-01 9.889835984573643879e-01 8.012881371744472458e-01 1.868234348403631229e-01 4.345503292451857735e-01 4.037998925649178839e-01 8.915567557879894300e-01 2.229578247658259293e-02 8.277184558035333151e-01 8.411591028794239699e-01 8.734054069238860185e-01
7.288426621290973184e-01 2.827548891388912411e-01 1.808583899405835638e-01 9.573672568015701989e-01 1.999552858112044751e-01 9.816251692024990927e-02 3.390166534202576631e-01 6.095184322325836179e-01 6.509507779741270372e-01 1.841434856873958026e-01 8.035089526815935024e-01 7.639451052909577156e-01 5.347697872864849433e-01 3.344677633082704382e-01
9.044154847241234751e-01 1.524792486708475003e-01 9.129680015351776534e-01 6.244514543124906059e-01 6.974247954495526036e-01 4.269373059479375510e-01 5.456357838369733093e-01 8.724450120697769817e-01 6.505196551734028221e-01 7.831920327606499699e-01 3.879762427951936044e-01 3.918321763498023858e-01 2.315091038717983496e-01 6.560816678185910078e-02
1.760660555946383932e-01 4.526998069852101736e-01 4.713263203539372892e-01 8.243070318015631726e-01 2.372053666193069121e-01 7.219911601253026223e-02 6.930692376270664035e-01 9.170977202740863143e-01 6.507553974700414079e-01 4.376897022848087460e-01 4.019716937869362017e-01 9.227482843108301136e-01 5.573574846483987377e-01 2.058140244820160225e-01
8.541691429793282220e-01 7.098941892413868082e-02 2.503161609303776736e-01 6.772799462520483482e-01 9.316931666772224618e-01 9.456323847008372141e-01 9.431301393340485451e-02 9.033748281856458506e-01 3.731091617016969453e-01 4.643223167581175259e-01 6.198701672637548787e-01 5.427379243748553517e-01 2.480697404214238233e-02 6.859844470213605216e-02
2.097751896424282503e-01 8.263209380117012559e-01 4.011337569679956916e-01 2.015106802137653919e-01 7.918024436550518130e-01 4.803842095125065992e-02 4.346099496429741693e-01 4.101834701224617019e-01 4.412910277932674541e-01 2.316386735075071091e-01 4.439895370506327099e-01 7.219376630855113275e-01 6.429494889884512787e-02 9.448987847833169029e-01
5.279776170150678460e-01 3.588448361578765455e-01 6.638110491631754595e-02 9.968109131231049913e-01 2.676701677290208581e-01 1.754270499504662073e-02 7.253846490808557590e-02 1.433745396873500333e-01 1.971292845606690269e-01 7.853005669869668193e-01 7.144113871474887523e-01 8.130799092873181033e-01 4.649576234199623848e-01 5.665039962688300790e-03
