3.340444209986628277e-01 5.334453276386545983e-01 6.833150287294753600e-01 6.306612978137496883e-01 5.882838621123445133e-01 5.371742334570953625e-01 4.042635253807220774e-01 7.556160118566331851e-01 5.134821429194164066e-01 1.099748548363177481e-01 6.163091744163655683e-01 6.201434563702187264e-01 5.173330272546895481e-01 4.374571699819803650e-01
7.822468961367695650e-01 4.140434228035033692e-01 8.233066152917702940e-01 4.686509163470784500e-01 3.235606729918827362e-02 6.059409632262979795e-01 7.891354352971465813e-01 4.570536999691680036e-01 7.864015121998220170e-01 4.696219808040951182e-01 3.347571073180314327e-01 6.709716672553578398e-02 9.390420038313185280e-01 6.363738553970066381e-01
7.292512181691529483e-01 5.481435160944204688e-01 4.957072795461812120e-01 6.312653984145764063e-01 9.487202028601537940e-02 5.881580538322487284e-01 5.697810346019963612e-01 1.332221818939699487e-01 4.136778907276515982e-01 6.700065812188195080e-01 7.881485561732184397e-01 7.536740744518201085e-01 2.456959035393447843e-01 3.246704574717167446e-01
4.459020061480687414e-01 5.028423464665177089e-02 9.000188085708193952e-01 8.167400007466569800e-01 1.467256634837718066e-01 1.518408812480381842e-01 6.370982533400606496e-01 6.892766934522052136e-01 9.442627543175763360e-02 4.475417306946064544e-01 2.072392625121712850e-01 7.168782919686218502e-01 4.583368029780499064e-01 8.678538525544673421e-01
1.976675907910951935e-01 2.647124213778724311e-01 5.816372341976895344e-01 9.542348002506232385e-01 3.999246274256443856e-01 2.830593102855187837e-01 9.356289129569975715e-01 5.937507866171147786e-01 6.714275960107054519e-01 3.900000345642028465e-01 9.079174976639042827e-01 1.923007580885846002e-01 5.250197408002870159e-01 1.459572720689428227e-01
8.853484944580162219e-01 4.433716573207511225e-01 5.203989150608530068e-01 8.605450640051720557e-01 1.829070178396435820e-01 9.742153244856782690e-01 6.973496402301160302e-01 4.029941790017044223e-02 6.374282403347069081e-01 3.115524288918365414e-01 4.333219902031295589e-01 2.124339164327776475e-01 6.113581308648798895e-01 3.258041379464423626e-01
5.339449386694222754e-01 1.266620094754896675e-01 7.922638694785989477e-01 6.613927329263494803e-01 1.813057252747458659e-01 3.580861573855597113e-01 3.969460798904336229e-01 3.095618903943978539e-01 2.388150007518465845e-01 3.248677024787319789e-01 4.227391707112935215e-01 1.308328876518249917e-02 7.732913380918405855e-01 3.748967531372972006e-01
6.203585410476966100e-01 4.967165127192485485e-01 5.821724411831467050e-01 3.533533045796900529e-01 9.819014523665514638e-03 2.267541375387207570e-01 5.893176067497374326e-01 3.178426535002829567e-01 2.005803236243501875e-01 8.241047211435781339e-01 5.778717977178184917e-01 3.545706138999915602e-02 7.878286499871628434e-01 9.482546515061375247e-01
5.555968963156305840e-01 9.172576107914958143e-01 5.474543116769622353e-01 4.992262357604030365e-01 4.279050348238832013e-01 9.253711725101110286e-01 2.242366444421772798e-03 1.899713547565462513e-03 9.491714867265965694e-02 6.417045919009028987e-01 9.121493201097278236e-01 7.080978992452762188e-01 9.006128923857581459e-02 3.349185885254458706e-01
8.988230783544211011e-01 4.497654564597451943e-01 8.178409908352216595e-01 5.585804951180068922e-01 5.683073151702788817e-01 8.120804981281278812e-01 5.884805921310654053e-02 6.905679484925680844e-01 7.324842305076724180e-01 3.788194667928633796e-01 6.749137137112525275e-01 1.024495300524291830e-01 3.555217318377978941e-02 1.614746252524168479e-02
3.882307183939074369e-01 2.709424594756643101e-01 2.245881237438497324e-01 7.000637187109332027e-01 2.029010138453828382e-01 1.903790798687897690e-01 4.449607027106382562e-01 8.095494740629193275e-01 9.766079722583388412e-01 4.994782904106793708e-01 1.854979752758204592e-01 4.788179432163496285e-01 1.008625624384300590e-01 9.613965766753346243e-01
1.215655364184350384e-01 2.979010133344996980e-01 4.439452139373978312e-02 4.158277606910243396e-01 1.145691760615582533e-01 8.209088301986633418e-03 4.775653579055026965e-01 2.278449167559627453e-01 4.219988510354816258e-01 3.731661026640215040e-01 1.855779220372020255e-01 9.211886819878023491e-01 9.415980624956328260e-01 7.910991889277975142e-01
9.857501211885679737e-01 6.140629985585466244e-02 7.855487930377511585e-01 8.154122910450425366e-01 5.963868146219053479e-02 8.434317476290948967e-01 5.954876579874962550e-01 8.351056965730840886e-01 8.588680629973497460e-01 3.193589306387525362e-01 5.880846343344736660e-02 3.412517615412860028e-01 5.619664494941734034e-01 2.487590074503998050e-02
2.057474304018911404e-01 1.269927395496095457e-01 6.309281324341141639e-01 7.246131348231770186e-01 7.605827539560616746e-02 5.246860239994304287e-01 8.665994034544294289e-01 3.328442407033327388e-02 9.285793924547390832e-01 2.128958632798794159e-01 3.759024048563882614e-01 2.896544154619158373e-01 7.497903310157476575e-01 8.892028352132025359e-01
8.224079559066501677e-01 2.819697910197452861e-01 1.489589175213485994e-01 2.759530498275474253e-01 9.367838200806880566e-01 4.148692753141998146e-01 8.666388460131668747e-01 8.890685711307207972e-01 2.026432059112092121e-01 3.147615035190777233e-01 6.720778368625943688e-01 4.940829072813605061e-01 3.691634984473378678e-01 3.340163027404656759e-01
7.784491679757976623e-01 6.527160299707707170e-01 6.623066540690272230e-01 6.878070425516535913e-02 8.146178570995653567e-01 9.080553697846314165e-01 3.290526831574486222e-01 2.209460932264848410e-01 5.113515096932936821e-01 1.830371442106273339e-01 4.396252184981463973e-01 9.011011376677646734e-02 8.429761032444548219e-01 9.322445993665713360e-01
2.174156678153560396e-01 5.927156101103456809e-01 3.617717252240604253e-01 2.116778110018521231e-01 8.977558379285165424e-01 5.200577652974592846e-01 1.677981153478438348e-01 6.170640578685392397e-01 8.731045001620367785e-01 8.579598525459423142e-01 3.638391480549642010e-01 7.923937639265810073e-02 2.671563662362514968e-01 9.887329481167133061e-01
2.421457424500933486e-01 4.960612268381512369e-01 5.518797065882672381e-01 9.781530992260119017e-01 8.291238795771007641e-01 6.646490519699448374e-01 1.735260826563115311e-01 9.203045332158902303e-01 2.011140620897131637e-01 7.799998574628931314e-01 9.507541769488218053e-01 9.932899953001621540e-01 5.566798565426943624e-01 5.619807768786263535e-01
9.045701445854659184e-01 1.214084145314995311e-01 4.054288551079177072e-01 1.140073647128762024e-01 7.339800887301631827e-01 6.048268419659719175e-01 5.083162791753232934e-01 5.506351658620453060e-01 8.497469530613288580e-01 5.082038619671089830e-01 8.980495398962363707e-01 7.279046059998852680e-01 9.350550491121147889e-01 8.339060567913059163e-02
2.713419615449549349e-01 9.937589467969448753e-01 8.453957580945339334e-01 1.483735057036407179e-01 4.588256812006784591e-01 1.035881500905889707e-01 8.168406269857421131e-01 1.149928035286824635e-01 3.680274805712659969e-01 5.081797427405925216e-01 4.649598416459425065e-01 1.612903546186927883e-03 8.290419099003129011e-01 7.086358614405940948e-01
9.005411689690282495e-01 6.946038649865230452e-01 3.552159670773002986e-02 1.664492176267943213e-01 5.930150298144338805e-01 3.711183339753468813e-01 4.813203896762644485e-01 5.882389248774617663e-01 8.797673711133982000e-01 4.661303365960697276e-01 9.531184215796808523e-01 8.862444606894802623e-01 3.218522121160047877e-01 7.104232646813894991e-01
3.057392226704405136e-01 5.757531608844299598e-01 8.613916135492442061e-01 9.266368601304343366e-01 6.851489339650329580e-02 8.511950418903394544e-01 1.262876235407945913e-01 1.283778124251829800e-01 8.201133335760458776e-01 4.806933336630917486e-01 4.023566638260567263e-02 3.348568623706738023e-01 2.440361559957395787e-01 2.227279728157252059e-01
6.765425423027310314e-01 2.467365154464096211e-01 9.676045929615995078e-01 7.473169707390290295e-01 3.296084544200705846e-02 8.397646369661472265e-01 8.838301230463960767e-01 9.886289356370514536e-01 7.664375067335122971e-01 5.011670566169499352e-01 6.958689411744082287e-01 1.563660859185767027e-01 7.541253455655571036e-01 7.257326990780689213e-01
6.079174919290551982e-01 3.532336717589106279e-01 8.350007431151875714e-01 8.658736040056134176e-01 1.330175935943698207e-01 5.096634931434342874e-01 6.804464257417789375e-01 8.824821844003575277e-01 6.188591164000112332e-02 2.109156761978044914e-01 4.006400658265185655e-02 3.000746107209140145e-02 7.920599210296556114e-01 9.886735218157526317e-01
4.873116877362750898e-01 6.073698701409553369e-01 1.733145368435845546e-01 5.678319816868743208e-01 6.168076619219030610e-01 7.362689978587322326e-02 4.485075672612980346e-01 5.680640526110326549e-01 9.126504716210344093e-01 6.380452466803299139e-01 7.036998168615138383e-01 3.566302075833368557e-01 2.511515185992166943e-01 6.660606164856986977e-01
8.359011635314869126e-01 9.191996027671491820e-01 8.711974360453548227e-01 5.484772950235272670e-02 3.355362209504940685e-01 1.678847389000125423e-01 7.508902847624749910e-01 3.725289478756421691e-01 3.686960138958811362e-01 4.057109879759155380e-01 6.627517053047481399e-01 4.838884013276428808e-01 1.231935796287696450e-01 6.139313730844002670e-01
8.281475116927667912e-01 5.320477628531401493e-01 1.328510820854988950e-02 4.279432575429766850e-01 6.790025892825966025e-01 7.359444189762376354e-02 8.902524990560889417e-01 8.595171454665687660e-01 6.347150217538461980e-01 8.970707937092757822e-01 7.697588754163141589e-01 4.824177751548142101e-01 4.553430404450192759e-01 8.132375429447588067e-01
2.976403112675117812e-01 9.413562279811893418e-02 9.314270270908989735e-01 1.783341942188174656e-01 7.029832211354133387e-01 9.449303157457761282e-01 6.890058960142491085e-01 7.165330989253694272e-01 5.209153637099297462e-01 6.910952603219083779e-01 7.276567760798559048e-01 9.987406004345268373e-01 4.390950418686427881e-01 5.410969304520756307e-01
3.484063485623010159e-01 1.307950507980190080e-01 2.542108167221370785e-01 1.398083720007662345e-01 7.811594061242550513e-01 2.714677769833517829e-02 1.845859284606984341e-01 9.953129616980169736e-01 5.348500611289516149e-01 7.077097458592374046e-01 5.733105996946136207e-01 3.313914240847654069e-01 6.440743814992834215e-01 5.194994471603670005e-01
7.008702659952994463e-01 9.503844102003140559e-01 8.299533769637609248e-01 1.177099622041296589e-01 4.006280676164556409e-01 1.715243903012145799e-01 8.004422351822864101e-01 7.568566322697251048e-01 5.461760873690181262e-01 7.516983137506580981e-01 9.689546453155106764e-02 7.175158540364031667e-01 8.784045515854308483e-01 8.636737732162810266e-01
5.471060973590644583e-01 5.052763535446735954e-02 4.226378479526151644e-01 9.573783044434547307e-02 3.525735269375656067e-01 7.959113148422045647e-01 6.646549436834015001e-02 2.829974430004787989e-01 4.611644149888161071e-01 6.656276021835760837e-02 4.433231786683782261e-01 1.713718252277829368e-01 1.980258885956898141e-02 4.447076727344904112e-01
5.769247532829853142e-01 2.367591936407953401e-01 3.353267132856582178e-01 3.586962160570208447e-01 1.612500833940435641e-01 4.897902628326125107e-01 1.004435954406789344e-01 1.676239211029992848e-01 9.042643654879342074e-01 1.122539800745597782e-01 8.091399408631911871e-01 4.583979937107451885e-02 4.543712384341201949e-01 6.020280703426066360e-01
9.747035143743946195e-01 6.293833397346174641e-01 6.867496844204765694e-01 9.053433852652904568e-01 5.545169978768177410e-01 4.700220763808233837e-01 9.120493756679091124e-01 6.746754947181679007e-01 3.084785405152326021e-01 7.241216718324078316e-01 3.280373473031510390e-01 6.702442013505789387e-01 5.634257922905585581e-01 1.753300083382947072e-01
5.990255406083054845e-01 9.262274367032891087e-01 1.921241239652975441e-01 6.118110278125272750e-01 4.623450970471754129e-02 4.337251097425696145e-01 3.825017704589910306e-01 3.215388755772236040e-01 9.712194193552132759e-01 5.532276868648903223e-01 1.604923407074755337e-01 2.574282846777321554e-01 1.768257883503310257e-02 4.960897626086879786e-01
8.835391496947367918e-01 9.327856147638254880e-01 5.042320596328782045e-01 4.572848833339404617e-01 2.744369628643530401e-01 6.473512483807237761e-01 8.022365413247013466e-01 2.572588720346834501e-01 8.115574757226462488e-01 2.397812938943533201e-02 4.785300683209285921e-01 8.301489827691516110e-01 8.061245544961428422e-01 3.088111541129461290e-01
4.670513743069656387e-01 7.858115992516886417e-01 7.943343856029938532e-02 1.908984228530282712e-01 7.191076250172268036e-02 2.475852917245497942e-01 6.932908630598659805e-01 2.297564170242124559e-01 2.973424953498721157e-01 3.327210569257134098e-01 1.637533651043452387e-01 8.966207424416300364e-01 6.207121646411101201e-01 2.528137858479647671e-01
5.631812660562955930e-01 2.939294482185061952e-02 3.696373259940231026e-01 2.557222872503550626e-01 6.901020759191922593e-01 4.407410402898407353e-01 6.864679881995729982e-01 8.354062125805640227e-01 4.595060599396221246e-01 1.049486662523249070e-01 1.001718966870036587e-01 9.017688393881551079e-02 5.781852564017235796e-01 6.469936644703850881e-01
9.524298560580980455e-01 3.776493801310235598e-01 8.363943620623252029e-01 3.534052460631661452e-01 5.633189201363534293e-01 6.909733458334808009e-01 2.141952330553219541e-01 2.434262542572966925e-01 4.694258264107505907e-01 1.112073990096134057e-01 2.110674441166398019e-01 3.344255955603218089e-01 8.291785582588284687e-01 7.762791246742544171e-01
5.054472579289078782e-01 5.625890095276657732e-01 2.316404599427013267e-02 3.470376676768582858e-02 1.987119062137477910e-01 7.009829217292352643e-01 9.027563402346336918e-01 4.899461870045050960e-01 5.012537708770262723e-01 3.057106591127122242e-01 4.349541874148757925e-01 6.461107682420026421e-01 5.682140591955420206e-02 9.066634810539783151e-01
7.344164390764240657e-03 2.523984511825336785e-01 5.507788929825104818e-01 1.864612315629821104e-02 7.488732848625258010e-01 4.032117493356279780e-01 5.713240040571543332e-02 5.502459845540355055e-01 9.279384160892422129e-01 3.382457168605244036e-01 6.170600242523607282e-01 6.841744736431233376e-01 8.795072500800340531e-01 1.529348528750954506e-01
6.375192796810863483e-01 2.476581187600065403e-01 2.698218002055958742e-01 6.392248393965006548e-01 9.150419435561567560e-01 2.646573562855361050e-01 8.799582672993158106e-01 5.249331109500622317e-01 5.316114733545037607e-01 6.262844435042285163e-01 5.813892914888996177e-02 9.957836791354433004e-01 9.506561534936606161e-01 6.801923305363043459e-01
8.035342338689090980e-01 7.105682339406451664e-01 2.716993324175903668e-01 9.938619337065306425e-01 5.440802091325905865e-01 3.381280802080259829e-01 2.441014057366408530e-03 9.509150930685278391e-01 8.488761634260075795e-01 6.723808275369702603e-01 3.206615629552064251e-01 7.363989140612724471e-01 5.214353300986469542e-01 3.474286307368990023e-01
8.488946787679959582e-01 8.567290621574866760e-01 2.225141382736920415e-01 6.884339270658712540e-01 8.273453535085825150e-01 2.518701617260578063e-01 8.536390715093979953e-01 5.935751954431178756e-02 9.741087372992318638e-02 2.884213143938736401e-01 1.744318425149047336e-01 1.055591425628662483e-01 1.528923307081779814e-01 2.472153120405370386e-01
9.682229275004702318e-01 5.483365338861857508e-01 6.725793751653136310e-01 5.189519232159909290e-01 1.926521351095464851e-01 1.385000126814924792e-01 6.315476780164146486e-01 8.707992499179048052e-01 1.847645977130968342e-01 6.519106999638272226e-01 3.818006034493429679e-01 5.591596672187414407e-01 9.361809209718670033e-01 3.888882487170136626e-01
2.683990991445370788e-01 3.914110283578546845e-01 4.447112117622289418e-01 8.041175922146509558e-01 1.995149525897210729e-02 6.442792487772549537e-01 2.198329586549413461e-01 8.275137215908983102e-01 9.608354108355818823e-01 4.261733472416830981e-01 9.367916803366478362e-01 7.350089816621536709e-01 5.153271383329121047e-01 2.015374059295379494e-01
7.340683378243036961e-01 1.461837795055598299e-01 9.184949053073615532e-01 9.915871224552268437e-01 2.109412291459157318e-01 8.797485832639209136e-01 8.268549753195388874e-01 3.708025405250459094e-02 9.033779592268301739e-01 7.290436218047421368e-01 5.175932430679264229e-02 9.295075489845672223e-02 6.003750324867451749e-01 8.143615132273477331e-01
4.117531667440567089e-01 7.181157564314363251e-01 4.533786669910401246e-01 8.340045250545768951e-02 6.666343216688250806e-01 9.355929722347591238e-01 6.495890099225024583e-01 3.518184289332195736e-01 3.188539147815938612e-02 5.042609174940374528e-01 3.716534521599929031e-01 9.644895719555570679e-01 1.494748614393317521e-01 8.933415769371584325e-01
5.488396524772053420e-01 2.613520046657653584e-01 9.891282380398668250e-01 3.323162505594828842e-01 6.874023038026914056e-01 7.451077736656828154e-01 5.857290633856515605e-02 7.719958874256183101e-02 7.556545442023285819e-01 4.028055733821982454e-01 9.888369234746463565e-01 6.190404580116373179e-01 7.363936539606006360e-01 1.772241454189431575e-01
8.101809850977026439e-01 7.713665441922668009e-02 8.609783351208541990e-01 6.737873698145524504e-01 3.631208354334886090e-01 2.288722820995860996e-01 2.550621526529457395e-01 3.642804727201616188e-01 3.560321438488101009e-02 2.244909197154699720e-01 7.842929349766492031e-01 3.732441273254869518e-01 1.433842406307840323e-01 7.725477867673078425e-01
8.489962366592926912e-01 3.626129279370664538e-01 2.958404440515122191e-01 4.097033361975022103e-01 2.373144577450707615e-01 6.796657545510641496e-01 7.786396430607306351e-01 9.855150339550665661e-01 7.101739010632790450e-02 2.864967193220707697e-01 5.468877065563870765e-01 4.260532977828375145e-01 2.874019347373503175e-01 9.431397243811222575e-01
8.534009562552162809e-01 6.851683279623447254e-01 2.789842814863671139e-01 4.409052467553785659e-01 9.449733492003697943e-01 6.531598798710985809e-01 3.339373443808421049e-01 1.063596802213813142e-01 5.914148931259043396e-01 4.745381765181585498e-01 4.503631133572869594e-01 9.939381633635316904e-01 2.070865588638108878e-01 6.078610849311570918e-01
3.109521293325439029e-01 3.386510341732396068e-02 4.799817064806964906e-01 4.165018311763936110e-01 3.722355920583653166e-01 8.636392145199489612e-02 1.065737204970218510e-02 6.886397307692945224e-01 2.125779877406449581e-01 3.032669977199069500e-01 8.862679330727938343e-01 6.600497713058807170e-01 8.265412375371151699e-01 9.064111319644152509e-02
2.169355730641420177e-01 2.710880639684246640e-01 1.435262676712012464e-03 1.145146528962009969e-01 2.502018010169551054e-01 4.101910535160706583e-01 4.267266556037606628e-01 2.840965951267906409e-01 5.272561608964032587e-02 7.765373424814435710e-01 8.125452958360435129e-01 8.729317269174918792e-04 9.101605718408052326e-01 4.501935822431005763e-01
6.241591242461173028e-01 7.224227410264916216e-01 1.607420295963855050e-01 1.997373773557908905e-01 8.359360242633405713e-01 4.260193302396000359e-01 7.091968206850196577e-01 1.069230062993772323e-01 9.609237112452549967e-01 7.542923639716562212e-01 3.515468865167695744e-01 5.832759208962366992e-01 8.515171307199316253e-01 3.209603061343609953e-01
6.387988647213638238e-01 7.207881966956015685e-01 2.662058437630145935e-01 5.513407599964665895e-01 1.666839659721131017e-02 9.444669003859189615e-01 7.886834085744037770e-01 9.806909726013546269e-02 1.359972666940578723e-01 3.096522939064749735e-02 6.176179634070735336e-01 3.542682070681606454e-01 9.683473368034410944e-01 6.522176115348092829e-01
2.638554747456890448e-01 6.575644065101138303e-03 6.710306121549486358e-01 2.964398453586548632e-01 5.598522011051879632e-01 2.793107573306197189e-02 2.616714487074266460e-01 9.872945812205300431e-01 5.847291584689253696e-01 6.670845875051288898e-01 7.340447696712141257e-01 2.112334172913070685e-01 9.589620334795461165e-01 2.592754732087749758e-01
1.992822607256106160e-01 2.113541684820804401e-01 8.652567956212386946e-02 4.678466798350560119e-01 1.106694656777132968e-01 2.817325818598314102e-01 9.596158638515651651e-01 7.612829859919753028e-01 6.548138954604061368e-01 2.624124344882988735e-01 5.394655036508995138e-01 2.968411250191550499e-01 9.917868679494845630e-02 5.991813010256636929e-01
2.936636316085786680e-01 3.245910900213668793e-01 4.199601851193114355e-01 3.268825056531428075e-01 1.076918130021105036e-01 1.997999701173520659e-01 8.207388786726278473e-01 3.078620366142759135e-02 5.319219362574724164e-01 3.342135134393076079e-01 8.842070390472729358e-01 6.882479502437159891e-01 2.189741785483158010e-01 2.546802553113791667e-01
9.521163813236830364e-01 9.066904235975544735e-01 8.978184350313132001e-01 2.563374583245938698e-01 7.774961543351379678e-01 8.342375177355109139e-01 4.778241206098373661e-01 3.450672046159077855e-01 7.415126911373204344e-02 3.356911932885353611e-02 2.520862195777546777e-01 1.827599573224214513e-02 7.208469741969542044e-01 2.664508440671263800e-01
4.695438454960971786e-01 5.897767680813711388e-01 1.206826003674165149e-01 9.706907195417575629e-01 2.595596012468222025e-01 4.313736430918183595e-01 6.995473771218470027e-01 4.631569379010773702e-01 5.526775746360472752e-01 7.010717215386227386e-01 8.313149481942645469e-01 2.228330187687530550e-01 5.992129445576506175e-01 5.652037038384060130e-01
7.490191143543166730e-01 7.379301495908058284e-01 7.766212186292685837e-01 9.858010110240339463e-01 4.516183874333435933e-01 6.231910157191968835e-01 9.987694881211156561e-01 5.738732351519958419e-01 1.992853874905982092e-01 6.607873479687782492e-01 7.057959297065199422e-01 1.977008695566495611e-02 1.534289421198711256e-01 4.084293882578258206e-01
3.005157311870377823e-01 7.499546678244691789e-01 6.045845514161718448e-01 6.862041040487947274e-01 9.696345791585487817e-01 2.810951356503208487e-01 3.710967246536414077e-01 4.746310210574161692e-01 8.418369025001383177e-01 6.770887218443246702e-01 3.176816026366209300e-01 4.575289225309298047e-02 5.651173221751815134e-01 2.153717281179119425e-01
2.960412124658665656e-01 3.233009343472736941e-02 9.282374809799704973e-01 6.310565001392427487e-01 6.707477980883034263e-01 8.423231243702200555e-02 5.756360672094090747e-01 2.489863396452590694e-01 6.956780032709540817e-01 7.084380898931288417e-01 7.199990222920957805e-01 2.174756541022765388e-01 5.488784987906890622e-01 9.496124513498964692e-01
9.144457785353464763e-01 6.281442736408665573e-01 9.702831942378746799e-01 2.998145745658953309e-02 5.528662868260685315e-01 9.486305560517188651e-01 6.296804118837107112e-02 6.553594130988270594e-01 9.467520426416504709e-01 5.806091905336707715e-02 8.549965537641807112e-01 3.195000774870054849e-01 1.433586723679260988e-01 8.426613817040488064e-01
2.148451771949674294e-01 8.507665268928880087e-01 5.860171069060190474e-01 1.117785140831645263e-01 8.061672898987316538e-01 5.784915955950779010e-01 3.290887660980357232e-01 9.835301018654741823e-01 2.818095047880685433e-01 6.757677573481707389e-01 8.364764283360923702e-01 7.771299880083948342e-02 7.785145640895929642e-01 1.623913513298457234e-01
2.908043201093779562e-02 5.650769003511305622e-01 5.058286620866487837e-01 6.435119661945445380e-01 7.006676044678770143e-01 9.374983384482648008e-01 8.485860851906542601e-01 7.262444594107425599e-01 4.125639163870395976e-01 9.942307554393949864e-01 3.504116871962066337e-01 5.167286555102734713e-02 3.616698914762040973e-01 4.865936537676249785e-01
4.212309749311304863e-03 7.489299998938027114e-01 9.182276227002126312e-01 8.021561523655174053e-01 8.576648552479293475e-01 4.402853202226785223e-01 5.014980164897349102e-01 7.198102902275256287e-01 6.766201189729444954e-01 4.019934691298747698e-01 4.719037186214354307e-01 4.320076314320313582e-01 8.257754772450738301e-01 9.676078473249968281e-01
1.626037655809930982e-01 9.435141070383570305e-01 2.047673920046100271e-01 7.598965599885776356e-02 1.828740956373779980e-01 6.962187798442543984e-01 8.240214919249192471e-01 5.547809971856394462e-01 5.371238733677121679e-01 7.420380947896298984e-02 4.624094273768809549e-01 4.825905286534462046e-01 6.487391344511433955e-01 1.883308722403979063e-01
9.267701717672419681e-01 9.632346644164156979e-01 7.785456667516691409e-01 2.331643466368109596e-01 1.204434483172895920e-01 2.198008070430148564e-01 5.392360664191477859e-01 3.896090242252283620e-01 5.024076849099392561e-01 5.911838612991991981e-01 3.582512103842668827e-01 9.035340345328024547e-02 1.910142508662875382e-01 7.334204372107195891e-01
5.764640898951747250e-01 7.754604413791836848e-01 1.077654904737078700e-01 9.565894247336582668e-01 7.072484880432815535e-01 6.069642875036443952e-01 1.351981779199891154e-01 1.444661724896729726e-01 1.407842171098019346e-01 3.365966178137566045e-01 2.893709109933062518e-01 2.477887222916829169e-01 8.550870100942109531e-02 9.309820586574960588e-01
5.306033762863114900e-01 2.550905186508800604e-02 7.936464574142684247e-01 1.903796661321213168e-01 6.958170703778234767e-01 3.071240880702479359e-01 3.807550347320198814e-01 9.553858057549857730e-02 9.373820734882123418e-01 4.283676033952561468e-01 3.723801295972251069e-02 2.855103948517855317e-01 7.860255395256265931e-01 8.478599147302325889e-01
8.098164858702805446e-01 1.119593156885183571e-01 1.234871081566982776e-01 4.784423003922142481e-01 1.011180562000193461e-01 9.008940932179539951e-01 4.928608475954933121e-01 7.983236793287474820e-01 3.804989300435862587e-01 6.986147142433352109e-02 2.261144170255449115e-01 9.601324594730381579e-01 7.559953616177230717e-01 5.099130349118102812e-01
5.714140914240034563e-01 6.390020520582946340e-01 7.376159918677297478e-01 2.669606556376127315e-01 2.168780023716601058e-01 3.401624377261101007e-01 6.570356718730623324e-01 8.684334238820955454e-01 9.079501682332019596e-01 8.160021762095591713e-01 9.361327685426572565e-01 5.801428707801675744e-01 7.097022548929240449e-01 1.719795181905373616e-01
9.169745716622679232e-02 2.582417628940220089e-01 5.821836232730084326e-01 6.561455039742932760e-01 2.966035959538453337e-01 3.740007909921332363e-01 8.002361932705441827e-01 6.878252002910967278e-02 9.722732296501689353e-01 9.002468343737165535e-01 9.648575635337540701e-01 2.947126124832880611e-01 4.289477531839132052e-01 5.720301246175781840e-01
9.652725345886551400e-01 1.579275211283838187e-01 5.455794663429156532e-01 3.285662405696831989e-02 7.181250865682790030e-01 6.313083310018108296e-02 7.690133933645958431e-01 1.309183882288862399e-01 9.326325307090360672e-01 2.349324950566656911e-01 6.139885993322879987e-02 4.653934516770652507e-03 2.498097437020264655e-01 7.012736288363570214e-01
9.696806887925614182e-01 1.344941176889223877e-01 4.756356708239539710e-01 5.337081678227902914e-01 4.560992257445839471e-01 4.727972366717130281e-01 8.027480696255113735e-01 3.286611315411969159e-02 9.603119372813495591e-02 3.353701413497534034e-01 8.530806101606116520e-01 9.431365276512567730e-01 5.625305266049509534e-01 4.240309667539227112e-01
3.331871569504482045e-01 1.711966746457390665e-01 7.993899933213488573e-02 8.999950086155058537e-01 2.326546704426919465e-01 1.905969455516403066e-01 1.988927874015568031e-01 4.926846392168227062e-02 7.037144019122335559e-01 2.196281703030555921e-01 9.878867351808783281e-01 2.570651717483274368e-03 7.519576764301082461e-01 9.382749762492614831e-01
5.430967663602345175e-01 8.666949012895851512e-01 4.077006151504033449e-01 2.281199439508402316e-01 3.275709264500163975e-01 7.263338490405324421e-02 9.743731410965383866e-01 6.638422574988754876e-01 8.272742793469355371e-01 3.342041869691414480e-01 2.964520873200363615e-01 4.715100630247223146e-01 9.913872378438122190e-01 7.240664281122843882e-02
8.410496484173092258e-01 3.220685688747872977e-01 4.541711085629436262e-01 8.292565864005766452e-01 5.358545229583399072e-01 2.412739467734825727e-01 8.886392513041617702e-01 6.283877586494780454e-01 1.591177473110441110e-01 7.902335187185716148e-02 4.180399572285622423e-01 2.252387493604093294e-01 7.164999158256103451e-01 4.086102777246682916e-01
3.126496697317265872e-01 6.851200981702866288e-01 4.559666355187000919e-01 7.199044945614361257e-01 3.592722837286776993e-02 2.518205780964291041e-01 3.486063472064742097e-01 1.610826550392888690e-01 3.875833329216546996e-01 4.026913017804741868e-01 6.313223252216160208e-01 9.738300193608938615e-01 7.238433677340246897e-01 2.691474003828181472e-01
1.134546398873164108e-01 1.245166037098248690e-01 5.242069162877954769e-01 9.108055573026051510e-01 9.125361216110136064e-01 6.436700480417349990e-01 5.605225400036688566e-01 7.418866715325707073e-01 1.076122966112367241e-01 5.611897012887436809e-01 2.282487738997076576e-01 7.370717608764529860e-01 6.628010514157420818e-01 2.946083396158813983e-01
6.576704367801403661e-01 1.061342169525195667e-01 5.933744205493465262e-01 9.699555838057986046e-01 7.966744398594900467e-01 9.525773107511618099e-01 2.179957476245856229e-01 4.272207255073572352e-01 7.738687404870060460e-01 9.536189634434998341e-01 8.507707270470271643e-01 6.683785750129939141e-01 8.125808407218513274e-01 5.828769986593772545e-01
2.764384291148880290e-02 2.217939883336980111e-01 6.988110221388218468e-01 3.749874402905973847e-01 2.594369500182869270e-01 2.321786100659979368e-01 9.775169417941560468e-01 7.538611484486357206e-01 4.569886155360253222e-01 8.951348336661413274e-02 8.299964308876618402e-01 4.214344407488112010e-01 2.309860046429367264e-01 5.002142288736132203e-01
9.007473255737282747e-01 3.302114133699521892e-01 7.308719304373212378e-02 2.676072773199613675e-01 8.210957523617410381e-01 8.720273767653149433e-01 7.473481155292178713e-01 2.564898711579975954e-01 3.939914410042261173e-01 9.161014722805693733e-01 3.240649337760534987e-01 2.269560280352890258e-01 3.395254747011222651e-01 5.685706438081535863e-01
9.825937920360963140e-01 9.085586814615469464e-01 8.812235765739765414e-01 1.025623325814535303e-01 5.767637061034457391e-01 1.897807427600964880e-01 5.827008828623259085e-02 4.270169186627459368e-02 8.060761415443812306e-01 6.447879563536389469e-01 9.010857226345971860e-01 6.461914991356363380e-01 8.576031399825354562e-01 7.743505242185692028e-01
3.469414874378355940e-01 9.459586131424547739e-01 6.742695850559904391e-01 5.076435651490404100e-01 6.690211776742808203e-01 1.167530825124110105e-01 1.253380575881537506e-01 5.651532954391347285e-01 7.397330604084640937e-01 9.482111343087801236e-01 3.771631297328285060e-01 9.057979985336443995e-01 1.136900705184692439e-01 2.216351936801267408e-01
6.296331737803750883e-01 3.386020584523944388e-01 2.950539738214046359e-01 3.387999930811637084e-01 6.022044139951370223e-01 4.205208839748197924e-02 1.632459434378495944e-01 4.944113181477498564e-01 1.377657506331392279e-01 2.740229683609715083e-01 8.550124874664745134e-01 2.788979604458707851e-01 1.110547065375832032e-01 1.567517241834434083e-01
3.035686523170072482e-01 4.492329115648366900e-01 7.216833370544639692e-02 8.630257313250826456e-01 6.918541247915184211e-01 1.360006810020440993e-01 7.413746259899469671e-01 7.393352635373839910e-02 6.950458018062489751e-01 2.080332903595836225e-01 2.082109777315345189e-01 8.019631768549988493e-01 3.667046737131680612e-01 7.789133511131076659e-01
4.044439117092940572e-01 4.089147762849140166e-01 4.646031113378047417e-01 2.828880468705774476e-02 3.925800822468461515e-02 2.375409655830910127e-01 1.073535406800029124e-01 6.742401702673909147e-01 3.598613160486894280e-01 7.437591580191368346e-01 5.001070237316782574e-01 9.035733273460790915e-01 1.903716568181376134e-01 4.507782393805013221e-01
1.525250385538443609e-01 3.029080167671710511e-01 9.372873016519385203e-01 8.680303871437597962e-01 3.835838995978735344e-02 8.252291645266879305e-01 9.518866942421733146e-01 6.663623401157925397e-02 5.261418217424855825e-01 9.360521431586850127e-01 2.568790248744966531e-01 2.721728469833942787e-01 4.029273635778872764e-01 4.735248707114624311e-01
6.599804238785071941e-01 4.955093157535557236e-01 4.144262488183599880e-01 2.766822815083064269e-01 4.067712367943421281e-02 9.026123001802386359e-01 5.519231938818318639e-01 4.507599211098349823e-01 4.318634593320015425e-01 2.215289958183797037e-01 7.465103267792091435e-01 3.358135590944344440e-02 6.072224544625361986e-01 4.036613862910658490e-01
3.338466358986738047e-01 9.130409839530030380e-01 3.297704715248842566e-01 2.901787625781149238e-02 8.042106390727740139e-01 3.132007522981210546e-01 7.317009777287284411e-01 3.173458878059542965e-02 3.865711739639011713e-01 2.914580782785249902e-01 5.957516078857690855e-01 9.656297777007657457e-01 6.301994943726263454e-02 5.658345772113970717e-01
1.936041377349173587e-02 9.705947985339117290e-01 5.806306135467832474e-01 8.038290187162041578e-01 1.874673076436932373e-01 5.623554568980130286e-01 3.571413027182462896e-01 8.032633859990067071e-01 7.963544652644349853e-02 7.023333551246921935e-01 8.286512289278458177e-03 1.092813728991695044e-01 6.931324909690630420e-01 1.542879005368399392e-01
8.130837553213958735e-01 7.178733492671942606e-01 6.515367279292714198e-01 4.758273353879207690e-01 2.898011195821670327e-02 7.697487225749699569e-02 2.654523110938117325e-01 5.407012379969109439e-01 2.287483857305518953e-01 5.044643815293052835e-01 7.508477581749084528e-01 8.988393378757332242e-01 3.161931407152556162e-01 4.706141825753040742e-02
9.026893727175834270e-01 3.168704170030426370e-01 1.799393360914709472e-01 2.273719816725044973e-01 7.918550499638311591e-01 2.934127433673597851e-01 9.777614551834835632e-01 6.012013928743820124e-01 5.511286344680623728e-01 4.372406580385732600e-01 3.336331483469213710e-01 7.709001855710911899e-01 3.469709244690336591e-01 6.370645114139864562e-01
7.422381530193119525e-01 7.760258358370766274e-01 8.417719167067121422e-01 4.133244908653671557e-01 6.383575786571841215e-01 5.065151858207312952e-01 4.737925583806285035e-01 1.718353550357333281e-01 8.373596929513377196e-01 3.677116880877177030e-01 9.652732283710957484e-01 2.621082629014737098e-01 5.318884933176261098e-01 4.186458683841352002e-01
3.083563733709602239e-01 7.419580001965682126e-01 6.452494856766750608e-01 9.880822672778319937e-01 8.843634546622602954e-02 6.177848684830687942e-01 5.849546132896908945e-01 2.708817490646346915e-01 2.263825146869711258e-01 2.734718582526982633e-01 2.664033849602197579e-01 6.738402437702560865e-01 4.508173500706773584e-01 9.663097772955885345e-01
5.659990776971848270e-01 2.458138266642065917e-01 5.192473778919537430e-02 9.591166709755807318e-01 6.633056168738233893e-01 1.240740888216103066e-01 8.006499165568143894e-01 4.905984700643265528e-01 5.778372494249824909e-01 2.432178973943660560e-01 9.239201761962775317e-01 9.031287725418629675e-01 8.116174475634939656e-01 2.458687791882930851e-01
5.417787922294609038e-01 8.200922080565578032e-01 8.778872537383028973e-01 7.265837903743901371e-01 7.167498755519329245e-01 9.242029966872545854e-01 7.643215252444602870e-01 5.023775050806036369e-01 6.211297873884029652e-01 9.295428902903202228e-01 9.122876355458472419e-01 9.849213163505891044e-01 4.499880762787499267e-01 3.654225603104381825e-01
4.210645262436081282e-01 5.860774564272077658e-01 1.432488557252504791e-01 2.826341153509259740e-02 5.148591800570244681e-01 5.216607676708627794e-01 7.189085984887924052e-01 8.827792132848453210e-01 4.410962654163125274e-01 6.990676419019531407e-01 3.884632764436446450e-02 6.041598350793349059e-01 4.203441044325717524e-02 7.507960629896998084e-01
