1.337908324868075649e-02 5.397793367231600303e-01 8.241088953577935250e-02 4.652370480746214065e-01 2.834876050910930534e-01 5.394749272170468180e-01 3.753974355363582927e-01 8.614085661771626601e-01 8.343072700720507440e-01 5.696069409067855416e-01 4.421875721866825870e-01 4.512324144338254461e-01 1.504653316448389955e-01 3.466006748606942356e-02
3.736760002637566913e-01 3.733181016956896858e-01 2.021424915882357176e-01 2.516714805876518746e-02 8.689216804664857685e-01 9.191262668971427185e-01 2.750072561480029210e-01 1.196677916593363866e-01 7.282388349700802399e-01 5.480670120886204089e-01 1.694002289233907943e-01 4.302913798494208963e-01 8.742108536467813051e-01 3.672751053084378769e-01
7.774521189082694850e-02 9.736955458978701072e-01 2.191006856170975015e-01 5.979621314008495281e-01 7.361223736283538654e-01 9.907043974286597887e-01 6.126429234578142369e-01 3.882392509387658786e-01 9.804095276925594016e-01 7.261075471665175973e-01 6.609595454670877945e-01 6.263915500500110145e-01 8.298301515448780474e-01 1.609835317839216628e-01
8.074097897907804855e-01 3.219462845607284907e-01 8.539491060811310597e-01 1.601010228281629644e-03 2.397575407389590518e-01 6.296656519210025449e-01 6.541971967109260211e-01 1.580443770715055374e-01 3.986402637991698361e-01 1.285023993526948072e-01 3.768734738484401658e-01 2.976849279282882677e-01 3.443625095015019344e-01 3.074493389631263174e-01
5.821881121783676338e-01 1.420898943872048736e-01 3.918487903775168535e-01 4.082890916008743432e-01 6.111785695069144042e-01 3.746040425447162425e-01 6.764836077972705697e-01 1.973993444758728177e-01 7.520004367553724256e-01 5.530181905993861724e-01 5.724273388279329522e-01 7.803193187652061047e-01 3.595597304385282911e-01 8.240844906527298175e-01
8.527226738739769329e-01 8.154359222859232093e-01 6.081803595959519582e-01 6.121146532118958428e-01 2.477189503403524062e-01 8.091700446451212114e-01 5.721729825992626361e-01 4.986856460525619372e-01 3.076060608466333335e-01 7.301573165103020235e-01 3.648643393649416700e-01 6.286180029124568414e-01 8.020990279123413336e-01 9.142634652401576689e-01
3.916373001397385201e-01 5.003390724136047574e-01 1.414970034214335648e-02 6.221270272840258020e-01 2.665290632783101632e-02 9.470145404141161460e-02 1.645363304058242715e-01 7.386605103279464402e-01 3.791841558665542955e-02 2.444931944338847307e-01 2.069184366222315274e-01 3.719886693166142289e-01 4.563061659577605234e-01 7.318031033683988218e-01
4.174055763774273675e-01 1.646992272798686319e-02 3.029420566984032392e-01 7.253810993907161553e-02 7.107360479960536104e-01 5.074239527772106406e-01 2.645711039228054728e-01 5.719756002207129209e-01 1.079350929767561862e-01 4.170753418349067987e-01 2.976837883941889640e-01 7.650790002555377667e-01 5.900041366838809642e-01 5.284307166533799283e-01
8.254599038980505732e-01 1.879720303641159163e-01 1.534835329654754554e-01 1.331144060429811926e-01 8.888976200436995434e-01 2.453164350733598731e-01 4.352359379005821260e-02 4.057052233111159145e-01 2.038523273753611864e-01 4.072968941197501191e-01 7.475967361132298539e-01 1.094769668170411103e-01 1.904843192354011006e-02 8.113569533077332752e-01
9.626315948502126574e-01 8.378557922293965454e-01 3.082848765383318090e-01 6.387887367860671795e-01 1.533149116135966716e-01 7.575131953728595491e-01 6.486156535455300798e-02 9.636856329827448997e-01 1.295919522765572873e-01 6.280751626912098873e-01 3.637608525789902680e-01 7.435946969744692270e-01 1.019808557672523541e-01 1.544179416094965118e-01
5.659501115151855943e-01 1.513555294269541829e-02 2.926332217451816931e-01 4.524031916706614531e-01 3.043325655428474885e-01 7.759370489446261177e-01 8.621171305806063501e-01 2.661862743093992290e-01 9.599738194345416309e-01 9.937082736363651581e-01 8.594063043219809517e-01 5.768207720580954545e-01 8.823047329995007404e-01 5.541135501227985038e-01
5.394822263108776106e-01 5.957140724574035984e-01 5.987243667451029872e-01 4.487919969948271914e-01 5.388332017710687483e-01 2.666990160936233423e-01 8.641398075952574365e-01 5.438018469398464561e-02 1.407579380965719995e-01 6.778980733365830291e-01 4.822873621032665037e-01 3.693903071985906728e-01 1.559917278101203841e-01 8.623570304476135817e-02
8.115330005447575212e-01 9.171980315948489171e-01 9.347241363611328291e-01 2.094959025272901121e-01 9.154980295184196315e-01 6.767004919256730533e-01 9.037962177536724706e-01 4.522802693997892698e-01 1.964270580749024608e-01 2.503712382659837310e-01 9.480818002024664626e-01 5.321902682357926295e-01 3.243319748554102100e-01 8.001001295706403615e-01
7.005417301032109689e-01 6.665523814866640695e-01 6.394825835324332575e-01 8.307235697935064778e-01 1.629411812063769061e-01 5.144941600474883803e-01 5.701121093010298457e-01 7.713273228510013624e-01 3.265305719765823067e-01 3.679271653135768316e-01 4.479574856356524082e-01 1.215097959037996223e-01 2.404747123227790606e-02 5.708342347941738337e-01
2.553320362048842052e-01 7.989575532388529799e-01 9.512972821981161564e-01 9.347310029704142265e-01 1.801608423240235179e-01 5.793892152535271567e-01 5.227921920910558740e-01 6.840281232320529758e-01 2.255270906431092737e-01 8.551051473195850905e-01 4.590562802329095637e-01 5.565691960910058578e-01 3.062120543096399361e-01 6.826233990820250730e-01
8.885352610189756195e-02 5.219804597142422287e-01 5.087593850002439799e-01 8.960078208868231808e-01 8.721060007548684379e-01 9.835240092414150315e-01 7.085553510469796423e-01 9.518294874408991246e-01 9.449820736052833015e-01 3.423329317076062583e-02 8.062410367923734666e-01 3.350490519066026129e-01 5.169111498204643773e-01 2.418258460834533663e-01
4.192118655435200791e-01 4.442646200596727102e-01 5.749754741174848416e-01 8.684158113978680538e-01 8.001642097017221955e-01 3.989915982715879217e-01 9.079727797302867831e-01 9.721378399793987324e-01 8.763467170152675623e-01 8.743857229678624332e-01 8.677722289250082710e-01 9.093524756199259373e-01 9.536634272178278193e-01 9.764141577726611620e-01
7.742896465273024775e-01 2.678996277831547923e-01 6.568802773384468940e-01 5.892269195263694082e-01 5.771252252792696824e-01 2.229397153947383359e-01 4.258554717075718754e-01 9.070069932142116320e-01 4.275870516571134150e-01 9.693969273239618767e-01 7.197616490453205840e-01 5.769549414574500767e-01 8.211476165441885522e-01 7.306490445700380976e-01
9.604840647361246875e-01 9.539608870613029978e-01 7.978783744840717285e-01 3.502094926894893101e-01 8.807639839626465461e-01 7.346544788985642782e-02 6.051697716558201989e-02 5.953059944362517619e-01 1.893417289117829139e-01 7.867555843807626514e-01 2.843519301466116422e-01 3.358496663662505766e-01 2.092428750242936175e-02 4.590732988796257796e-01
5.985879630402994867e-01 1.203194133214441353e-01 4.433905934587630826e-01 1.607048027516099209e-01 1.284316274321907203e-01 9.470727625007985262e-01 3.791657179717311532e-01 1.431964100176338350e-01 8.948673259958297432e-01 1.047348370844425336e-01 3.443624480527642806e-01 4.144079412850554256e-03 2.882387374251023093e-01 4.606114468574686871e-01
1.602633456145664548e-01 8.661154834992189633e-01 7.439391206627913311e-01 9.880670266883837538e-01 3.472335794332066516e-01 8.674114121708941250e-01 9.464810890308117397e-01 7.163332321269882952e-01 8.009755756093991375e-01 9.279587695603115360e-01 9.948210086334907665e-02 2.847948039475903803e-01 7.536408570765764647e-01 9.853293214227245578e-01
4.105274091091304367e-02 4.884199755474594173e-02 5.746455230201972242e-01 3.643799711534545516e-02 9.781713081747878125e-01 6.092384042021580237e-01 8.962587001359505479e-01 2.412347534975656238e-02 1.681223543430173661e-01 2.660137054731126494e-01 8.395596643393804515e-01 3.655839525654407396e-01 7.207352678661205214e-01 6.852382919290702645e-01
7.180594226267031921e-01 1.206015735788454890e-01 6.283212086570214572e-01 1.432579507098766802e-01 2.662657536264910751e-01 2.707504370525456450e-01 6.771975573089258349e-01 8.844553359687089555e-01 1.783236422849749925e-01 2.206064459561851709e-01 3.802991398070487694e-01 4.249146013635130004e-01 6.694553033983654533e-01 1.577365528037729669e-01
8.243437212772896094e-01 4.574988355738317525e-01 9.500280591328627011e-01 5.451244673530707407e-01 4.323904910255230716e-01 9.001250818203441195e-01 2.910768192281198985e-01 4.509175873428834525e-01 2.585696627764478839e-01 8.731849876740507277e-01 5.162801294361039073e-01 4.761070334096924039e-01 7.553573326588836068e-01 7.331989840578984063e-01
2.804367871412204449e-01 6.043990476109890597e-01 1.101250173091504747e-01 7.135205858188437000e-01 7.197899483263233700e-01 7.619822899001357230e-01 7.793290441076007324e-01 1.803600573931352091e-02 5.128717234851761786e-01 2.663282662566694992e-01 3.431940178497855376e-01 2.861619452637896854e-01 6.516129483467172356e-01 2.809419262279396756e-01
2.958267848108390163e-01 2.279680830986497986e-01 2.561039068481973935e-01 4.858767870075508810e-02 9.712956133692046690e-01 9.420900003378021026e-01 1.281572022592346594e-01 5.224063890941761379e-01 3.181081079061119921e-01 3.808103908541980998e-01 9.542398447238731318e-01 7.236821098879294700e-01 1.182900313104261469e-01 5.899356671465498803e-01
6.589086573326403684e-01 8.593793655000661058e-01 1.062546333279602573e-01 3.975136802820166126e-01 9.915600838631045688e-01 6.348139650493207498e-01 7.983490162351581931e-01 6.473407888757102269e-01 4.009102172239505935e-01 7.836934630353687981e-01 9.728561004867420925e-01 6.358454350550379885e-01 6.485843771844659322e-01 7.203536308880220673e-01
6.407511583660897569e-01 2.075366467399675230e-02 9.866626059356048417e-01 8.485000181546865639e-01 9.235977945643297771e-01 2.818321162188863749e-02 6.360010537238826034e-01 8.871724168604809835e-01 8.945187204377306189e-01 3.668638408883490021e-01 4.539707121614666718e-04 9.401208204651068101e-03 6.457464343546795993e-01 3.965755582829446624e-01
9.742554390180493407e-01 9.463495256807642475e-01 5.290367458068553352e-01 6.034160805544180883e-01 7.505185653587609362e-01 3.373358201884224528e-03 7.944702938060949071e-01 6.135625513786224783e-02 4.644884373048208115e-02 3.268280904827106648e-01 7.129781647190991389e-01 5.174184609548486691e-01 6.081127413785866187e-01 3.497314042224632935e-01
4.275815033519839714e-01 9.089067226279431422e-01 1.841910362553215164e-01 1.897696933583659096e-01 2.291165846117443339e-01 1.723933944841555821e-01 9.709724978405910312e-01 8.022342890664243553e-01 9.793146420486246173e-01 4.106025835789728351e-01 4.304936985695118068e-02 5.765026622818466562e-01 8.407493767460856304e-01 1.572195898656104651e-01
3.198835294569223331e-01 1.600823124879680037e-02 1.554620509948096974e-01 8.576186132802965378e-01 5.234092209312033450e-01 6.459132563117936376e-01 7.824509177765180956e-01 5.293664284618172511e-01 5.612703057003702867e-01 5.729540956914080940e-02 5.912699609248470711e-01 2.287296391516699945e-01 3.697952532370699652e-01 9.668338786467035595e-01
7.713605213055556575e-01 3.762934709899293795e-01 2.449013794772896269e-01 6.361831883229940310e-01 3.638670962103244255e-01 1.276628972965329067e-01 7.165962924644416754e-01 8.154945186408895097e-01 1.827824286798780395e-01 4.084871703019179456e-01 6.424333147726496440e-01 6.415957748235012748e-02 2.041213933211897258e-01 8.070524421582411234e-01
2.487495140390619808e-01 7.368498900109609062e-01 9.838517665897453801e-01 5.797121702210571437e-01 2.098115880678189660e-01 7.612299566658495831e-01 7.187956682171409151e-01 5.091261989538528043e-01 7.569068996174538322e-01 8.710108019508092658e-01 1.851909718162553231e-01 6.991762875718154913e-01 4.004783094234554142e-02 2.429515496777427952e-01
8.587509490487887920e-01 8.306607551123668109e-03 4.403811173779405008e-01 6.921443871964808592e-01 8.162773060671703051e-01 8.244138321205773945e-02 9.704564028182741664e-01 7.871151694420231992e-01 9.213918404054654010e-01 9.187199116105377872e-01 2.047358884149544922e-01 4.711768253169819065e-01 8.698143097755018927e-01 5.443567333436962752e-01
9.469195587809350334e-01 2.846533175861605258e-01 9.710713104236218252e-01 1.165000226336285749e-01 6.950655789417505837e-01 4.042339993958058431e-01 6.786901294156297837e-01 6.095435790902385964e-01 1.847372154418644996e-01 7.114538141920534464e-02 5.926487542209405435e-01 5.370413029188423337e-01 4.384847048381641521e-01 4.921922666740873309e-01
5.000789510876857413e-02 4.261109865694537868e-01 3.472806393407413816e-01 9.392709308554889613e-01 2.887848575131467532e-01 2.719083273644395948e-02 2.195278055020613017e-01 5.127156141380521115e-01 6.692011327825256872e-01 9.071197430513744386e-01 4.390880848556123484e-01 3.575608284856079955e-02 9.273103694780733264e-01 7.545479961984769002e-01
3.206217980173295956e-01 4.385722715462614385e-02 7.278909889787004150e-01 3.793244489320897195e-01 7.788222628432079908e-01 3.828789971798491898e-01 5.606000157603554523e-01 3.810779359431353264e-01 7.362966505354391344e-01 4.278713762705776968e-01 9.129400763825082921e-01 4.560918882973818977e-01 4.470693010084452190e-01 7.380941383912967835e-01
9.825730971053490137e-01 9.720199148213375384e-01 5.029818542004396154e-01 1.695447821454295623e-01 5.897552124297877896e-03 3.010434356935443034e-02 9.152842904300012572e-01 3.916035073401797906e-01 8.679253929914084731e-01 6.245598661606344137e-03 6.525954340828366007e-02 6.274538709314395613e-01 9.464955111196524662e-01 5.083495438753735662e-01
1.119034541325053533e-01 4.958635884285668149e-01 2.141484307449648128e-05 4.088733325709269506e-01 8.343769213849773214e-01 4.359047828926712054e-01 7.634296439464965944e-01 3.403312837949027392e-01 8.904858727832147824e-01 5.806542585379959043e-01 2.346519268302105221e-01 2.150882272442697918e-01 4.608445205126715516e-01 9.023048143283726175e-01
1.564301975586523952e-02 4.665440028322261901e-01 1.767450905814124118e-01 5.963117247087614814e-01 4.679265142097490671e-01 5.963903673736952182e-01 2.692622109057531965e-01 3.912937224126824542e-01 8.944983334036841205e-01 6.985926737833451083e-01 4.446325271254056855e-01 2.211800017047420575e-01 8.256026976399156725e-01 7.500080836335196732e-01
2.514989895482577786e-02 8.336950737149919632e-01 8.358349371709585807e-01 1.391204765904109353e-01 1.989315352034575213e-01 7.924573103465673007e-01 4.070818705112835278e-01 7.673248789691767824e-01 5.288917513031505813e-01 8.421514510651803009e-01 9.195539915888045757e-01 8.657318562762319480e-01 7.375600681458970298e-01 5.228553650113789697e-01
3.295597924970494752e-01 3.798819043123057293e-01 3.883612357859345110e-02 6.719621843912976233e-01 9.261992381249527506e-01 6.709771762867844380e-01 9.525698065458992891e-01 8.810248421307098621e-02 4.489901542357069841e-01 4.540492988882611769e-01 5.879590232963824992e-01 6.744360724103481974e-01 2.964744590169854366e-01 9.186017690213151843e-01
4.670675823203773724e-01 8.825816569137540091e-01 7.948801540518058983e-01 8.468686979658168745e-02 5.091838634489672666e-01 1.947778761560011729e-01 8.658681418336119373e-01 3.698600222917958202e-01 7.619852547710319612e-01 6.730509615648283539e-02 7.335817421654491355e-01 3.278910488664801282e-01 6.917864327605852681e-01 9.286591859408511729e-01
7.109036252094498298e-01 9.495126653235435032e-01 3.295919698799059105e-01 9.365451654350025468e-01 8.180553678305478860e-01 6.951740349725399337e-01 3.671558490254989149e-01 7.848092114415760046e-01 7.636183408713856924e-01 6.048268945889632153e-01 9.866300154910145892e-02 7.833347811854690645e-01 8.280787486330388747e-01 8.853571529933474960e-01
8.756151383832736501e-01 9.529463270901236127e-01 4.627961587741213911e-01 4.052746609274833212e-01 8.283832588382614714e-01 1.522715290369563990e-01 9.757459061107570664e-01 7.851536361689782639e-01 2.999060100754777913e-01 6.525999382809360982e-01 3.442826409350592254e-01 3.326662524403845023e-02 5.585477590845161489e-01 3.063137004788233364e-01
7.084667753177261718e-01 5.102430672291422553e-01 7.265661407113577219e-01 1.787407648081051903e-01 2.575086399143268201e-01 5.452149429720082319e-01 3.483843849211887278e-01 6.744321768150932650e-01 3.745896879482666364e-01 8.746919781179464115e-01 4.638978157301604233e-01 9.812237338956986132e-02 6.448115177870035186e-01 6.414762967452825038e-01
4.102585242652467823e-01 5.723363443249016580e-01 3.980500519279422944e-01 1.611487673034899260e-01 3.994864154049402316e-01 5.443457843870184165e-01 8.443726840006831047e-01 7.941664297430356401e-01 9.497312783544171744e-01 8.366066516583683388e-01 7.473423124688509667e-01 4.169027492559488346e-01 9.969855149955082485e-01 5.901483628419276206e-01
4.358367650939223292e-01 1.994013517058854656e-01 1.884388645423268338e-01 8.031389024661318432e-01 8.476329536881282989e-01 1.870161325166719291e-02 2.559222570404111607e-01 2.452263416801213625e-01 6.886006344444495220e-01 5.882915881369263911e-01 5.389295318203216612e-01 6.624736546818354999e-01 2.542821579636715956e-01 2.386230777135284198e-01
6.572538438910415781e-01 4.637469251674667392e-01 1.149429907824861541e-01 5.564510080678042314e-03 5.971981950676422679e-01 2.144664413315190421e-01 8.543760349726521319e-01 9.907359373549728954e-01 1.276071008036953058e-01 5.148694077166636740e-01 6.170222306788286648e-01 8.317550795494307314e-01 6.233374097092327926e-01 4.133518142109673388e-01
9.461179907331573880e-02 3.321584084330753139e-02 7.169932997020840304e-01 7.210919132945279308e-01 5.601813627481710967e-02 9.762709154391916444e-01 5.881026891794716160e-02 9.974288694480659689e-02 9.323443384741202378e-01 9.948346807662012958e-01 8.773689440047187649e-01 8.951634664863103996e-01 5.128719315488849961e-01 1.281495547613249464e-01
2.999682431673954541e-01 9.486829529158454788e-01 5.546965531651831816e-01 1.819550752926862858e-01 1.539387522834501087e-02 3.465090321264706619e-01 9.487084492569877181e-01 8.023356751313471813e-01 3.396985567812615958e-01 7.269158862449991432e-01 2.587717160520737192e-01 3.923729584645330171e-01 1.212555676108053593e-01 2.052185351635020805e-01
9.618400876406122402e-01 1.672794492911295894e-01 8.120063887246499190e-01 6.692241309786937098e-01 4.380525416004971140e-01 2.720251797557012852e-01 9.575693494224665203e-01 6.348554604051475092e-01 7.703860981143538789e-01 1.176157661766654705e-01 9.406454714224643521e-01 7.209128422668575897e-01 8.060313213000158683e-01 6.519699372219653899e-01
1.120490116322215846e-01 2.252310657563886265e-01 6.482849342510488277e-01 9.913658370181442914e-01 4.599798735999293120e-01 7.455999538170008378e-01 5.631972233945725659e-02 1.417140777420716757e-01 2.813596832562536010e-01 1.402509974452488262e-01 9.676239037562062162e-02 5.959246052687275919e-01 5.496187168572397308e-02 5.649899488587678542e-01
9.215523185322653799e-01 7.250649177123946743e-02 3.987643175715704924e-01 2.390608374939336978e-01 5.316994672319212967e-01 9.330545503086968839e-01 7.688932182144714300e-01 9.258875519814112609e-01 4.093333165304767762e-01 6.877395560068458868e-01 4.637685748203106417e-01 4.117587794372749022e-01 3.707100747110801953e-01 7.612915893749083729e-02
7.470595682853231612e-02 5.672482734808620419e-01 4.461255321940438279e-02 2.228734340480997833e-01 2.940312667962966531e-01 7.682846385519132015e-01 7.028421291104586244e-01 1.538028691471293730e-01 5.540841953080544169e-01 7.823699711841458626e-01 7.840345565540249861e-01 1.536357501358459610e-01 3.380584893412719172e-01 8.030621973446521178e-01
3.188422285207682672e-01 4.194801527545088948e-02 1.379599757086158451e-02 3.001883933611628752e-01 1.772197954510582596e-01 5.668359077246321043e-01 7.811194327052833897e-01 7.977906177462565918e-01 8.483110304606404917e-01 3.286823382702738217e-01 9.516318890176870271e-01 7.649063658997442561e-01 4.651230204453324912e-01 4.399019919808392354e-01
8.651101204762309260e-01 8.770845728093423777e-01 2.270855058397301951e-01 9.435047673115309896e-01 3.970750901435439184e-01 2.961455209725130100e-01 1.164393966299659411e-02 5.815526949864978645e-01 9.337947656680675168e-01 5.696624239184172600e-01 9.040832885180526413e-01 9.805450105415015605e-01 5.699919639869073240e-01 6.034379400984338782e-01
3.872345963368626354e-01 1.282593877999976817e-01 9.257931162379450241e-01 5.137630496150706882e-01 6.298169894063365692e-01 2.163304138786769082e-01 2.591644193530987517e-01 5.436189109063439551e-01 7.135386937925383144e-01 4.315174964878903952e-01 2.052366024082428186e-01 3.130299627318505751e-01 7.641494310348087016e-01 3.883161034194706485e-01
9.398728208741125023e-02 5.769252679879411927e-01 1.288147756058451998e-01 9.945110232352083468e-02 6.147510370351103592e-01 4.992879077391818576e-01 3.419118786236728935e-01 4.186465442521682956e-01 6.971858308444883745e-01 4.783662263278068982e-01 8.863173800775754341e-01 2.992294523708027842e-02 8.974058839386763742e-01 4.032726181013989164e-01
7.730340391124551624e-01 1.233181915356911240e-01 8.266993808490159523e-01 5.955566901542470593e-01 8.908781343195063540e-01 4.838766374770109291e-01 1.613803879281094922e-02 9.663853172795640045e-01 7.156268833893612014e-01 1.992705592482495458e-01 8.090158889275927967e-01 4.461291714633440764e-01 7.218397864534564778e-01 7.599092723884025569e-01
6.083366605765069268e-01 1.761367201798144100e-01 7.749577735985522242e-01 4.877120032352533219e-02 2.665233512405102978e-01 9.094038885325460564e-01 3.540157458987152062e-01 8.273388198781760350e-01 9.764210998701244870e-01 7.707924626866979878e-03 8.103344199754187738e-01 1.017052905949100694e-02 7.241144987871678262e-01 3.243262748818157570e-01
2.294425684658336628e-01 6.532401948931725322e-01 6.842013451362390919e-01 4.776939358570923000e-01 2.873898093608318050e-01 8.985050241226029133e-01 8.869064312632936042e-01 5.714455439813549420e-01 4.963931242674097799e-01 8.896171788891948928e-02 4.205901147126294148e-01 1.966404025620811513e-01 8.794434134911839340e-01 8.474082957669591964e-01
8.092723646649635505e-02 6.251195941589032801e-01 2.190275084342619971e-01 4.054781163938027122e-01 9.163502263540906911e-01 7.968554862572085895e-03 9.502235846019573273e-01 1.079964186470173670e-01 3.019134960135247958e-01 6.424352411468412516e-01 7.000693517170553104e-01 6.981000962666615850e-01 7.105215384156735592e-01 7.957695738892077708e-01
5.205644129444261248e-01 9.883288149768966191e-01 9.854368532004117442e-01 7.877151418709704700e-03 7.134333045266808560e-01 4.806218036518504766e-01 9.868491220629888039e-01 7.337706099237299995e-01 5.842261448102628041e-01 4.642511693574502551e-02 9.340816772080603458e-01 6.458605261112103646e-01 8.208099791435650161e-01 6.557405596132226400e-01
1.312335369376170791e-01 5.899268690713199703e-02 3.492904951222752796e-02 9.370244798054425672e-01 7.407383053525402605e-01 9.141352778083435826e-01 6.502632933179722796e-01 3.700228308339905681e-01 3.674506257119791730e-01 7.767872606943082570e-01 5.051027318956152756e-01 1.524285997453642683e-01 4.146119487979504914e-02 7.500358211514113194e-02
4.638393228346323616e-01 9.635224161356075179e-01 5.484531101772094352e-02 2.859591609713046934e-01 4.796923708164422262e-01 3.766412025058081259e-01 6.749654584568052229e-01 7.789236600542779332e-01 2.812454383117868328e-01 5.592681719658637585e-01 2.097691002602312116e-01 3.937368639136515913e-01 8.132501367174651552e-01 8.715145885292088224e-01
8.775031109441686628e-01 3.092262471447008165e-01 7.890298911628127465e-01 3.546180670350754793e-01 9.811939896659701565e-01 8.557144219989161193e-01 9.476089779334290197e-01 1.505658285463408186e-01 3.563606643985302025e-01 3.514804635688363321e-01 1.639344743214394828e-01 6.104886384304000213e-01 4.557366431686118435e-01 6.406986979794924153e-01
1.575619800609475707e-01 7.676701785981709936e-01 8.608508503155299918e-01 1.747835112332909446e-01 7.214125513523801381e-01 6.207382813802075905e-01 4.616774005705535089e-01 6.215402090901472887e-01 6.764895893913455138e-01 5.159204202518899995e-01 1.662834528374566023e-01 8.627288636635661589e-01 5.629399094618956489e-01 8.887106641218167624e-02
4.760226834901271076e-01 8.081039264187119819e-01 7.021755635197304279e-01 4.103894479697768327e-01 2.135529637875170916e-01 5.602379833465386261e-01 7.500626736310481713e-01 9.695004505976475562e-01 9.735653455478088247e-01 6.724514935595227172e-02 7.161664213929919143e-01 3.714511635658788169e-01 6.740775734846172762e-01 9.693962985376616270e-01
5.247554022027177689e-01 2.366108948196394834e-01 5.981014271821957218e-01 2.989780832456943038e-01 6.651959816845665063e-02 6.339469059770169723e-01 1.737578827093451128e-01 3.888296089104682496e-01 8.786961750549150407e-01 1.812678422253873878e-01 2.984472162874779455e-01 7.164782999218137771e-01 2.137448287504434274e-01 1.344779616779321341e-01
9.713578006325914727e-01 2.832362752229768965e-01 9.218356912718530527e-01 7.062761888869700799e-01 9.449957040362977345e-02 9.631591575313576126e-01 9.933556432872888697e-01 9.905864568147991767e-01 5.742549805737739987e-01 4.729910676520314716e-01 8.680226185241075587e-01 9.578454844660726497e-01 5.915359055182887182e-01 5.994789212414064483e-02
6.781091646201807821e-01 7.827675729486601730e-01 2.780206416662844848e-01 2.594858762745895220e-01 3.894978425661389521e-01 8.634282340269703315e-01 4.589071883378490480e-01 2.581031296565665656e-01 9.708019387130786271e-01 5.402716468362789293e-02 9.758298463482673046e-02 9.368074717609239377e-01 7.980990004428033524e-01 8.021181651822654191e-01
6.598529263154195856e-02 9.739328510531507499e-01 2.198143941019510272e-01 5.674197724652962904e-01 9.978267337864261677e-01 5.845529695657706304e-01 8.517132383391862183e-01 1.303566753733977901e-01 9.001681041619865598e-01 3.678623102984528437e-01 7.135110579037062806e-01 3.349554935341690909e-01 1.970411858421752260e-01 5.770991665595287534e-01
5.305576554184110449e-01 7.799486656382643712e-01 5.108973853163006895e-01 6.439904878879303407e-01 3.967846419122612600e-01 6.178908952089467999e-01 9.992876806752394314e-01 6.205909931604289831e-01 3.875159674620592964e-01 2.215971906775991984e-01 6.192937851716817654e-02 4.937785606092951474e-01 9.151481353158277265e-01 4.903152693532391027e-01
8.699887341490948334e-01 9.199719597607536326e-02 5.179953126605451041e-01 4.767779122976260053e-01 1.016393640162789325e-01 8.408125839074782615e-01 6.947623565379953403e-01 1.951540052475455589e-01 8.349973841659885654e-01 6.090386984314721808e-01 7.606427006595650742e-01 2.334888835307713517e-02 6.517979647417407874e-01 5.728852619352950981e-01
3.205242742123769473e-01 6.052117488901668230e-01 9.208959528196025701e-02 9.415932201407006819e-01 9.777519217155882236e-01 1.711673008128503648e-01 7.275918384891419954e-01 2.543620503570032110e-01 4.558712111614804385e-01 6.246924992921725206e-01 4.602253464029026908e-01 7.756847822667084502e-01 4.840520146879599972e-01 9.519280654323236668e-01
3.467789647214337689e-01 5.235522054603495290e-01 8.152429337736512016e-01 6.138688439864764534e-01 9.842392713435615947e-01 1.438031029851406517e-01 1.834707548489845630e-01 7.627967659274191847e-01 4.993254453847989494e-01 1.088251564785839287e-01 5.662942358017530875e-02 1.764425772994320241e-01 7.806304039791399640e-01 7.907514926860118587e-01
3.281036846300100507e-03 5.767390200481260498e-01 8.268028430895836278e-01 7.630346033216791612e-01 1.461945381530881383e-01 4.682593267391104153e-01 3.994787301380569033e-01 9.118973068450298980e-01 2.168595300499283063e-01 3.279590078572369727e-01 5.170670667887734551e-01 3.399571706572843688e-01 1.377721621743069891e-01 3.563872040578350830e-01
8.527143016045953816e-01 9.292712639463784896e-01 7.835162302784944854e-01 8.094998471712753219e-01 9.688814236986614814e-01 1.925390133521706071e-01 4.095769124007526685e-01 5.790732374815084071e-01 1.895431190724333748e-01 9.382449926122383710e-01 2.580617040470505330e-01 4.851381175497555542e-01 1.829450428337467960e-01 9.058653705536995338e-01
2.271737778950756459e-01 6.188211822110586402e-01 8.694338986212002407e-01 1.426112798187173514e-01 9.888141819162934443e-01 5.618052761077106938e-01 8.850826520333781033e-01 7.767826422531753927e-02 8.863883441522312223e-01 3.426676407366727739e-01 2.785737077346663870e-01 5.748624390761670755e-01 5.125860784286202509e-01 2.661749569887761346e-02
5.485616850193711924e-01 5.761248229909115004e-01 9.470173244980761851e-01 2.836231677166802800e-01 4.556533277087169154e-01 4.322412745327427475e-01 7.985042359814097379e-01 7.989173983327688688e-01 4.708516468163771451e-01 8.069030092776310337e-01 3.913933366750008691e-01 3.537869762731542522e-01 3.120069452578421165e-01 7.825389261351285430e-01
5.126564626019297632e-01 5.755919217641619623e-01 2.774818864940047369e-01 9.070332668147972344e-01 2.615787962974324143e-01 8.099731792402491415e-01 4.451207279151627727e-01 9.653013196049176070e-02 5.042786682224169592e-01 7.719322486905244585e-01 9.817386253805326923e-02 3.910464668382795939e-02 5.013319609586955883e-01 5.874686928093224569e-01
1.961057669979009432e-01 7.509644648042368420e-01 1.909446365944246216e-01 7.430043665874652703e-02 1.575944243449451942e-01 2.796724560264280957e-01 9.079057878015961425e-01 2.857492035416562270e-01 9.806394466648171715e-01 9.864548747551460384e-01 7.187824447521232729e-01 2.691968710589182079e-01 6.245686626783596429e-01 1.923395383949921822e-02
9.292532493911205282e-01 8.212237343982065063e-01 5.753739414631225957e-01 2.059853738734327422e-01 9.394155134135574459e-01 4.842446388053200934e-01 7.729130615865181797e-01 2.175523252953243114e-01 6.693328298211334015e-01 1.132617471496133454e-01 5.625068311312011460e-01 6.891961609789034604e-01 8.230949666217730609e-01 5.744124549940322622e-01
8.357656357292109206e-01 3.352019648229060955e-01 1.526408053572942958e-01 2.384852302312867600e-01 7.490794630579394875e-01 9.910655708036808509e-02 9.393273527013173974e-01 4.537728154686749837e-01 5.953044825283366759e-01 6.814617877601207852e-01 3.359036974296155664e-01 3.082083473618068004e-01 6.226138465595488780e-01 1.455150718872531002e-01
1.126006636014975637e-01 3.423217649792914541e-01 4.568627970477070477e-01 4.605836783471933815e-01 8.945694128880392615e-01 2.043467385392683244e-02 5.957116314897167308e-01 6.122707692233837484e-01 3.541189082005395949e-01 5.792937432311872081e-01 8.521358841728826627e-01 2.464422657275330275e-01 3.940445268070854601e-01 8.864376227752042148e-01
4.445305500309336688e-01 9.551976576704199751e-01 4.653185979715390719e-01 7.710304095004183456e-02 6.830277768629317015e-01 3.445200244372123022e-01 8.457490294786194074e-01 1.345592828872688163e-01 8.111335932268981530e-02 6.843035691294687695e-01 4.842170486250928496e-01 5.990087724800732261e-01 9.672577793143978253e-01 9.547693883511148005e-01
9.982648750389269132e-01 3.627680095969243457e-01 4.691750016893517783e-01 5.959109511039258900e-01 3.396704975265575355e-01 3.488228048437427287e-01 9.240340289278585750e-01 7.184596494748113349e-01 2.450006729430267427e-01 3.742556935158964926e-01 9.212909907148187916e-01 3.840729067876800240e-01 9.381500779958029668e-02 7.590054264763433922e-01
2.395619036542681046e-01 8.655805532580809203e-01 2.421238275260663153e-01 1.874925238370275249e-01 8.660708202107729736e-01 4.379642069122197112e-01 6.076409869639501915e-01 2.636513454494292530e-01 7.497146445339806231e-01 6.810383700633403370e-01 6.687870835713290996e-01 7.597481221880509894e-01 2.085671525751251476e-01 6.632483171805110267e-01
6.720539116184018891e-01 5.004391795494446127e-01 8.140099425139819544e-01 7.286915056621942055e-01 7.298076762497257564e-01 7.816520262210597814e-01 7.231543841708404363e-01 4.252536427509997496e-01 6.442955151027334182e-01 4.265127891253189807e-01 7.506971327944444994e-02 2.104300425714022982e-01 7.027459143355585525e-01 8.371206398533216353e-01
6.044481554708704962e-01 2.650642865564186712e-01 4.829553524610856741e-01 4.805142002137016144e-01 2.406785897739152080e-01 1.412423606212093175e-01 2.923048537350957377e-01 4.615695857070577501e-01 6.026887600077109886e-01 5.724539717587489029e-01 6.663456873028621441e-01 6.902587320635357182e-01 6.563139992029369818e-01 1.986115744361168778e-01
8.062827364343906345e-01 8.169838291792513862e-01 1.347746221211784112e-01 7.069768978312646057e-01 8.139744230972688621e-01 8.503609740161192088e-01 1.726884717908826472e-01 1.150612036129520233e-01 7.610336207134543729e-01 6.534046262640771374e-01 6.778609385976628321e-01 4.293087870325089650e-01 2.171173750962238636e-01 3.594097508266643759e-01
2.461881959018230592e-02 7.221251055743148628e-01 9.254766326551072675e-01 2.084557413118418578e-01 5.774826170990486895e-01 8.721155805175326847e-01 9.670079777304413371e-01 8.058568131911266752e-01 9.619475460038675596e-01 9.375251024486271900e-01 4.222174039470824036e-01 8.950706859901942369e-01 9.427038353902578161e-01 7.128993338225253495e-02
6.833542922805978526e-01 6.640285393092482114e-01 4.146966534369042057e-01 6.342541148186879862e-01 5.737384817902804190e-01 6.019669166415471118e-01 4.385392310913287517e-01 3.165524957592458222e-02 5.160578425044581863e-01 5.286388964781491007e-01 2.429786972373704224e-02 1.422125628096315708e-02 3.967192237343257766e-01 1.996912987212603463e-01
3.371366624653415744e-01 4.504945461565146303e-02 7.128042025699445894e-01 9.367938115489886641e-01 9.649222646117623370e-01 7.841101401622009304e-01 3.411693563843541943e-01 3.259433055304090665e-01 7.228873723566843212e-01 9.768793575847309896e-01 7.263728631036177052e-01 4.104124723607666114e-01 6.982154408526244360e-01 4.395015948185355681e-01
2.066915532770248198e-01 7.357941019857713316e-01 5.583007318667456698e-01 8.471758412971712726e-01 8.340911668299254567e-01 3.990234949763861172e-01 1.842755059975357268e-01 4.232599266477246047e-01 6.977349754026692663e-01 4.190001516808502524e-01 8.457989291136523979e-01 7.703102031628241697e-01 8.279901797395015084e-01 5.505506575290498583e-01
4.903708845571091990e-01 6.542056218812875024e-01 4.146062208456109399e-01 4.512619566753026668e-01 2.195953293916871329e-01 7.952483445016663710e-01 1.883803189034097825e-01 1.790732253238616067e-01 3.539033199565818633e-01 2.071265925390824991e-01 2.164913225273437103e-01 9.594922922214471628e-01 9.022294146027866057e-01 2.810357488266285175e-01
9.273627731858652412e-01 9.886066338184892333e-01 2.291801603991908687e-01 3.584601923311044880e-01 6.739402000128164039e-01 5.221646623447182556e-01 8.843994995611884624e-01 4.700683004589063518e-01 3.233667140094357295e-01 7.749637494827716910e-01 3.071507752400131075e-01 9.490426820759674253e-01 4.198981145146174487e-02 8.827607118253130158e-01
7.353432447101071467e-03 7.571740929607129189e-02 3.758863828239101812e-01 7.008464786807988567e-01 9.449754883108224535e-01 6.271461672034981394e-01 9.832477677211505229e-01 5.812088666776845658e-01 9.240483396410447137e-01 7.704186607497413020e-01 9.950279239990219571e-01 8.458071272936182883e-01 1.169159415742049291e-02 2.458588455142507456e-01
4.485891608504265493e-01 8.377455030280818171e-01 3.636441911707523067e-01 4.726584207044051134e-01 9.691061434019242471e-01 2.902965042300974519e-01 7.635621762874996721e-01 5.843688907345970796e-01 6.853489828626702085e-01 8.889225052530808080e-01 5.031713480703758901e-02 9.240214419815724334e-01 1.729825815662433541e-02 4.070445394870083611e-01
