3.086124633004539985e-01 9.607547137451369901e-01 6.767134997721885314e-01 1.280493756544346384e-01 1.176091558816333427e-01 3.209335889976141498e-01 3.621158536709769837e-01 5.203896744071595526e-01 3.524526419042852687e-01 4.103026048963719363e-01 7.371956248886846197e-02 5.423537239983535763e-01 8.699803557804922649e-01 5.684853879795140896e-01
6.879125215327932530e-01 6.024131731555394387e-01 7.877124264997985570e-01 3.602541328375585827e-02 5.127921901258278847e-01 3.109151093474826766e-02 7.879975848306586261e-02 7.088161370688230711e-01 3.459694574204221773e-01 8.942292565500834511e-01 9.287212205468633464e-01 9.282082101506285987e-01 7.896562270406519701e-01 5.508478628600750326e-01
1.697599593956479191e-01 3.727851845958159993e-01 1.837624256841597914e-01 1.227995330238915717e-01 5.459655077859005834e-01 7.498929009386015032e-01 1.205120939995576457e-01 3.728743702765893175e-01 2.428982632914861162e-01 9.041478368210587035e-01 4.721187118110600212e-01 7.230344262048792325e-01 1.468762339589956278e-01 9.989680081201270934e-01
3.093542938897211325e-01 6.583795708831083893e-01 8.524223940888249196e-01 9.022610895386038443e-01 3.704274143665033936e-01 3.098247145412322823e-01 3.466576108829700908e-01 8.666073175460786704e-02 8.678551980257901421e-01 4.243212860107892226e-01 8.037074326799797941e-02 8.694030059789772391e-01 3.983482835520296694e-01 5.793727355719249239e-01
6.385474480534488739e-01 4.828881923760324213e-01 6.968777544243620614e-01 5.358584461823153733e-01 7.937299032759324025e-01 3.941842216139179733e-01 4.243507194910667302e-02 5.254253113843191381e-01 6.959655245568301396e-01 4.626769133288569646e-01 7.507355087189014897e-01 8.940861788290122014e-01 4.680360448599487633e-01 9.064005888949897560e-01
2.305152966508021706e-01 6.360744720278643793e-02 5.526947743050405482e-01 9.689092430914041376e-01 9.499730781374693400e-01 8.722742192785437609e-02 2.507650519959625512e-02 3.991582610806411191e-01 1.296606724718669668e-01 4.853072458721990889e-01 8.550155768370842901e-01 9.149503111649083253e-01 6.604716432051935815e-01 9.854185360594303056e-01
7.718031201102857342e-01 8.472106826146851288e-01 9.157891433674326676e-01 7.950743859808313552e-01 7.091346553139277198e-02 1.837989025163291323e-01 4.943497932448143173e-01 3.968951846968252761e-01 3.577764619295646931e-01 9.336796175963959499e-01 7.458982734693152539e-01 5.168710938544082145e-01 1.443321911544409586e-01 2.587808014609699336e-01
1.612989611072743745e-01 6.219058617064536776e-01 7.903968481934264823e-02 4.902124110483985220e-02 3.404009788777684342e-01 8.815117627037868386e-01 8.076297203260414115e-01 5.029399240812937322e-02 8.774955014565642974e-01 1.991638898531542523e-01 7.001268539249798639e-01 1.113655350859615867e-01 5.664355344013040083e-01 9.966265520548753809e-01
3.197006579391399317e-01 7.610499416480260848e-01 3.704594912660981176e-01 9.761599713587612026e-01 3.418037782686492720e-01 1.355062793240835450e-02 5.092373837029570138e-01 1.997362599786610682e-01 9.320965465377397674e-01 8.160513689980075647e-02 5.112108364736654975e-01 5.186617238282149600e-01 2.901113847713927552e-01 3.372800007981020531e-01
4.878801609793852467e-01 1.519148866159159006e-01 1.240644368125269903e-01 7.554732272649480329e-01 5.685183038269566724e-01 1.538934914274476817e-01 3.950169597057174853e-01 6.954263987087639931e-01 2.215553212243370762e-02 3.175607324589838631e-01 1.630111281734546447e-01 3.211352283625984461e-01 1.055016330119917800e-01 5.342703097180865335e-01
5.938499138335397998e-01 3.019261288514339947e-01 1.839664366521888139e-01 9.775403703643623654e-01 7.489463286000445086e-01 7.375084828844713503e-01 9.030418844982135429e-02 4.784674326116091780e-01 3.987522576878810288e-02 9.896762553344611302e-01 5.567616258334716628e-01 3.293697034662713685e-01 8.924476099494271786e-01 2.015369267453386293e-01
3.047706865593299286e-01 3.830464884705964135e-02 6.947081478835548385e-01 1.552048491473123626e-02 6.067028752036401906e-01 9.677676970952274749e-01 4.215426533193649128e-01 9.438025840786774534e-01 4.358063858820544478e-01 5.593913880421600426e-01 3.136453544509066882e-01 1.321143032390161842e-01 8.770887556367601423e-01 3.123033659267832052e-01
5.561951789659962397e-01 9.234330181595512554e-01 7.743933613047202513e-01 2.266674508072465954e-01 3.136684216328722297e-01 9.945127342052287878e-01 5.708689959926068758e-01 3.263997527577775504e-01 7.279810725598800936e-02 5.886875353384204423e-01 5.137452358933721763e-01 7.919430202012236464e-01 4.767812201042671560e-01 2.061275368944237574e-01
8.884972169101639228e-01 7.951844928482130204e-01 8.365000361840738696e-01 7.471273365571313718e-01 5.346887634614592155e-01 4.661857750048684634e-01 9.337222594424096078e-01 9.806612094061972762e-02 4.432940034848218414e-01 5.947658731718772351e-01 5.281258841628965195e-01 1.529509335832088812e-01 3.162769417209524425e-01 4.879280021307951243e-01
2.337471605911476402e-01 9.316818066064225246e-01 8.907838003256116632e-01 4.639894755707829610e-01 6.221431611282158824e-01 3.527836575497100835e-01 1.924212754134100312e-01 2.293358292239700003e-01 4.771276925958383153e-01 3.655335303705026240e-01 1.060545174354883269e-01 7.397592453318444505e-01 4.343529551081024564e-01 7.660371119539538531e-01
6.706981846153259319e-02 6.421724943725621859e-01 1.665206844802462616e-01 7.850598076343436871e-01 1.777772888772690685e-01 7.204525868868867367e-01 3.513186841408227901e-01 3.468396801592313894e-01 4.165556880720003852e-01 1.522116318729569429e-01 3.490912634126458469e-01 5.627905314248968782e-01 3.158169926575250530e-01 8.688154606437943350e-01
4.190249258473769389e-01 1.454388479054158356e-01 2.439387717770576947e-01 3.427300674889166565e-02 4.859088969200313635e-01 4.762594713007938241e-01 6.450586090084494684e-01 7.472328271283792400e-01 6.054703190921074674e-01 6.562296570417484043e-01 9.359203778113458494e-01 5.574530706224356535e-02 1.448198514478504784e-01 5.032255425309460906e-01
1.219239455797194172e-02 3.079468303535548568e-01 5.570649730539711797e-02 1.241722368958272371e-01 7.882180137243168794e-01 7.198655920002665631e-01 6.607594923523383290e-01 1.162784109401876487e-01 6.168268344444622908e-01 3.901729045139260554e-01 2.746379425141443065e-04 8.959435118309382329e-01 9.864408000398895426e-01 4.060345012258487207e-01
8.594202524305760704e-01 3.643311480287817483e-01 4.477802018726342315e-01 3.680666772402326758e-01 8.359490360837977807e-01 6.730696576739918502e-01 2.819201418734578191e-01 9.345113504783624236e-01 5.274849418018386915e-01 9.253390488172063000e-01 3.721165597190919661e-01 6.829409545889462141e-01 5.138847364288607888e-01 3.063445520756202800e-01
9.897953815659393806e-01 3.451357331891308222e-01 7.138830336901690332e-01 8.237418733955529371e-01 2.256819941584335965e-01 5.618525254810924352e-01 1.302320261361121778e-01 4.833720267095571455e-01 1.470191597913886872e-01 5.412911882380090356e-01 2.762010982226693612e-01 6.689971378263169788e-01 8.731986030717581171e-01 7.797545113122703597e-01
8.461141074583705679e-01 1.380383835768816958e-02 5.638340107481629726e-01 1.827483311013140543e-01 8.123975933560623197e-01 8.645287399853230914e-01 9.309905639443745162e-01 4.740153196583403172e-01 8.948473633747549005e-01 7.201885652940154259e-02 4.283439346944409865e-01 6.362655550165557949e-01 8.469460472453708144e-01 5.082953811644193021e-01
9.779916894061850829e-01 8.670993741208015138e-01 8.631853375018250230e-01 6.556994514312073363e-01 7.631691449656006210e-01 1.894552104038303986e-01 4.784072746980840840e-01 4.820631221905549157e-01 7.658687957138434754e-01 1.535511338106297918e-01 7.073709088726894967e-01 2.268008424028502557e-01 3.485762743254954277e-01 4.343929133043378243e-01
6.935539441644168468e-01 7.918220604282688591e-01 2.910886322964191253e-01 6.655021277208321706e-01 2.037615931021787841e-01 9.523437134042992414e-01 8.930123992275617040e-01 7.723195049408020374e-01 7.002534342213219132e-01 2.372754844960869303e-01 7.226543193242918051e-02 3.317151073722127697e-01 1.162130343025497003e-01 8.400285750928260242e-02
1.538660838425155442e-01 3.075237631140540495e-01 5.583255811343831310e-01 4.818360833031071211e-01 6.713630247057740252e-01 7.995413318671712455e-01 8.627062781029088967e-01 2.993903691723749372e-01 9.267323898549337802e-01 6.395703173491014137e-01 5.160652622327183137e-01 4.055406684140870910e-01 5.877629945573603631e-01 2.324338029979502451e-01
9.154580311604815224e-01 8.116323793607426174e-01 8.280180271641035539e-01 7.618243561102898687e-01 3.063345974023007345e-01 2.381077451468371908e-01 7.581604248972795279e-02 7.330371073010071292e-01 3.892533683964518598e-01 9.452769516034101871e-01 9.318952404635443276e-01 3.379472610669459476e-01 8.492304486540576125e-01 7.971280986580643324e-01
5.655070666544993463e-01 1.938073839700937828e-01 6.961253794492936464e-01 8.487525562139867086e-01 6.149505149138498883e-01 2.729233839814187990e-01 4.093191567400611408e-02 4.827668025402538365e-01 5.146653998724225465e-01 1.682351565882191924e-01 6.706812085739201068e-01 5.717571864257017245e-01 4.309267652406272298e-01 4.998244087868387586e-01
9.999389853363668257e-01 1.898094378615391431e-01 6.476851592425624249e-01 3.062199467778609074e-01 5.284295066771486082e-01 9.601932348471402534e-01 3.388585278141048596e-01 6.740118515859750969e-01 2.539323138986835371e-01 2.566247660177900514e-01 8.236965202588411028e-01 1.149784889249673148e-01 1.801478694979613548e-01 7.088162645433869757e-01
3.405359018228942825e-01 7.917146746113622457e-01 2.027213235968703398e-01 4.843450889686337080e-01 3.701337951663737913e-01 5.700075766454729687e-01 2.082130697565569566e-01 1.799945376003698749e-01 7.070459106643212088e-01 9.992732248794689021e-01 1.709947515157532738e-01 4.881937456645067952e-01 3.791573459705265270e-01 3.424255135693504704e-01
2.076564671016072339e-01 2.961446109759180434e-02 8.751768511740851686e-01 3.653066023189599498e-03 2.656557719128753714e-01 4.088570714440956655e-01 9.843572146118159116e-01 7.794514469684254987e-02 9.583793229642755263e-01 4.891262962717755070e-01 6.941728727869982407e-01 3.379826337969287220e-01 4.796427134884013732e-01 2.488178716456006523e-01
9.392860677025492988e-01 9.947778921521800433e-01 1.577416367974706635e-01 1.293989887349501489e-01 5.210880026010146215e-01 2.162416226305783340e-01 1.324897978495592765e-01 4.430715553116837402e-01 4.785376692333620507e-01 1.842277037834437747e-01 2.091988730584369849e-01 1.976002419551337042e-01 7.652205959434317251e-01 1.047934047346743558e-02
7.212599509448698321e-01 4.548943560696026012e-01 4.749726747574920527e-01 5.284928082527624582e-01 6.740034957062874810e-01 5.129512643432275754e-01 8.400521860210276026e-01 5.908063904079893236e-01 7.414661497043151250e-02 3.757677965594332647e-01 6.755500279964354871e-01 6.375978859052698899e-01 4.669101483532843710e-01 2.601616235468917626e-02
6.588207154735222781e-01 3.227280797744813690e-01 5.666635802926954790e-01 8.112093234908371864e-01 8.278997823320102256e-01 7.890527864604878205e-01 4.759160242760267501e-01 6.822949218147436046e-01 6.635006086541220816e-01 8.683839384310527709e-01 1.198398389237123052e-01 4.768513529614306634e-01 7.859536446519591602e-01 3.180182246227523102e-01
5.019349435335086484e-01 4.269276094662702858e-01 6.262932047689880877e-01 8.212506666619172613e-01 1.484108764088126753e-01 6.813263179719308837e-01 2.686734965637944672e-01 1.877408275609339094e-01 2.127595270285439488e-01 5.199315717826964445e-01 6.319658126761253936e-01 7.709437535948359121e-01 3.572621137552218773e-01 2.658544724727638364e-01
1.240101698180003931e-01 7.454996030395525386e-01 1.036312187101858795e-01 3.631518193028093755e-02 4.057542663843410891e-01 2.417434858177103241e-02 2.964924382095115440e-01 1.585747730602377059e-01 3.968170432033906181e-01 3.265125534426072118e-02 8.435767511823057951e-01 6.313205164664574820e-01 3.996172009922414059e-01 2.722658192468381255e-01
1.398928551196054748e-03 4.309467313504693475e-01 6.301712013748815844e-01 1.449379433633221081e-01 2.300066027027498627e-01 4.970094391746753271e-01 6.280543485308297535e-01 3.467240758701731762e-01 5.163086330179034178e-02 2.291010562468772660e-01 1.543702301480690542e-01 5.943719997728547089e-01 8.036560129237360073e-01 1.029624643629805103e-01
5.303906312110480137e-01 6.420230224665467444e-01 9.413564834895701283e-01 7.713751572561412528e-01 9.480833991791559612e-03 5.085228632809314364e-01 5.105693250142537831e-01 3.737288312846684946e-01 2.548812090578675971e-01 5.626640034594921902e-01 8.273865702778991915e-01 3.213027800908057063e-01 9.045099436851011809e-01 6.968874893704407603e-01
6.570921990292435400e-01 2.905735465334258194e-02 6.783858615680689041e-01 7.012075729583239214e-01 5.774047514238892509e-01 1.514227297401783412e-01 2.560971101780605830e-01 8.685257730789042174e-01 7.230785044600167577e-01 7.529573898593292514e-01 5.303051418674565864e-01 6.681288411945034422e-01 1.058990188210381378e-01 1.784256435145485931e-01
1.633269314635664715e-01 4.773871320977636223e-01 6.248241213080647505e-01 7.590771963398847966e-01 7.042447841290522259e-02 1.028404818163421997e-01 4.887765404909950595e-01 4.667901941412896383e-01 3.637431589689923417e-01 7.947521646459279054e-01 6.586506251793878830e-01 7.442824537460290824e-01 7.809352874269713807e-01 2.953649817109323950e-01
8.986485529878107670e-01 5.299825303994147863e-01 7.910138046828152358e-02 1.709143800172635563e-01 8.427099680093841361e-01 7.240961151075222535e-01 8.827214285651618919e-01 6.821042060398255780e-01 6.631011517980321957e-01 5.004036177754016546e-01 9.959126989340932878e-01 2.633999193507052805e-01 7.196120132854740836e-01 3.913323945665896364e-01
1.137318747903778293e-01 6.523214872128435537e-02 9.886370012571435995e-01 1.912854386300301135e-01 8.745425177197593269e-01 5.867810146366377877e-01 7.423959209655982550e-01 1.402907557613288780e-01 4.318779578376932271e-01 9.067648711792388738e-01 3.409471658512825964e-01 4.739433812004303359e-01 8.429891339183409604e-01 2.453431349480200696e-01
3.423359610783286433e-01 7.143585496522852907e-01 5.007300395446425689e-01 6.721401802904303224e-01 3.748036109287106177e-01 7.255230369246363775e-01 2.371422875334124880e-01 5.156164564020010443e-01 9.328171549111466954e-01 7.551116434271928357e-01 2.572601183455088814e-01 3.298766754114206279e-01 4.972266903099689106e-01 7.814320017291661591e-01
2.267779089643651158e-01 2.699785925404369902e-01 6.433493966264678399e-01 4.187041706832772547e-01 4.069464613833857491e-01 5.478250446359358428e-01 8.597320969420862991e-01 2.066205734927968329e-01 1.895960732126367176e-01 6.433633914244344387e-01 2.585162323230431047e-01 8.463428704094762001e-01 6.511885606793591519e-01 6.240956775343667884e-01
2.232861362536986416e-01 9.881677352365967337e-01 7.569234397012987170e-01 2.321005537156665133e-01 6.922928687774234646e-01 5.863496506194936231e-01 1.492130797182622537e-02 8.492629990469459100e-01 3.551547655740738829e-01 9.091002963179963814e-01 6.202116213763348984e-01 7.422007077209887838e-01 4.434442742997702913e-01 6.271276092791246981e-01
8.502464817338118985e-01 3.834506294239143909e-01 1.267493434520339246e-01 1.880724669284987716e-01 4.089012946364835033e-01 2.574905735756218839e-01 6.930469327205002195e-02 5.926794398065389213e-01 9.898459477805637841e-01 7.523240994367351719e-01 1.786112927167229358e-01 2.715056575217206225e-01 8.959206494223226347e-01 3.858717706645627965e-01
7.196779766164671521e-01 6.633278954288569507e-01 8.388011542832016776e-01 9.327302289678741642e-01 1.422734508883598536e-01 4.066880871685385479e-01 2.139982521303680496e-01 9.615918083056625987e-01 2.961863108717909254e-01 5.581514872230283197e-01 1.968084449525185908e-01 4.021430531251479756e-01 5.664392926347531221e-01 4.895047034575294997e-02
7.646626669594985826e-01 6.140133810540496784e-01 4.839039494251050622e-01 4.087442073564701017e-01 7.208769161137881243e-01 5.587569998576609187e-01 3.184174591045842995e-01 4.051463921700400039e-01 7.137604767544684092e-01 1.929471833960405558e-01 2.530598973652509187e-01 9.401869959055542125e-01 8.309218600645140729e-01 3.223355726743668548e-01
7.434871570713007527e-01 4.726504804220186262e-01 6.123192901057442628e-01 8.410241088973960943e-01 4.183990428425050645e-01 8.893565148497356576e-01 8.763859175079846686e-02 1.102839482160951068e-01 1.631487080238891441e-01 8.832803174871670659e-01 4.161887065941839436e-01 4.194352631798925479e-01 3.408468241252197162e-01 9.346166956889156996e-02
6.670636828615589264e-01 7.243611363234264688e-01 9.357686447429932608e-01 3.750518181810703622e-01 9.892474635107105785e-01 3.178722115831085215e-01 6.264761677019402564e-01 3.019026225989476231e-01 2.973329647550959631e-02 9.527447734516866218e-01 1.708092416241501210e-01 5.598546321676960424e-01 6.926317502474983456e-01 9.113545011418064945e-01
3.956716950488150530e-01 7.386074478235538088e-02 4.218891767593018205e-01 9.229936779725278484e-01 8.323186124445424161e-01 3.996490056618233755e-01 5.033390734021713220e-01 2.332478897597239920e-01 1.243846171008100576e-02 1.892988497445640128e-01 1.309177144732427411e-01 8.982148135968852642e-01 7.007012528181678634e-01 9.202082212621249813e-01
3.158066463835059734e-01 9.224985343475875510e-01 8.236974907025778059e-01 2.913762734099735185e-01 3.225487208316331067e-01 5.294177135234326981e-01 6.005360950361735561e-01 9.497558511763339872e-01 2.252759201814114043e-01 4.142564479723294113e-01 5.658023904869361465e-01 8.174610502728125727e-01 3.735220303148659715e-01 6.478951344416747915e-01
3.956262377843574596e-01 4.712420175871510075e-01 7.003062086702575018e-01 6.618511806853056845e-01 5.883215244314017323e-01 8.017252111474583165e-01 7.682650548368267218e-01 8.585347511570236012e-01 5.766989918782463587e-01 2.202459500879651033e-01 7.034829254941920018e-01 8.041691510821500355e-01 5.398579221856952826e-01 5.920992774431799166e-02
1.736491580026761072e-01 4.454391216871348425e-01 8.967602239299266031e-04 5.829007093811479079e-01 1.788226427836905330e-01 7.623300368584712272e-01 3.308408769448635267e-01 4.646834181316917833e-01 8.278597878250582021e-01 7.777606799451535213e-01 8.228361092604563609e-02 7.930901357100662574e-01 2.757702513246855780e-01 2.092033512224745762e-01
4.859489231600455650e-02 3.831616520966557582e-01 4.256578417827505678e-02 9.327098306187086019e-01 2.393205212114417613e-01 7.834016892767844409e-01 7.122991142195778114e-02 1.459710733643363456e-01 6.648795427477428577e-01 7.246007415424822184e-01 4.922504478764564428e-01 7.366550832410864169e-01 1.034262876181046842e-01 5.985392312707313867e-01
8.523499470855370186e-01 4.302864993431073648e-01 7.044972950200468764e-01 1.361345399967146541e-01 7.047943143165030788e-01 7.835047340900331836e-01 7.512781528709474577e-01 6.109598549541913615e-01 3.112210490831626153e-01 7.010568892181303635e-01 8.453147267638709828e-01 5.910020594515437153e-01 2.222393921565177788e-01 2.296337010804897494e-01
4.875404874074440453e-02 7.149886875518900453e-01 1.624475479823401791e-01 3.000249580839258190e-01 1.015504656033523467e-01 7.797738519597601226e-01 7.542078733373750454e-01 6.022678445884296350e-01 9.428766735236838725e-01 3.984473032489672661e-01 4.660846397428537458e-01 2.372888167870625953e-01 3.206653565420169993e-02 1.751041148710423823e-01
8.581333699148020466e-01 5.044271425436784861e-01 7.552867232900480898e-01 2.784456630238025809e-01 2.640591352027140681e-01 8.717852287581010495e-01 8.971986204051747293e-01 9.530769130552858570e-01 5.080887517104915041e-01 4.807551150912164895e-01 8.500895326785238293e-01 8.086442688737591755e-01 4.484355387924158221e-01 7.364536309317039064e-01
6.822567797322102168e-01 6.035493733234690295e-01 4.863325068424007025e-01 7.773992572937704626e-02 3.591048014179345493e-01 6.482451332425723800e-01 8.384772741470931656e-01 9.556565556394949201e-01 9.550122439388309958e-01 5.555463588932144647e-01 4.900429659328087162e-01 5.814314803481444027e-01 7.582548726042941389e-01 2.024547130157638986e-01
4.887997819014539003e-01 5.460278328015609750e-01 1.075672778876696212e-01 8.525547161317841294e-01 3.425199182467841830e-02 2.966799855591474300e-01 2.556817684086885034e-01 7.303603102208557907e-01 6.349542880563986413e-01 2.633699415032867419e-01 5.518047148033210503e-01 2.352570576754081655e-01 3.322013101811517322e-01 7.324276783970721239e-01
9.274572091297731413e-01 7.106193999768125602e-01 3.473037099630944535e-01 2.736907295299448872e-01 2.920625367922859983e-01 5.713471950142824385e-01 5.767500441141714118e-01 3.113573743787289017e-01 1.543670270704975422e-01 5.760890366678705909e-02 7.744728177880579878e-01 2.772387179353865694e-01 2.509786113804197694e-01 9.797946693887316094e-01
7.288532277699522055e-02 9.762860581165140328e-01 4.134239959207614001e-01 4.155720787003209793e-01 1.625998532413576170e-01 8.681050985185656543e-01 7.115466131740170175e-01 8.711837433986124868e-01 1.104847020602143237e-01 7.831963871749970663e-01 8.270374493174130759e-01 3.765344970492620069e-01 6.426500051768773147e-01 7.953687176918973201e-01
6.643522782406874327e-02 3.286621097753573695e-01 4.904164850647281249e-01 8.036452871232224737e-03 4.383498423951925904e-01 7.292084550668490595e-01 3.049191757196393349e-01 2.413641680890468155e-01 4.771799080943666116e-01 4.400128846819884032e-02 6.810110287971994358e-01 8.319223054289628383e-01 3.027172469051220283e-01 6.527460109254383802e-01
6.471683115503663597e-01 8.725008914328341580e-01 2.308146155506274333e-02 8.631584292532024083e-02 9.805253552323912603e-01 4.280552466235160169e-01 7.910927373572393950e-01 4.707727685279283758e-02 6.442083230450834641e-02 2.893329694708715039e-01 3.142972767014251545e-01 6.647371455189210465e-01 8.579303202566197495e-01 7.970628546723784735e-01
8.569837475133005311e-01 8.238507185930388221e-02 4.412384314503581262e-01 8.098884441409344159e-01 1.980687716565312506e-01 2.390727250472252097e-01 6.656980142641230058e-01 4.227616216190591691e-01 5.235273928481306571e-01 4.632536764956837194e-01 5.019616509291342510e-01 5.741197061703914306e-01 7.288848121724937901e-01 5.939838919514863758e-01
9.858271470250733470e-01 7.751212172401666933e-01 1.841018487400146730e-01 9.160340909897992656e-01 9.106208609683128508e-01 6.739331614521741898e-01 2.520065385917459322e-01 3.382702491342221007e-01 1.805445483465909495e-01 4.142995348160467550e-01 9.157594161769244678e-02 8.370692534677020014e-01 2.868652677859274691e-01 5.455952486017028313e-01
7.355341303760228877e-01 2.741504103408333171e-01 3.556054829619579305e-01 5.741104338673463925e-02 5.877980600870079675e-01 7.497053993758274748e-01 2.304701634093070384e-01 1.855512042987264021e-01 7.028790922524003060e-01 8.657345353239263019e-01 7.556263486907238702e-01 4.193337332166177100e-01 4.864930027892112596e-01 3.106127000294818252e-01
2.469410768953270718e-01 6.470082872271631924e-02 7.191383458663953565e-01 4.668101203796740650e-01 6.543617688683759370e-01 7.818687103675281413e-01 4.833222133993070324e-01 1.514656838488767088e-01 4.419213646480902868e-01 9.704947283957043869e-02 3.467283549329549519e-01 5.420648185992626988e-02 8.704268781029540492e-01 5.298782385736154898e-01
2.277655866380194905e-01 8.155909108156400578e-02 9.216787712991602044e-01 5.376923867643875754e-01 5.264518016878391160e-01 9.492355710182177608e-01 8.055387512323669563e-01 1.249717549954177942e-01 4.925229070443137847e-02 3.603830947435526788e-02 9.768252465620639313e-01 8.910136032666514661e-01 3.799572295319001425e-01 6.742696396589411556e-01
7.492772628761733555e-01 7.368508510621409879e-01 2.250311918475634831e-01 2.125418876903881760e-01 9.358237235890192185e-01 7.316724513652980155e-01 5.417440350515773106e-01 3.229056667567855587e-01 7.648459262315764340e-01 1.016792925040184148e-01 7.540839325450592323e-01 3.062203394131020051e-01 2.743457132987874303e-01 2.949987350484761794e-01
7.674424874725813694e-01 1.904902749043801968e-02 2.360176023881008778e-01 4.143382596945638374e-01 6.334949617247385145e-01 1.245903188053693045e-01 1.723028851031177533e-01 5.560410205863161037e-01 7.616176120576010344e-01 6.883661915283253441e-01 8.339476448919198592e-01 7.711858751027733661e-01 1.095875437120670259e-01 1.651362535473137605e-01
9.373870784084681329e-02 1.350318253878046715e-01 8.401210016794650182e-01 8.502685576987017990e-01 6.352095862124991221e-01 6.355121706188421316e-01 8.027940734046989935e-01 8.364319220453432235e-01 8.226980409382763648e-01 9.823120614126004124e-01 3.940208852887951974e-01 7.020768499364085091e-01 1.423724184675886351e-01 2.102481599182435268e-01
7.946680906303971170e-01 1.064704790069843643e-01 6.338920582806072401e-01 8.398078840915201848e-02 7.794425639005022610e-01 7.911199797419855573e-01 8.142058259636264506e-01 3.585228820695319785e-01 8.809818781386083986e-01 5.767918543510258678e-01 7.606010027657413852e-01 2.263444516515957794e-01 4.703548739229054254e-01 3.812190410712952282e-01
2.166174650787024980e-01 5.270707971903398903e-01 4.475837228713586136e-03 7.172248263662982515e-01 9.474740179036253984e-01 6.748000865221064348e-01 7.384261002856621348e-01 4.346806038589309251e-01 2.728399583608234202e-01 6.001954773952407063e-01 6.481135537724513895e-01 3.889913106361961859e-01 1.151581778827895919e-01 8.048420743770066110e-01
2.087284666765097940e-01 2.634893347291712429e-01 9.094729317357684861e-01 5.928450217017455781e-01 4.680139852612819062e-01 9.450072326524966426e-01 6.495079530395582168e-01 9.895792578595352662e-01 5.037734962590465493e-01 9.141282057567186037e-01 8.410141501647693252e-01 6.620073633163536808e-02 9.952608168493055629e-01 2.524232341762344678e-02
9.608909009940257429e-01 3.212937821636541180e-01 3.454781995993797539e-01 9.956991558222461070e-02 7.943464053712523398e-02 3.311804874721701042e-01 2.531136023273161673e-01 7.919516655393959992e-01 9.323040909954611877e-01 3.327560292818070309e-01 7.457955620279969056e-01 2.609432992014389940e-01 4.092179020428278191e-01 9.315062647657408323e-01
8.473354352923884170e-01 5.648269777767023214e-01 4.979385235231170714e-01 6.983269636029353356e-01 3.284674468969734917e-01 8.410760902892375768e-01 3.304005164104956149e-01 7.820196716074110377e-01 3.290607147188329140e-02 9.946947552762502864e-01 5.117640349363237195e-01 9.071867556244173070e-02 3.664895736912229252e-01 2.841350185105605552e-01
9.704091926407178992e-01 8.297082420206189912e-01 9.190222218231665074e-01 8.172152941578922913e-01 3.946708415523376701e-01 8.876008430766116897e-01 1.467866304387722698e-01 7.589693201372976761e-01 5.275567205121677317e-01 8.109414870753566262e-01 8.542007530494760692e-01 9.298190907224839208e-01 4.197341432308456799e-01 5.025452007410666777e-01
2.231898840174285636e-01 9.800143127198087667e-01 6.437814240270834931e-01 6.121275640483851976e-01 3.308610362001233041e-01 3.766582143044749920e-02 5.786581438150004697e-01 3.653268586626398085e-01 5.583945678554997905e-01 7.264816744212065913e-01 1.174137508844820266e-01 5.729570862000579190e-01 2.636830899561570796e-01 1.585653887361699876e-01
6.731711662380454042e-01 1.235532390791422852e-01 7.108171027115633978e-01 7.984157035357929422e-01 3.500097632261613967e-01 1.388289797010774373e-01 6.072348551765160973e-02 4.869775973780782197e-01 2.676778848401795141e-02 8.304056920597859826e-01 6.968199804486252535e-02 6.732900566203805504e-01 7.918108203440632487e-01 9.929025202582555387e-01
5.119392573578356309e-01 7.515125684864630839e-01 7.326651191073618730e-01 3.130105151495632398e-02 8.455591943740073946e-01 3.859686999631579685e-01 7.809680695014290519e-01 6.574124505367267002e-01 6.434139195930385080e-01 8.837930850398251215e-01 8.221605537631946348e-01 4.293848898763849009e-01 3.966449405638267089e-01 6.061901764232786594e-01
7.669015792904725348e-01 3.693982127542650984e-01 4.778917415090466747e-02 3.265833186472111294e-04 6.305563017715513086e-01 2.989052139676894315e-01 2.224027857816993636e-01 2.400078252332236151e-01 5.103587822475618152e-01 9.718109395679459528e-01 5.581684855405774082e-01 8.026475932235263011e-01 8.105707823729059180e-01 2.286932073305767421e-01
5.341391290327583974e-01 2.460767749180866604e-01 2.203429861642036691e-01 8.664416392625643448e-01 2.756136643499972338e-01 2.159047034242691510e-01 8.672841960350431423e-01 1.127324025333809043e-01 4.309060329733611638e-01 4.788582884499089642e-01 6.998854375781053960e-01 8.055768452445259964e-01 5.950797453359476519e-01 2.587498396786216404e-01
8.775708081023096963e-01 4.817067309134217545e-01 6.468013939549313029e-01 2.770050029163084737e-01 1.678334226300763898e-01 6.160419582615003220e-01 8.791833544845037984e-01 1.813739466055207528e-01 4.655518663620472619e-01 5.689304364686265103e-02 2.292944981995018727e-01 4.344957859955262958e-01 7.274240695175840932e-01 4.376177386342802178e-01
8.049801355666101887e-01 8.625684951973007220e-01 8.301729733897005303e-01 6.209973178714449649e-01 8.861723090184280283e-01 3.099825080941176481e-02 1.191573263570273600e-01 9.938920186575320725e-01 8.534909945781897767e-01 6.044343526874937922e-01 5.460408999196953994e-01 3.404118959427078206e-01 5.033213268352406677e-01 5.151198454959901030e-01
1.194478901582496366e-02 8.689236131083399872e-02 3.415378499324229766e-01 2.384426472012992626e-01 6.118716238637571525e-01 6.670762597997224042e-01 9.927500263688961990e-01 4.153923500171461392e-01 5.617428462533744504e-01 1.804817602488937300e-01 1.680815614725281737e-01 2.411132390039898432e-01 7.630236866374602300e-01 7.925128874042131066e-01
9.241454631970945632e-01 7.613653976240468690e-01 3.537885949555108489e-01 1.429628876140016658e-01 8.329508301976303875e-01 6.035769920569096225e-01 8.449181062058896963e-01 7.530274072428756460e-01 5.802206186502473217e-01 6.533256661783723995e-01 7.703548666518504895e-01 5.948989168048842702e-01 5.619844521605561471e-01 5.768396978367859029e-01
6.185135978794966682e-01 4.338971088733791781e-01 7.167439501848450467e-01 6.091043213282539837e-01 9.865680022330980403e-02 6.196044390581171291e-01 8.101425208464463346e-01 2.372928988516317395e-01 8.319698971543629806e-01 3.336935295140577296e-01 8.506756643984145771e-01 3.095632333434141792e-01 1.447132626119987941e-01 1.680111234405635701e-01
9.542592466907412474e-01 7.618545306262828332e-01 2.164386862305541781e-01 3.693525280612667272e-01 3.487068152222189132e-01 1.850596328527519541e-01 4.706344384777905177e-03 4.536009944868735211e-01 5.884847625127976878e-01 8.409713716875630851e-01 9.203296076770782763e-01 7.630464725542714932e-01 5.026539294561500615e-01 6.089672396802559007e-01
8.049863421422271959e-01 7.553378998313211579e-01 6.127783738892975673e-01 4.608636691222232074e-01 4.903835058472559849e-01 8.653350397559192997e-01 4.979501451187887673e-01 8.239603239892352438e-01 4.229192907912755484e-01 5.006225371485175657e-01 5.507311813878487117e-01 5.695206602330415979e-02 9.240195669464204009e-01 4.939320678345380244e-01
6.641643073393757035e-01 5.051272020432764354e-01 3.149161376186478956e-01 8.639721611118519329e-01 3.906192344935525140e-01 9.426942469714602035e-01 2.728167337723108599e-01 3.996693732847527158e-01 7.354091502696090688e-01 5.752640080314602722e-01 4.311734333114350948e-01 5.946563524866321782e-02 9.948903098451642446e-01 4.865100648304828690e-01
9.448360431656533942e-01 6.734315960011506563e-01 8.923862182763716566e-01 1.248629886458962890e-01 5.634396701239227090e-01 7.380634477130098015e-01 5.368935096678720820e-01 9.081196798838653272e-02 8.872245173697382858e-01 1.979999013743705127e-02 3.899879367476954961e-01 2.026377147141301682e-01 3.040435252030920799e-01 5.557036097191005997e-01
4.074489004620738264e-01 2.977531369839524489e-01 1.975919012667833874e-01 3.240881265213360063e-01 4.984880236482162053e-01 8.190203423526632998e-01 1.624088039413426054e-01 6.194089266993807463e-01 1.752674131792721912e-01 3.662301395925139369e-01 6.553442978624848259e-01 6.580688325861543397e-01 4.199118565624626598e-01 1.915136754167163780e-01
8.182571700937762982e-01 7.287176006800302197e-01 2.426750949590827933e-02 4.024397790160554322e-01 1.847557881828811865e-01 6.971119975406274705e-01 5.242363836477470507e-01 7.722569256442657348e-01 2.450529511754300227e-01 9.163065563713664874e-01 6.952722763254806093e-01 7.965187757966665227e-01 6.205985294335795155e-01 9.644823784524312327e-01
4.046770783796344029e-01 7.114286193938347269e-01 7.508558841683476981e-01 4.531780686644204525e-02 3.722953095542620439e-01 4.853649364137827549e-01 5.401162912735396615e-01 7.971507330046712081e-02 4.365235433930579889e-01 7.829063224781965813e-01 5.162153024997413464e-01 1.761166128308557788e-01 5.930395274103038572e-01 1.899107438537226411e-01
8.894442014590477896e-01 7.264574369165741619e-01 8.846462026901777964e-01 9.271459431285966613e-02 2.100893101912852945e-01 4.906224087974563330e-01 2.740684181087171822e-02 5.950839365008679938e-01 8.225227748184259502e-01 2.936739397240473171e-01 8.264175098868499214e-01 6.232619027551851154e-01 5.258487945078331727e-01 3.038996231418533700e-01
9.131343495061857718e-01 6.622728225125948942e-01 7.431208752799544071e-01 1.698512581325140047e-01 5.565526231750450581e-01 5.032829342531920380e-01 9.040096899982376089e-01 1.071588642637893996e-01 9.928263576317186700e-02 2.358693219031442467e-01 6.944285905913361034e-02 7.718361298128713077e-01 6.520029862126673903e-01 5.475839435074547623e-02
2.112890427073615962e-01 9.143922035492386691e-01 8.771111739089506587e-01 9.463758838129300299e-01 3.567345782193456216e-01 6.620371088421764805e-01 7.248385878636225410e-01 7.522573719965258698e-01 6.122506628216471958e-01 7.423545396100061922e-01 9.424464733479438472e-01 5.076075085630604722e-01 3.493232453518116953e-01 3.527026892497032717e-01
6.616344149216581982e-01 8.919562647947048006e-01 8.987404643240476387e-01 9.096509891452774221e-01 1.117951413779035841e-01 6.542839327982631348e-01 5.757035878679546137e-01 6.176685055848434303e-01 1.592048172521826066e-01 3.425869354295908442e-01 6.486912444928990551e-01 7.618137409291663165e-01 9.260601772369484452e-01 6.266542575617574107e-01
6.119777989882987379e-01 9.316752450367233873e-01 3.835880482375508826e-02 4.894413828622908857e-01 1.139587921177827035e-01 7.035914616043416059e-01 5.689402660372463449e-01 6.613868186695157636e-01 2.388628664326838402e-01 1.974099600805646615e-01 8.223853594886753049e-01 1.488985647604479379e-01 7.570010981328965105e-01 1.760583236390055317e-01
6.273633213764251426e-02 4.100999466378786318e-01 5.902878714779999925e-01 2.421072227624537776e-01 7.873711263973616203e-01 2.162283249589057599e-01 3.520637332885617754e-01 4.263696772282588032e-02 9.599022192550045185e-01 7.283230444326613817e-01 3.993150915043224281e-01 5.956331632541299603e-01 7.458943674288354142e-01 9.681278242137583145e-01
6.411796850678067594e-01 8.750164977064034399e-02 3.361725350044520999e-01 6.225649190427536839e-01 7.873735375595762864e-01 6.633885616576463695e-01 6.804828486740259752e-01 9.326728843555178727e-01 7.437481053325162295e-01 3.574967579099594950e-01 1.242935655596015820e-01 8.525866554871097680e-02 4.159323844826432470e-01 9.462923219164889321e-01
