6.074480828544651656e-01 9.902339879386427013e-01 7.623783988507321085e-01 8.418151691488759969e-01 3.633062509317406263e-01 6.640744340734699991e-01 9.238426351068894649e-01 7.028270499707874874e-01 6.419984164299448182e-01 1.239897271505628895e-01 8.043378106187915044e-01 8.435075741593119902e-01 2.309002047336989882e-01 4.930123406865654090e-01
6.713761343728388287e-01 4.960371358777979633e-01 6.158786293184623784e-01 7.438318055734475243e-01 2.549232481186296528e-01 9.190955834968924654e-01 1.347052761938321019e-01 6.198738636627459941e-01 2.842632465877504844e-01 5.163280868070044827e-01 5.806232228827928887e-01 5.105308675312636435e-01 8.153576709663253874e-01 1.434315912643221447e-01
3.817102145839902372e-01 8.554202806180243313e-01 6.508730837846009587e-01 3.847203840974267042e-01 2.855756455774507430e-01 3.831498913500164250e-02 8.921927105663068902e-01 2.845342114681608248e-01 3.034964013596325172e-01 2.992984122760320442e-01 2.913973128727653794e-01 1.138144230461630713e-01 1.608752545512259768e-01 7.152625309409075260e-01
7.925762772106071941e-01 5.589814350331370196e-01 7.284642016073555881e-01 3.165283679768774450e-01 3.117408359533757611e-01 6.958996794478335968e-01 5.746692848461221192e-01 5.504498829289101725e-01 5.737236710728232936e-01 7.209141649373811411e-01 2.971980404546306076e-01 4.701156120039469144e-01 2.660475359412632912e-01 6.876922299236615244e-01
7.279940787795692314e-01 2.581300085514993681e-01 3.166519767631721383e-01 3.545829240374490654e-01 2.608313836816202880e-01 3.176205571312991083e-01 9.331807236202963596e-01 9.207162775778519048e-01 2.876777022850613985e-01 5.850013995678539080e-01 7.325668731082469742e-01 8.303959578768849159e-01 1.927274053165461964e-01 4.127631078022007127e-01
1.073012810806782680e-01 5.274818782332060252e-01 5.604284035249373908e-02 2.185291532194678643e-01 6.609421346570607536e-01 8.509535796838554322e-01 9.673306556545954171e-01 2.786612265282617518e-02 8.896520551311083436e-01 8.820948551900541501e-01 9.212624591968248122e-01 7.097567910035686989e-01 9.481648115452842029e-01 8.368797616419280105e-01
6.589043323295882271e-01 3.086169459068177634e-02 2.168433012322749098e-01 2.753273549477613935e-01 9.805019230553188025e-01 7.294582316693749569e-01 8.005195116935183153e-01 2.149027028924703764e-01 7.961961014564368222e-01 9.650237916054849041e-01 8.447624291480884118e-01 1.484223594153604164e-01 9.522578347420715961e-01 7.028175411704324915e-01
3.304997819821191563e-01 1.291722796550213159e-01 9.570841329312266277e-01 7.384642424064780108e-01 8.346235776695848374e-01 3.122426819946788612e-03 8.977167430154210370e-01 4.523908543584354014e-02 3.680760573228853971e-01 2.587951824398031508e-01 3.663955711675123128e-01 5.649961620461804168e-01 9.463814051369259239e-01 9.901731573179441970e-01
5.399076853892337269e-01 1.444206316893567044e-01 3.001240716914139739e-01 2.324596476523624888e-01 1.439593951889442947e-01 5.120302017699779329e-01 9.212162365329467084e-01 4.545548091177702421e-01 9.205859406241316822e-01 7.101103140179728657e-01 1.762507246979730935e-01 7.254420767524397684e-01 2.810375329530678812e-02 4.274642234284146136e-01
9.524244653569839958e-01 3.989456202629170223e-01 5.393146112798711256e-01 4.070618840943790451e-01 5.339087377394617917e-01 5.103300022661013680e-01 3.475611729014920215e-01 9.640599197639327933e-01 6.741273983210375187e-01 3.358894729775999677e-01 7.527338598963938532e-01 7.834235169876707650e-01 9.677140057253064143e-01 1.177162332897644381e-01
2.929797899313343335e-01 2.517270109290870028e-02 9.156453306316957308e-01 9.479342551544287510e-01 1.147242180059572236e-01 3.090530040189288785e-01 6.614621432580863880e-01 9.935504387974336549e-01 8.006543093332350036e-01 5.363640711684419804e-01 8.519710381960614587e-01 3.526905091464518360e-01 4.145884993153600151e-01 1.467812694415528973e-01
6.893401999177415362e-01 9.174651606962721528e-01 2.094759625401728664e-01 8.851462525952062954e-01 5.690979310768473631e-01 1.169784245490819163e-01 9.735620951710599602e-01 4.449363104648407230e-01 3.180470786331887068e-01 1.133200662348502474e-01 6.373270694271394587e-01 5.044629677005332269e-01 8.843406744988040469e-01 1.389627284314080002e-01
4.910971442516107732e-01 9.933993448614342192e-02 8.805575617461803839e-01 5.939293369490219465e-01 3.521058651863541167e-01 6.093710755637471443e-03 8.219907719711524452e-01 5.231032386586413896e-01 2.157999282874943914e-01 8.671945870866009098e-01 6.468661202164348589e-01 2.338745875702550325e-01 9.301377576766317601e-01 8.159876620349686416e-01
5.428687171165238468e-01 4.657957964453410815e-01 6.654241027894206573e-01 5.656714774337069374e-01 4.390236794878220605e-01 8.224998040419422285e-01 7.073256553043016925e-02 1.731436756204356442e-01 6.213821867121788189e-01 7.929291681717300921e-01 4.752041874656955933e-01 6.324949576380305416e-01 5.748731878428320341e-01 8.862294981177394337e-01
2.538298361272350867e-01 9.700163624528614914e-01 2.234283737197032549e-01 3.806884377611109427e-01 3.333311115485257936e-01 2.992563272610218039e-01 8.902900623608056563e-02 8.278902749632625069e-01 9.147469179804245121e-01 9.279806508555913380e-01 6.178376982997650924e-01 8.583494835087152053e-01 2.034777356577122109e-02 2.082123915268354608e-01
8.134833616052415950e-01 3.568254101696229919e-01 8.194027984974752155e-01 9.852935052559208540e-01 5.288573379880819880e-01 8.754234477353070032e-01 9.364856401357702920e-01 2.918059342923973176e-01 2.283795599171578594e-02 7.463817973592918875e-01 8.590753430473687668e-01 6.889341677762835792e-01 9.563612581375252608e-01 3.491393897897160370e-01
5.842695255498032703e-01 6.904663808044564366e-02 1.960433935217348322e-01 2.439894522203115423e-01 3.605622833520176762e-01 1.236283794518414636e-01 8.236635600569012228e-01 4.876733524674015108e-02 2.326939575821382888e-01 6.389702009493849477e-01 5.227430376804691470e-01 8.624473306982289866e-01 6.529185963751640287e-01 8.901402579784932767e-01
2.537808591768164757e-02 3.193070761456591189e-01 7.474819533232168745e-02 2.626164807092293829e-01 3.404751098375692342e-01 2.518437055638312883e-01 6.934618019238516506e-01 9.849726180367097683e-01 1.141694090161777808e-01 3.250619244351107273e-01 5.066786758784757039e-01 4.256195651878695863e-01 4.744564172671080771e-01 8.482497251808179817e-01
5.955205078649080663e-01 9.941410812755111515e-01 6.351564643965541546e-01 9.954653620700485428e-01 1.638858837499435062e-02 4.056046152655360393e-01 3.089847093566300273e-03 2.196959935055334823e-01 5.110723798948484387e-01 3.227095071185157593e-01 5.841432961423207448e-01 9.360914010210170666e-01 2.016615657402883732e-01 1.039575317582704939e-01
6.528391580501139435e-01 7.317617087840785350e-01 5.962203313863608800e-01 8.501856045660838301e-02 4.264613430111308112e-03 5.540289606824022606e-01 2.006840488336536499e-02 2.529813275107384296e-01 1.431865879500393568e-03 2.992540627406510279e-01 4.410761984795161794e-01 5.035991143532214664e-02 1.226624743792246175e-01 8.544550181238433906e-01
1.160517220577371722e-01 9.975125697532721825e-01 9.813454869951591109e-01 6.316278196660451982e-02 4.195848218563948961e-01 4.338538295335772066e-01 6.478252179186980708e-01 7.119467016062519527e-01 5.679678392354466920e-01 3.457035820635865342e-01 4.185888409127286325e-01 9.740091372069898945e-01 6.009722952409913832e-01 9.644052302273555810e-01
3.873979414003370092e-01 1.460916730962561472e-01 9.058871500641810792e-01 8.597457246334381242e-01 8.225258715895541473e-01 6.713209811995881626e-01 6.279068742240261347e-01 8.310770046047037951e-01 2.096585460060401696e-01 4.928443639487981587e-01 7.144404279604960051e-01 7.270904421675723484e-01 1.376970521089793120e-02 3.673282424666777235e-01
8.445688610446151490e-01 1.571179779991436209e-01 9.066075967336443275e-01 5.172483909662156654e-01 6.682581807195745460e-01 2.153206778805027977e-02 1.250208167069835064e-01 6.345481006921038780e-02 1.726582799129601220e-01 1.192049515159968598e-01 4.277922730185031996e-01 4.728974615261816172e-02 6.704859531282199026e-01 2.776851321714234322e-01
3.759693063967448623e-01 9.266951356419783625e-02 2.790050486888075998e-01 9.594880483127846693e-01 9.651231060466411993e-01 5.383229182565983928e-01 8.968393288337602742e-01 5.207080343354688612e-01 2.013523052903103405e-01 4.296032683409988229e-01 6.863151656895000174e-01 2.667754659186605259e-02 2.432874561460538487e-01 7.974516301896978909e-01
9.478167534454184917e-03 9.635718381533391330e-01 4.707841288230449894e-01 4.292224976741013664e-01 9.374835162636216968e-01 8.746492768057628764e-01 4.830389559940221345e-01 6.475070125042964309e-01 9.104966654308115359e-01 8.023536633758793224e-01 9.548629512025444965e-01 5.127694177164144884e-01 9.148838587115371013e-02 2.825569540183696660e-01
9.062850420680776953e-01 6.476578505401351382e-01 9.015530188259766042e-01 9.089091589772702040e-01 5.683651481916471848e-01 4.625656652297390758e-01 4.595002774023858594e-01 9.961912475783151200e-01 2.717249897470155329e-01 7.688043218083862040e-02 3.352659692091044530e-01 1.415900829735060595e-01 9.202685951587027402e-01 6.283480448926880291e-01
3.133650512761445572e-01 1.824462242496430742e-01 2.715751308908405104e-01 7.150182697241453944e-01 8.373629544434689764e-01 6.008173044045765909e-01 6.057072665773378661e-01 9.929277748431974970e-02 2.547716544447854448e-01 7.561523939237513314e-01 6.170721615283651929e-01 4.643178165755317277e-01 8.068929295138108637e-01 6.198682835492760335e-01
4.303256272143093364e-01 8.995650574192586291e-01 4.836408657736877004e-01 6.790313702972492482e-01 2.058511820208320797e-01 8.403587578829063709e-02 7.296330025436931210e-01 9.318364891486395907e-01 4.370003809643338011e-01 2.317023464304850400e-01 5.097075906471660867e-01 9.076728363897085261e-01 2.948994522032175603e-01 6.509903123226825628e-01
4.369528144928034319e-01 7.373259652842493184e-01 1.226526641537759588e-01 6.997858010162754105e-01 5.085483441393070514e-01 9.062895415731264670e-02 6.151031397916471022e-01 5.589656370169527877e-01 2.058556923752974388e-01 1.867868545015911597e-01 2.921519543107012895e-01 1.969480882744665262e-01 5.192499977835052238e-01 8.504680155608910219e-01
2.725015028910499071e-01 4.699668268577950059e-02 2.406390170504253412e-01 6.165346381752068172e-01 4.309434463883062838e-01 6.179751509211590665e-01 1.973126255882340363e-01 4.472410822416805765e-02 3.272835498412869359e-01 2.183318292107161440e-01 8.346320878935323817e-01 5.893759646548087927e-01 7.355226246007212643e-01 7.380944296896133627e-01
5.526552066834307109e-01 6.140326207650893542e-01 4.195794734193086795e-01 7.485732895542417387e-01 3.955874740966414116e-02 1.287111801801739119e-01 2.502650848288940910e-01 9.433930628340329028e-01 1.524976663733025317e-01 2.310931778161514627e-01 6.305359350894218506e-01 2.789813720678775422e-01 4.231602684400735948e-01 5.681482675645499469e-03
7.475634826393838805e-01 6.387156127029711694e-01 1.592183241643867486e-01 3.630297566714747459e-01 1.784724594079065696e-01 1.826183896773139193e-01 2.565553349856628529e-01 2.919406268736650656e-01 5.038316038474658365e-01 2.190530562059130881e-01 3.751719612183548325e-01 8.639496790846117324e-01 7.806480324782749669e-02 1.918199047108322119e-01
7.514797211506051289e-01 4.316824493578630406e-01 3.678819270524418261e-01 4.644786559541967952e-01 1.532390734191237947e-01 7.825196343497350382e-01 3.446648237390498304e-01 4.060144951753599241e-01 2.497323126797533765e-01 6.299004313936927835e-01 6.921843664673433816e-01 8.529423078253319801e-01 7.901768768808886678e-01 7.374993391553720246e-01
8.405698958758260897e-01 5.937168799648079309e-01 3.706067326292412645e-01 4.912007894613427128e-01 6.189837647187544922e-01 1.038693376261050627e-01 4.448659437777844339e-01 1.321447899979274476e-01 2.780749583814579040e-02 7.271240190014516269e-02 1.536755341288684740e-01 9.428001515083013206e-01 1.003882615841950043e-01 2.452858071031772669e-01
3.934774304296407843e-01 1.374963703943533622e-01 6.934439143942406902e-01 6.600155201556134887e-01 9.522767365956614771e-01 7.656016240423043628e-01 3.002373627268999368e-01 4.567851825424289469e-01 7.978426512575728102e-01 2.360713365334654590e-01 9.855561279512872197e-01 6.156355921683922539e-01 9.580901554879610593e-01 2.441355375756723012e-01
9.767501872389361406e-01 1.196356536524543213e-01 6.169914622893285516e-01 3.284459215276613886e-01 6.808245319493081427e-01 8.831383204388423280e-01 6.436124265015175094e-02 8.004684530773574780e-01 5.381928911971707308e-01 9.338022396108109913e-01 9.771938104776254352e-01 5.004374758396372691e-01 1.835545216646433664e-01 8.394770196848326815e-01
8.664795776551351691e-01 9.642604319441181460e-01 7.997235345470720125e-01 3.420972847312793164e-01 4.994010985221225551e-01 2.295883982377222576e-01 3.558073366042185937e-01 7.497080774275011184e-02 6.837454783383967172e-02 5.829268787407491104e-01 6.881283856135128607e-01 3.839356683438263085e-01 7.488927494156356612e-01 8.498750921894149268e-02
8.824654136491286716e-01 1.488200802076307117e-01 6.763949134951844355e-01 8.272338316666478786e-01 9.967306517507604768e-01 2.373083403617687326e-01 7.605018001804938477e-01 1.192742484531207348e-01 7.437754576784745275e-01 3.765790505540191901e-01 2.644245683533051894e-01 3.066677765446907955e-01 7.945666017781839452e-01 6.891524761124506737e-01
1.096154932591391074e-01 9.574292946593632170e-01 8.283926935680102632e-01 4.549492632448198792e-01 6.070474497843836303e-02 4.323673689576176260e-01 7.906519010455081986e-02 4.923481538647113132e-01 8.310524170486163209e-01 6.453629272121309546e-01 6.298098096026890635e-01 8.280878984968182976e-01 8.294667758715636996e-01 6.259848130584165782e-01
5.160116375132243194e-01 2.383774526529087723e-01 8.829693085892054150e-02 5.164901070310393694e-01 3.351982811888267744e-01 2.496035930098619016e-01 4.127454156847597533e-01 8.555158061867917940e-01 9.904915572453620864e-01 2.610693339824341486e-01 1.281775279803519796e-01 1.261580674311036931e-01 8.586547634122735362e-01 3.211067790880952622e-01
6.675287840034288545e-01 6.549973954918520969e-01 1.333707178436139840e-01 4.077487640560482074e-01 1.306672374909008116e-01 3.407331057385566409e-01 4.140408661965592207e-01 8.560806912241188948e-01 6.671881169622805308e-01 5.603386969396777495e-01 2.285396940974713242e-01 9.191013836572581308e-01 2.530862073466874085e-01 7.218359618142035083e-01
3.645849583176661302e-01 8.259751004173043754e-02 3.048552547278364777e-01 4.874475622630183302e-01 6.096629691828564512e-01 9.885379350254238640e-01 1.322638530532918022e-01 4.506962607194942017e-02 3.263230544760392648e-01 6.303628467179538397e-01 3.282179053919774825e-01 2.945938653927459017e-01 2.641588071121310222e-01 1.743437689038792593e-01
8.162198927092050305e-01 1.809646889024729699e-02 3.894431915587331927e-01 8.892730526223416865e-01 8.590056212106679245e-01 8.323561316343909278e-01 5.524906114372130084e-01 8.323667890556242233e-01 5.154913396546222382e-01 8.412035091633555117e-01 4.595703366432223325e-01 5.328341319383922414e-02 8.020019122625418051e-01 8.166999220496019563e-01
9.919692860936875078e-01 5.299754165219016100e-01 3.812792579343858845e-01 3.793029350371663888e-01 6.615454419307509326e-02 9.679989704751646995e-01 7.440273278769282683e-01 8.800322739344489387e-01 8.533502075087919803e-01 8.343404640957116092e-01 1.535364086204807910e-01 9.362130848841013764e-01 2.482498755466934215e-01 7.749918795679251460e-01
3.503412788912637632e-01 9.981729914283062888e-01 2.252022348009514729e-01 6.117043577051565206e-01 6.094705543271053960e-01 5.220162847037962406e-01 8.598218066577749674e-01 7.940001600286432648e-01 2.730959695762015249e-01 4.368642534562703350e-01 3.578329144233234338e-01 3.517927804118237134e-02 1.502833741466125250e-02 6.835272937619590872e-01
9.786728671851335770e-01 6.744822267892677248e-01 3.562370463899761086e-01 8.169714540715669049e-01 1.980957585098340745e-01 9.398712355953047215e-01 6.709586112419572146e-01 1.744353398503017960e-01 5.957950263465023877e-01 9.705120947730443426e-01 1.743312325424831721e-01 8.907021188264225842e-01 1.957425029419878060e-01 3.659456184439447979e-01
3.838216262675901991e-01 3.334290376007772450e-01 4.541877391206576853e-01 9.499188199627877083e-01 3.166328750622042776e-01 3.161701895099131576e-01 2.885738334406149352e-01 4.856371448343979047e-01 1.114464088658564389e-01 1.737555808411014313e-01 5.136364520171756709e-01 7.733297447492060162e-02 5.512848864130632798e-01 9.235191329998908571e-01
8.219780017595527122e-01 1.319813879595311823e-01 2.427862091960703017e-01 7.960211858279251373e-01 8.066019821646988053e-01 1.829388983450522810e-01 7.144559903718594729e-02 7.294333420897664011e-01 1.726003881257136552e-01 9.093031161893464498e-01 5.905065265350871728e-01 4.752942592618023543e-01 4.107341159646666906e-01 5.541206235628922672e-01
6.050265057834071092e-01 1.612879588223744554e-01 5.522021104449625906e-01 7.390166064608651997e-01 8.561257214893025491e-02 1.232637271643676202e-01 1.065392204445687607e-01 2.637454370745035970e-01 9.571282470248928531e-01 4.035169851318507472e-01 4.308378772774347221e-01 8.087560554475311525e-01 6.286585832355344738e-01 4.469333924881547793e-01
2.650988393284714473e-01 3.909516639949178751e-01 6.980961145599758888e-01 8.876899060482884574e-01 6.681469505474961768e-01 5.955787923052593413e-01 8.925147017797302462e-01 6.628439695862782255e-01 8.360107880539064951e-01 1.434102632203504424e-02 4.236006941459234953e-01 7.981827098983992341e-01 6.411045194707711836e-01 9.114386555331620565e-01
8.048943219653356129e-01 2.372903365802558895e-02 9.354098915875588283e-01 7.890418846249673823e-01 5.609397368881086088e-01 2.542890555987846746e-01 2.303559918074639112e-01 1.540817362144399905e-01 2.344817764057384180e-01 9.810011021989111235e-01 3.297187698623054164e-01 3.425833044057028376e-01 6.515805017031064406e-01 8.953719754384830143e-01
5.328441976059468121e-01 7.391678442867557486e-01 4.042702729348212065e-01 1.348108727513952498e-02 1.680274523775515672e-02 6.458843257269710758e-01 1.088510238356675819e-01 4.072954455607140645e-01 3.650088067921138935e-01 5.918176452219531258e-01 1.363724406200005346e-01 4.235314321287462214e-01 1.046981769266459583e-01 9.973290062742772299e-01
6.689608548278344058e-01 7.530453164558359447e-01 9.197029843166665275e-01 2.302723701581349536e-01 8.925190698274672041e-01 1.037294189777704378e-01 8.302910591210075353e-01 8.297341557377513332e-01 2.836858561044658389e-01 7.640260007300814227e-02 5.970028396042228458e-01 4.962595087530760063e-01 6.884140702038635817e-01 6.936883599599005246e-01
6.728296828206958846e-02 1.547424657760186895e-01 7.523484673751544838e-01 8.043196197815077886e-01 9.552615674942915858e-01 9.407595716080451309e-01 9.642764048240878294e-01 2.739886669027868926e-02 5.419775873637473484e-01 7.414455207234345036e-01 9.616036868644887159e-01 5.373473353675727315e-01 7.312042406613238343e-01 4.079359245900847641e-01
5.156763639565520307e-01 6.300977833409548978e-01 1.452146305152323125e-01 9.249523349320298848e-01 1.641418340673850285e-01 4.396818589219406714e-01 8.417448017726073539e-01 9.548806265603768662e-01 8.152308663198710725e-01 3.149486097878477775e-01 6.998374735027392823e-01 5.668514050590653941e-01 4.012855985935380732e-01 3.932329743373370601e-01
3.737971072830418295e-01 7.626625075698416634e-01 6.586053642883902270e-01 6.759054657119935028e-01 7.818390445375641429e-01 4.873891830315635332e-02 6.471357356403436567e-01 5.529763125228149834e-01 5.502447064943971622e-01 8.135957233577092440e-01 6.673916103852216564e-01 7.613911387634257899e-01 9.539147244648916724e-01 6.081967070155612776e-01
9.293116141435294741e-01 3.761679598975322669e-01 3.759403492716685280e-01 3.480627947822724222e-01 7.740195124760431700e-01 3.426025956221825375e-01 2.225972052448996763e-01 2.544455075589024950e-01 7.306702024421144470e-01 3.832107358675054254e-01 8.982537011686360096e-01 2.477916893363352191e-01 1.098524543430257072e-02 7.797482964147539608e-02
3.510755309812105818e-01 9.898578543488627535e-01 2.578090781553422639e-01 1.837115473286854428e-02 1.955579229643638062e-01 2.448859158733046604e-01 6.933153750617244704e-01 6.679202475880794410e-01 8.206042676261248170e-01 3.316197888138078254e-01 1.936842843840929085e-01 7.231778803253804400e-01 7.424086406156785722e-01 1.576459547898730884e-01
2.880685785944359090e-01 7.688358880757517611e-01 2.059593605996333787e-01 8.747931688181813659e-01 2.188631129519813534e-01 6.365027333654880159e-01 9.830566336487130963e-01 2.606278361491051188e-01 4.164544393051698989e-01 5.411365111655142002e-01 6.785828445675620157e-01 9.240450236650283866e-01 8.482675678619269188e-01 2.115405616490902974e-01
9.869381215514106964e-01 5.122573407870814055e-01 5.623164309456711862e-01 6.086963783085513890e-01 6.756860840740058771e-01 8.375877669252396185e-02 2.066027831278629545e-01 3.379142691047125613e-01 6.042934533823389742e-01 9.424415866661508545e-01 3.192481265931506051e-01 4.494328342141653554e-01 4.807603019100848973e-01 3.768822919638497027e-01
3.992142041588242485e-01 8.332519843766099665e-01 9.332959732954690946e-01 6.564259495537535516e-01 1.524764760399821562e-02 8.676705919219548369e-01 5.603927963692743042e-01 5.572772032248142215e-01 7.937297024047802463e-01 3.363740807065458416e-01 7.051061134152057930e-01 1.939350687470288159e-01 8.771277530871253170e-01 8.828961659082573687e-01
9.534095016822474733e-01 2.899109501490214624e-01 5.144659046862426477e-01 2.248521796400405615e-01 4.688795940086698533e-01 7.664800924944807914e-01 9.529356131223938320e-01 2.237347765328404625e-01 3.120890474412270077e-01 4.198250146615123413e-03 6.583947134604923868e-01 7.034693762252229865e-01 1.589419441479619222e-01 7.667830713331823533e-01
9.403001752565544047e-01 8.058208399001935973e-01 1.370405285863822709e-01 1.544624519892248138e-01 9.425038655442479207e-01 6.957165002175755841e-01 4.710911270709985388e-01 1.528626471631199246e-01 4.783607025866961626e-01 7.731992314043243386e-01 1.788385006323423010e-02 2.967247468307099290e-02 7.776249891930039349e-01 8.202125753027871280e-01
3.579702111079756666e-01 1.631791626845776610e-01 1.626397275801637621e-01 4.502031861592792339e-01 9.943635182952585971e-01 8.046351016795774136e-01 3.910719209047240907e-01 8.659201059639607401e-01 4.638251722327384474e-01 6.460932020093739236e-01 1.687608335123339520e-01 6.951331574912095190e-01 9.676509133779170879e-01 6.086446761063820654e-01
9.210944089337836926e-01 1.030338008398367089e-01 8.434014198986226063e-01 3.804776953508237636e-02 1.621167951426571996e-01 9.809540220404833200e-02 6.432664909668184272e-01 7.163538623992643517e-01 4.954241715969752713e-01 1.324685962946904327e-01 7.544272494477433089e-01 9.336185540606590783e-01 3.255491431062249585e-01 1.171116360023316538e-03
4.203727056531151307e-01 8.661287257269562057e-01 3.394757584993346455e-01 5.604332358067793951e-01 9.739600370740280066e-01 5.639603287909227269e-01 6.621040437682342850e-01 2.240330449334955176e-01 1.871481044911881275e-01 1.534831431974092997e-01 5.623648496334108238e-01 4.726477431376167049e-01 4.995419633336297682e-01 6.568503070697810919e-01
5.641588950761111665e-02 2.273605987405354911e-01 3.117430405607990451e-01 6.373692387161926654e-01 6.265696473699943203e-01 3.480681595919751237e-01 9.223585505551290531e-01 4.359394195266222960e-01 4.905873832577760663e-01 2.985573711080176107e-01 7.629941092280635440e-01 1.682855696093297215e-01 2.546774287172995921e-01 8.039452412104305390e-01
1.656493094281403788e-01 8.343656166289500353e-01 6.463820698433653256e-01 5.221765858868177013e-02 4.636072111239006865e-01 4.765120375136973063e-01 1.497522281528461674e-01 6.806828793305104153e-01 7.079650653737135091e-01 5.375390899469643102e-01 4.315736053731431543e-01 7.126851851888332812e-01 5.029322567711592695e-01 5.780207736130440477e-01
9.766608493771622435e-01 6.930878547457204331e-01 3.832480350206569630e-01 7.150004830667001654e-01 6.835865572987748218e-01 5.658378151941517720e-01 4.673667043763267692e-01 1.681379190519579625e-01 7.784641718197549132e-02 8.127926318132582262e-01 7.576195913955845462e-01 3.329783512302217918e-01 9.709572828399737343e-01 6.788819998437183312e-01
1.689353669508321110e-01 6.553254358625431042e-01 7.504956752591540603e-02 3.544507537286967214e-01 4.692886286244235539e-01 9.829650947158857788e-01 9.360743969663567476e-01 8.270617840981916435e-01 7.348120763793001275e-01 9.621209655930479387e-01 8.076927452656756934e-03 9.076971978016310505e-01 6.251933146220706172e-01 6.685377993608349056e-01
2.851021075902634427e-01 6.601036955973145215e-01 5.533502472634128644e-01 5.315620298371795949e-01 1.846792324176744771e-01 8.510980179097527021e-01 3.020631420246571164e-01 9.007972472885075188e-01 5.262169401848635353e-01 3.537071326729220866e-01 4.916341540349726813e-01 9.774839211761487956e-02 5.860564555997354041e-01 8.135785865610216661e-01
6.464789217993638371e-01 6.325218363155971080e-02 7.637077320193804697e-01 1.456441304285592819e-01 8.360202883258478490e-01 5.364071724437829980e-01 3.426739315246075668e-01 2.768717009737524659e-01 9.946767978158226331e-01 1.898458809623628785e-01 9.823782924191063470e-01 8.142225715240236639e-02 7.071775760101709496e-01 6.686730364343818067e-01
7.683586398370412240e-03 6.925181416042531790e-01 5.271562627847030669e-01 6.825175857622789444e-02 2.678834412731577741e-01 3.452999499784102921e-01 1.961390942033657270e-01 7.739244419061328539e-01 5.148007975190842522e-01 4.178145202959343552e-01 8.624331219954383121e-01 7.451245340809533602e-01 7.556941858819873348e-01 1.102545828724055266e-02
5.001979947056245379e-02 7.851749516223680558e-01 3.114689929687964876e-01 8.726113376036620517e-01 5.147795647070776415e-01 5.778851733913918931e-01 5.272112347473169036e-01 5.352669561200562587e-01 5.748757511439561707e-01 2.672234997817747315e-01 6.712240255482764262e-01 6.754205634891263799e-02 2.895268507509956013e-01 7.027455103407208581e-01
9.918120755584565185e-01 3.837735381833093928e-01 6.655764169267277541e-01 5.840512421311624403e-01 5.967620249681595546e-01 2.720961528167959997e-01 2.838323071414641241e-01 4.656112755514730805e-01 2.097545352980547673e-01 7.530007375718840157e-01 8.441496595140484116e-01 3.007723871151545270e-01 4.065515760897413511e-01 1.674529923605360127e-01
6.702186519174352375e-01 9.266128570438471046e-01 2.680583197869121914e-01 4.178340107708908846e-01 8.103645411768740647e-01 6.409257905669144550e-01 3.819954541183581131e-01 1.631760672651233479e-01 5.914077526532686147e-01 9.077825844558897739e-01 8.296973657890440723e-01 8.438708309942781760e-01 2.558173740535527596e-01 2.437678133193874608e-01
9.039574034399279201e-01 8.617729259835675837e-01 2.239567837261091654e-01 8.306889781435865538e-01 2.615740215782531575e-01 6.545712754328614214e-01 2.517007405483208116e-01 2.129626302073930333e-01 4.996603353884122578e-01 7.804583335899458740e-01 1.249255296010934879e-01 3.997202145564824338e-01 1.389404849688851140e-01 6.943850220930299910e-01
2.031189994913350505e-01 2.757647951072184078e-01 8.914521036289551059e-01 1.393622526442539478e-01 4.142166836551675058e-02 1.651494000018883801e-01 6.590482069315946045e-01 4.486962598874680852e-01 6.966615245426364122e-01 7.912109605378320198e-01 7.391742982255559147e-01 7.084278846544244113e-01 8.638958365426400166e-01 7.744360719986929098e-01
5.201091241003064081e-01 2.182987397177816868e-01 6.393154921203996199e-01 8.271614010368216752e-01 2.702354283180175010e-01 9.578278184684353436e-01 6.079312145494552011e-01 4.709280490869113267e-01 8.945703866529516324e-01 2.106941093447193269e-01 8.143010662330855132e-01 2.512945048376480361e-01 3.908970716263907574e-01 3.397842571222635666e-01
4.821839809063116489e-01 1.503425611128845762e-01 7.661315950478270187e-01 1.005387899106636729e-01 3.486443634944091929e-01 7.592946111686112998e-01 8.367326793320810641e-01 8.785147859650601632e-01 5.516750085835880890e-01 4.884574677396101849e-01 2.542284990839821512e-01 4.876683534403077891e-01 6.970230764211599039e-01 4.212619127522949647e-01
6.254159791881666042e-01 9.112500696216866425e-01 4.156675090759216484e-01 3.734087822419089875e-01 7.039907544212927748e-01 1.002976110766619078e-01 1.402446519880774511e-01 2.055635561781851139e-01 3.201887852286058322e-01 8.955375589754832610e-01 2.201727002110585030e-01 6.743595344678168235e-01 8.764152750164474481e-01 8.179040222577588226e-01
8.573271192731557466e-02 5.250447548302727974e-03 1.490010203386911147e-01 6.936216485363390083e-01 6.602015932833127376e-01 5.296572836139156193e-01 4.143297669769825387e-01 5.858714630443624394e-01 9.438919597786106230e-01 6.680299088704788613e-02 9.803189464897341665e-01 9.465172003224977537e-01 5.795680514644740988e-01 3.423632178745085186e-01
4.831939236165321283e-01 3.465192445964629941e-01 2.788425714150255530e-01 4.978351325507901493e-01 5.502709549064362937e-01 5.602780160718440206e-01 7.683477335882993309e-01 3.055280803305560067e-01 4.612029943455199232e-01 2.046928001038686995e-01 9.728122852031506618e-03 8.942202510267908133e-01 9.701512587930013476e-01 9.692876359572349942e-01
5.533422891906212282e-01 3.576038706440232140e-01 3.223432912032365705e-01 5.626954154905688954e-01 5.185026121130228427e-01 9.332041262013638372e-01 2.644513499400493739e-01 7.986301330417527877e-01 2.253035705377316456e-01 9.388956222238237226e-01 2.121881819359764387e-01 6.409536193066590615e-01 2.842955086428347045e-01 8.663979011211396797e-01
6.380239893469532575e-01 4.922482186054490949e-01 7.742681724804387766e-01 4.139685849069909551e-01 6.870646014962411563e-02 5.499460483448309622e-01 1.650040101780347879e-01 5.958873177379025998e-01 6.993604905243021586e-01 9.529842460860564746e-01 3.021182146842427141e-01 9.568636442458209324e-01 1.579220090719370972e-01 3.810888260124651872e-01
2.408612296565718625e-01 7.616730392430887120e-01 3.381881999680990125e-01 5.674561466055239034e-02 2.262358130853671101e-01 1.331244223701194551e-01 6.941750582303218842e-01 9.007451825268452117e-01 5.587515959981319558e-01 3.300074342629811808e-01 1.872928046074184838e-01 3.885552196197639141e-02 8.190320518489813129e-02 1.029171317142836273e-01
9.595215404590575758e-01 3.500542686428493866e-01 3.079669265131232958e-01 3.690028360494856940e-01 8.510737553533539446e-01 6.134711837748401120e-01 1.064267811361563343e-02 6.619851569618639964e-03 5.862421733724699768e-01 2.181530540534000195e-01 2.352967683926021625e-02 9.909327981915156958e-01 8.385992895563632032e-02 8.583876391256879401e-01
3.825942657758495402e-01 5.079425208140013748e-01 8.690259875130861289e-01 6.995131364254358886e-02 1.748955289294746862e-01 7.830415614210286535e-01 1.920619755682262397e-02 9.840854305697465110e-01 9.822196068911825950e-01 9.498807074138025941e-01 7.222265073896297904e-01 3.457794104026441495e-01 4.994523846258244193e-01 6.561908093011576959e-01
3.386034447167768358e-01 9.668128712257229029e-01 2.630762910458595005e-02 5.733288140789302156e-01 5.939239242827603071e-01 5.118433260928610951e-01 2.477277161858897347e-01 9.882568602764130183e-02 9.517364380985181560e-01 3.160113456654479736e-01 4.515632402453677585e-01 1.047415280861473397e-01 4.765102572621289223e-01 2.409489553616686042e-01
5.266162968959093860e-01 9.253175782321324538e-01 4.890179849393444522e-01 5.610937432745892739e-01 1.278145845992657570e-01 6.916342687572232251e-01 5.331091811024406546e-01 5.038113738853168266e-01 6.974554614759487237e-01 8.491532385584077414e-01 6.970501641358550771e-02 8.309788523861081355e-01 4.845556834580270200e-01 8.595337026594594976e-01
2.732050459317519886e-01 2.012910178255644666e-02 6.787372979939990669e-01 6.647372413933128055e-02 7.126326770719305648e-01 5.175143807199233947e-02 5.010616220145788224e-01 5.225438909345309080e-01 3.540286566442374383e-02 9.955357435026873647e-01 8.636988161192413749e-01 6.677052431918586439e-01 2.351645993212823083e-01 7.639009696976973851e-01
9.647060394081772294e-01 7.498668845878904143e-01 9.265024081690345081e-01 9.994020523783104792e-01 7.249194517730673804e-01 8.342452675707802134e-01 6.312861767578173966e-01 9.948978386632608695e-01 7.701009395400829627e-01 8.788540440560544953e-01 3.721349135520660711e-01 3.175473442549630043e-01 2.066689834429810135e-01 7.105865608678959555e-01
7.682751800092137984e-01 1.775023555957752075e-01 4.489282186536158736e-02 1.140614850642089895e-01 8.610656733863246703e-01 9.947123934732523542e-01 6.150586770437125317e-01 5.602444630409385562e-01 7.874360106456738118e-01 5.964975243798567028e-01 4.767789547119619664e-01 8.177292397065575313e-01 9.470073370984812833e-01 2.449312328743615819e-01
9.946483867663163947e-01 1.431092831414869648e-01 2.092349003537482544e-01 9.799706329591040266e-02 5.328146156022259827e-01 8.429458779617128306e-01 3.783937378638013715e-01 2.221520497971106733e-01 8.360642340974052678e-01 6.690469614352088090e-01 3.539158226107679273e-01 7.419825236236159416e-01 3.412675601172449058e-01 2.968915326358883000e-01
4.130851141236083768e-01 1.561022890811741837e-01 4.197954175998974691e-01 7.447207127485871991e-01 4.469645372720820742e-01 5.522870118792619909e-01 3.237217989976767241e-01 1.485147677436710056e-01 6.075655947012982283e-01 1.915751802312710694e-01 1.700778678741732275e-02 2.874926653449718650e-01 3.895912980007267823e-01 8.627080564161525578e-01
8.660168061383719529e-01 3.568176827657140171e-01 7.482988558759655628e-01 2.362816926602322454e-01 4.112003242219817167e-01 7.083718143933772637e-01 2.419036907159181071e-01 4.531024508384403626e-01 3.416414491344964555e-01 7.423345713664319945e-03 5.889970527489730712e-01 1.666993606027200592e-02 8.262040889639080676e-01 5.561953333164547653e-01
2.626380890331430074e-01 8.511202882191749586e-01 1.382196134761723982e-01 2.574449759289836326e-01 8.765313800658612875e-01 8.973356437734872904e-01 9.051995292312382535e-01 2.854098911792802840e-01 4.855904684511346270e-01 5.485272545862351912e-01 2.641802717010194312e-01 3.844747284128138265e-01 7.164559117101414465e-01 1.171763430754787505e-01
5.391748761557320080e-01 9.746423500499536985e-01 1.310736680950664867e-01 1.710556279231656429e-01 6.087433256837890827e-01 5.004871416311134080e-01 3.316187847540219558e-01 3.644726381756170364e-01 2.745278013026817288e-01 7.096496151637525784e-01 1.117158721648725539e-02 4.416777087881401664e-01 5.457815493925585182e-01 9.239589695459432539e-01
8.374676199869296456e-01 4.056117227014748305e-01 7.795374604940963348e-02 8.493425474018506671e-01 2.338458022980749451e-01 6.578106978520118497e-01 3.633698784826543404e-01 9.768487651166070096e-01 2.594699633107759862e-01 8.464600430891952021e-01 3.879922582526296182e-01 4.959320786138422532e-01 1.704535309812575949e-01 2.902817375143568190e-01
6.715355767302653156e-01 6.744502737603141895e-02 1.927923835609569592e-01 7.628994683628669282e-01 9.916298947693269472e-02 3.935426596828149881e-01 5.548422095107098384e-01 5.654034017140469048e-01 7.786908522365743046e-01 3.780378362423589822e-01 6.902435052481090683e-01 7.837828747260499052e-01 5.129999564455695049e-01 4.585083634864658420e-01
