2.010212823197355947e-01 3.909838016868484312e-01 5.302653666614509653e-01 1.725606592451299770e-01 1.079735266068114763e-01 2.258383735271589643e-01 1.067251797521892032e-01 2.497974339019353174e-01 4.594250229357615956e-01 3.468045204584395691e-01 3.638852214959875653e-02 2.153112913855481647e-02 2.512978284473202928e-01 3.050748234979218099e-01
3.112000753184215318e-01 4.110406716140915240e-01 9.623147095032373866e-01 3.158029117550458231e-01 7.158395654838242139e-01 7.528206612237385853e-01 3.193719710278175583e-01 6.339662366788900716e-01 5.326338943483490684e-01 6.169480016914907772e-01 8.473854082565609458e-01 3.393301362888694328e-01 6.311267284666610689e-02 7.278881260724272551e-01
2.618723102752014142e-01 1.982561047989650493e-02 7.497256143205230927e-01 8.124952636811758611e-01 4.565001675302713391e-01 5.329066036905483195e-01 2.874629038616510757e-01 5.862618336905357497e-01 8.466267266341316322e-01 4.867919288948079348e-01 3.684974103913098986e-01 1.404644092236744246e-01 5.233277372925604354e-02 2.185337845385632027e-01
6.719368840924124786e-01 1.715092737206728168e-01 1.625216971530618615e-03 8.742457242561331165e-01 3.930282013773196415e-01 5.691449245432700366e-01 9.205573858605708981e-01 8.518446142458180326e-02 3.176205896896577840e-01 4.179900124897175662e-01 7.221565260210456305e-01 6.607451395664468707e-01 1.216669572983494207e-01 3.173125548591000378e-01
9.981958395448099486e-01 1.763680305051257280e-01 4.804456619391744843e-01 6.997785693187340561e-01 7.766498467540837725e-01 7.680373536696966097e-01 6.002796369643117469e-01 3.733444205997742404e-01 9.724137706057268682e-01 1.382309447507835687e-01 2.156470985213401192e-01 9.156306880637448131e-01 3.943917085624393248e-02 2.659071683578604350e-01
1.726508940260177427e-01 9.959232139708484866e-02 4.014051934748209538e-01 2.008673917390985109e-01 6.267317462988443166e-01 6.508414536627343816e-01 2.738798232298279567e-01 3.808642015666233727e-01 7.218364219523308867e-01 2.689665340393033732e-01 9.044838256090731443e-01 6.774639282955445818e-01 2.535985532089455319e-01 3.581481067368906812e-01
2.396770509208749900e-01 4.904840789564275383e-01 6.276881454279020778e-01 2.839598156574684173e-01 5.517865074829511052e-01 9.947386060503637939e-01 2.432514105588851061e-01 2.845608546858287013e-01 7.258616187244814055e-01 8.501908385814533897e-01 7.056124388307548623e-01 5.599256822205422868e-01 9.821669613586515579e-01 4.103708005767323641e-01
4.508189442840093708e-01 6.191094097110294570e-02 8.321530962620330429e-01 9.013799899523400327e-02 7.105734906786991267e-01 4.574449447707281680e-01 9.197037090479551757e-01 4.679420501772342256e-01 9.424976566020289992e-01 9.270918902648169757e-01 5.608207011829333677e-01 2.488594826130859916e-01 9.686180059076044957e-01 1.294903732161257759e-01
9.415624781875531202e-01 4.204283787118511251e-01 5.244420487477871040e-01 3.138407259812304728e-01 8.981090780680019980e-01 5.112987186618631608e-01 6.259640441011027345e-02 8.052856084110295853e-01 3.122841424801102717e-01 5.639144534134891140e-01 1.607278709559207819e-01 7.199160627712912763e-01 8.913111084937679340e-01 2.722235408032419590e-01
9.323890342619522986e-01 4.247032378537585195e-01 1.147921962300024745e-02 8.579673588558752728e-01 8.421121355256870888e-01 5.769817238928170999e-01 3.662623095027320863e-01 3.899154263080384375e-01 8.547161891182409876e-01 8.518785550914736993e-01 6.285643448328798177e-01 3.178487697510056220e-01 8.061705090769089033e-03 9.694660340734666537e-01
7.782509670024396753e-01 7.274877056532869091e-01 2.018919890266317463e-01 5.638734164911173297e-01 3.936035577203397251e-01 4.700265297453735114e-01 7.610695051752935925e-03 8.479719894490989063e-01 2.197177217543868633e-01 5.617212378586434740e-01 2.822423368215267736e-01 8.368477733515142791e-01 6.040790556446515858e-01 6.971638405705409269e-01
1.296990256188640389e-01 9.441103656811482558e-01 3.942163474539747137e-01 7.907799939961867031e-01 1.461013865916720444e-01 3.371855880287121243e-01 7.329869727789322109e-01 9.596553816412516369e-01 5.567903110921957888e-01 9.949765336445423047e-01 9.659039659410681988e-01 4.539926141937458137e-01 3.405138270968997016e-01 3.344517998051639296e-01
4.482346856946146652e-01 1.936998698048247869e-01 3.694781983972660333e-01 7.903209730858069548e-01 5.211936033187277717e-01 3.397492538973017062e-01 8.983138362822005174e-01 6.578138391245189620e-01 4.247976939952723408e-01 1.409423363990350841e-01 4.658205788198581665e-01 4.528833150975469790e-01 3.079234438889745240e-01 2.288505309854849123e-02
7.788008022453765111e-01 4.717452665014205682e-01 7.970981534741180541e-01 3.804351373770454847e-01 6.615712731387761725e-01 4.817774338942435453e-01 9.132418549108234362e-02 6.792591153634547352e-01 7.008424222926881164e-01 1.424545541138093618e-01 6.966504090719130016e-01 7.941005234815764480e-01 6.486076273625103195e-01 9.203496362693643906e-01
8.046230835178006524e-01 1.915595450905381858e-01 3.926085096871856361e-02 9.002286279808551228e-01 1.289027080777690459e-01 1.101821037284473892e-01 2.858931851589427975e-01 7.401595731830101776e-01 6.876884514379355551e-02 2.462891244515804656e-01 8.767555134270341721e-01 3.152003533725159512e-01 8.397658526680018554e-01 8.627461150268620482e-01
7.363091454970602801e-01 9.687650189806706891e-02 4.646208580719402015e-01 2.113375647732985696e-01 3.850727181612353389e-01 8.470184232859201412e-01 1.828265801614907815e-01 2.877601203166683108e-01 6.998836213204031598e-01 8.119306414299087837e-01 8.783216946362791822e-01 3.332669043377390894e-01 3.794956915110613282e-01 8.397172981120689661e-01
9.062860119424011041e-01 3.826771356350924247e-01 5.342269557191307028e-01 3.900507765521732395e-02 9.915236546611974067e-01 6.731204670726452788e-01 2.695814542060902541e-01 2.495851113652423070e-01 7.284189809682484196e-01 9.517067676978921975e-01 8.354977092974621433e-01 8.649485920204458278e-02 3.410011470221216978e-01 6.993521603217368598e-01
5.197790948500466968e-01 7.283401113280587591e-01 2.659698662588608764e-01 3.822513201105864900e-01 8.149167470416270875e-01 7.983263984990603968e-01 2.304484767810816015e-01 9.071165052020891961e-01 7.082965695653316018e-01 2.225398478767111055e-01 4.351653556366675835e-01 5.398014976204891235e-01 3.551554230890850983e-01 4.554350892453519206e-01
5.168232387693597607e-01 4.964186402078198945e-01 3.381257506032174787e-01 6.421284075989771578e-01 9.613724622632824346e-01 1.941062500686784320e-01 8.938513862825011591e-01 7.555396322725805858e-01 4.109803286995189486e-01 7.619806707947071045e-01 5.731864657615886038e-01 4.254891269260226982e-01 8.330813707244310029e-01 2.055116168114885511e-01
1.433624702955116348e-02 7.046683401999237484e-01 5.677269920910814616e-01 8.899276564115899957e-01 6.053307631541572364e-01 1.919286187402545751e-01 5.501183448690881717e-01 6.025684430685920301e-01 3.329113997670773983e-03 4.678290326056775417e-01 5.374682310957727971e-01 5.257014548786440589e-01 7.947150130245339561e-02 8.881515494019409651e-01
7.170446514094331869e-01 9.895983095072411473e-01 2.246515332457055258e-02 5.484908394068541693e-01 7.570432189604392459e-01 7.479974117649618170e-01 2.014775532247375933e-01 3.393135286078280410e-01 7.633303904991798339e-01 9.211035741067037375e-01 3.807755418035785322e-01 8.216628898837731176e-01 6.676973104827856886e-01 9.590578952383219669e-01
7.928037670551856264e-01 2.856535593600462164e-01 2.871890701064415685e-01 3.698128127468177651e-01 3.910419526201550644e-01 1.223677841415637957e-03 3.048754422409153397e-01 3.301346645392255752e-01 3.539540180225749788e-01 4.932402623234424244e-01 8.657036180252043467e-01 4.342960907090903655e-01 8.288109468520518108e-01 9.757379996797294064e-01
4.788215193997136243e-01 8.306312060152909460e-02 7.088902506749066301e-01 1.513126847811899767e-01 9.494151958471781505e-01 8.625740678588987853e-01 5.018967774105296265e-01 2.956595604058545046e-01 7.235246550084264427e-01 4.764281722328100876e-01 1.204959559259733970e-01 6.226360318097423630e-01 2.624924867003400886e-01 9.024362554044615958e-01
9.392820511937127748e-03 8.119347304948397737e-01 4.192777362536512786e-01 7.734748042351263786e-01 9.898935786015903293e-01 8.225774267100546266e-01 3.901278194278401390e-01 2.832778569593263907e-01 1.617320826623899199e-01 7.751784045891084718e-01 8.848399734611936962e-01 1.050264336859828562e-01 3.302121442347850655e-01 6.038666626649578095e-01
8.845168271684652472e-01 3.835770509533100725e-01 7.143931249455902632e-01 8.609589057936311018e-01 2.516966134236581221e-01 8.477353000612053435e-01 7.970875169222445544e-01 6.989917512132237665e-02 8.958055041916640482e-01 8.166001568066874050e-01 1.737278328338309752e-02 7.065008758826217816e-01 1.337354405524958656e-01 8.313387185916565336e-02
6.030817533966816857e-01 4.610263719956263495e-01 9.498980012426457842e-01 5.263303277849986639e-01 3.656559194013480063e-01 8.156658089711671389e-01 2.421530348411080613e-01 8.889790543010839263e-01 1.458676165532539759e-01 2.721039670951375111e-02 3.411054517320777357e-01 2.253598494123023599e-01 8.141929104231301340e-01 6.389932087860219490e-01
9.074755933709600653e-01 4.436687281113350645e-01 2.008090702899653079e-01 3.578851564528128248e-01 3.262761110767034012e-01 1.316132768458146973e-01 9.581287350794928104e-01 8.380254667809206026e-02 3.508764087269679033e-01 9.003237733195990078e-02 8.276884273608998699e-01 6.586025975038870550e-01 6.874751167394413942e-01 8.173527791049459701e-01
8.581301838457434661e-01 3.427899978006765380e-02 2.987907932340370110e-01 4.740001046084023617e-01 5.586605039608580903e-01 2.414613374222877029e-01 2.459760502956753747e-02 5.420995958341507936e-01 4.153142833795582245e-01 2.099574538357027453e-01 3.963625599581976910e-02 9.756369875034486272e-01 6.788660191319551007e-02 9.187281646335018204e-01
8.159504850361424255e-01 6.203286154896608950e-01 5.568738836693063465e-01 7.045814360185786995e-02 7.923179909252241471e-01 8.779317501597668771e-01 2.412711494120829414e-01 4.483818632245353264e-01 5.890130451874130424e-01 2.258063807840524628e-01 2.021497983503134366e-01 9.722644162486747677e-01 9.643442550041050332e-01 2.702331157962305497e-01
5.212369207529392590e-01 9.458337794182020142e-01 3.390257801312168695e-02 2.875844329337726712e-01 1.724652371318099453e-01 8.051786940908320922e-01 1.520458761606406917e-01 3.910315449568126933e-01 4.681311039359489223e-01 9.310584033110469449e-02 8.690553980923102495e-01 3.117581052121047858e-01 4.336962873077657710e-01 5.554527734482879175e-01
1.146953656998869198e-01 4.277555254502267701e-01 6.899575058770407443e-01 6.146235048723482919e-01 6.856780987273326522e-01 2.560625055412034667e-01 3.735990897448843162e-01 6.775575605769917908e-01 1.136976646343379471e-02 6.261238999330355215e-01 2.873106228341968382e-01 7.409319707520611864e-02 9.697409147142130870e-01 3.059096115070062405e-01
1.092115838814319284e-01 1.276929044939234537e-02 3.991862686404004101e-01 3.112540254488770364e-01 7.390044779355094962e-01 3.482719698567743327e-01 9.404058097347937073e-01 3.432488037222086730e-01 9.676380105876006832e-01 1.238986435054144630e-01 1.256340459937089760e-01 4.353835560595462617e-01 1.035385388677634300e-01 7.635634348261257642e-01
2.426800450079089622e-01 8.092089740870478387e-02 5.219695897995056955e-01 6.094726895947276679e-01 2.181334726672651270e-01 6.341439467473729552e-01 7.707946975130174350e-01 5.844952892375041564e-01 4.803961865358585825e-03 7.708599763299002205e-01 1.833565993402310745e-01 9.103626406312715913e-01 4.195737731324589159e-02 1.524694638049997053e-01
4.623390402255497245e-01 5.174447842400677899e-01 4.824841748344739223e-01 2.786939377613734115e-01 8.592432662869989857e-01 2.933158861703610842e-02 7.737893229588334032e-01 4.123471759845159790e-01 5.682820217015039921e-01 9.548175786048839209e-01 5.343731862080314254e-01 8.181934630510662165e-01 5.664977724143387405e-01 2.206149922394319285e-01
9.740229347515799718e-01 2.180815571876804082e-02 1.412203517744059500e-01 8.237219591658129225e-01 7.870416042124565026e-01 4.963166658291167099e-01 2.604759625691251967e-01 9.950314604777455996e-01 5.017421029696960133e-01 4.063370613692954825e-01 7.136298593140201207e-01 9.115637230927329249e-01 8.337830476789568346e-01 6.699378557062940498e-02
2.913288022810570643e-01 4.876716423528980604e-01 3.695145029010271642e-01 9.193320683886140321e-01 3.882932143308170936e-01 7.296777404512831966e-01 9.085124252930378841e-01 5.587100327053972082e-01 3.588555871665470853e-01 4.382640868409393153e-02 5.043245120628726541e-01 3.749664824387726192e-01 9.710503566211742266e-01 1.467429304817902125e-02
7.576764821639228042e-01 8.569933790894322945e-01 7.006368576262494985e-01 7.721844427893409524e-02 7.027146028864006411e-04 1.489545612122622487e-02 4.316061612710314632e-01 7.075164895984267233e-01 7.238705335042845412e-01 5.347721959387888857e-01 1.370774026840996251e-01 7.076832957846161953e-01 7.544984813754586073e-01 1.897158694587239847e-01
7.947669962542808220e-01 3.623365441624758487e-01 4.628368152510079492e-01 2.460132108106282134e-01 8.079074662958746211e-01 1.037988597651349210e-01 3.689966420195021080e-01 8.496875554874008252e-01 9.101839642572683298e-01 3.698268117346410477e-01 6.683418286490843130e-01 3.048568124821021685e-01 5.699655746925691435e-02 8.960623084543063444e-01
1.016094509118282696e-01 5.454124711967917039e-01 2.408521385706366980e-01 9.189025025127961488e-02 6.906891734922284698e-01 4.326511428991527408e-01 9.185351598892624869e-01 7.243972953479584920e-01 1.610645882008534535e-01 3.012601609484558685e-01 7.276562408655836700e-01 7.943017778532118767e-01 5.174305399853383891e-01 1.150443061958090762e-01
7.902330656477490889e-01 8.225411229325982898e-01 2.101624733784640542e-01 9.125058598272537402e-01 7.825276156563906182e-01 1.256952564060508371e-01 6.948822688634783695e-01 5.449698808859697596e-01 3.113276957793912336e-01 2.910216385706637654e-01 4.197619000331979100e-01 7.010209784281828949e-01 3.052461247222033602e-01 1.640976404596403704e-01
7.163867302378809088e-01 7.503543203405808049e-01 2.094764072350119299e-01 5.186978101638396454e-01 1.106441722103284064e-01 4.019381807983454236e-01 5.345807684943748583e-03 5.974614719604568469e-01 6.636741409123582125e-01 7.637921206022155740e-01 6.424638497849276542e-01 2.679053739438865822e-01 4.979992143838759544e-01 3.257683317145909641e-01
7.269211538209197077e-02 8.062010295349026912e-01 8.672607393391428277e-01 6.800676504939090483e-01 9.582125856919360141e-01 8.497660839044895997e-02 9.292701467681477867e-01 8.529074881677691788e-01 5.314161539631546693e-01 6.015711156791053726e-01 3.426429707600230357e-01 2.148422098221260956e-01 7.492331497555375641e-01 2.553112821344620809e-01
3.524278405891967392e-01 7.686786659781931208e-01 7.306399635677831572e-01 6.128530062822232782e-01 7.554366842088945377e-01 1.951175216163352211e-01 6.928919121595928932e-01 8.497226051564543692e-02 1.311434233597744692e-01 1.803362962121435320e-02 3.007738925963028276e-01 4.032072832307422861e-01 4.873833801736694449e-01 4.850031234684524239e-01
6.955820688115457173e-01 4.495395410414906312e-01 9.438164374067281592e-01 5.921649727560184262e-01 3.562723895775272709e-01 3.109295747841740454e-01 1.606047130899116437e-01 8.048677035293180237e-01 7.867917667502299928e-02 4.159741512174623956e-01 9.483430263272474292e-01 3.378047880474411846e-01 6.890385740940808690e-01 1.972905531660128498e-01
3.336658131274212735e-01 4.323509731566446135e-01 5.372870195702058593e-01 1.738847353402384055e-01 3.026671905365152515e-01 5.442427983229513044e-01 9.150524228481282663e-01 6.889585354656952987e-01 2.532187668875607311e-02 3.579558592481967283e-01 5.513568795019883062e-01 5.107969693546573486e-01 4.513639132439677404e-01 1.523455536126903098e-01
3.481192458663654454e-01 2.067847206092271461e-01 1.702258561128053849e-01 1.122568390665145133e-01 4.245799115483673836e-01 4.426384812461159335e-01 1.189445304929185321e-01 4.303595093294940721e-01 1.388962038953063249e-01 8.162247547638095124e-01 3.422805748627765210e-01 2.328054268215246081e-01 6.762903850437852471e-01 7.726465176687640213e-01
7.158381806042886097e-01 6.203112154377621312e-02 6.037709455558889493e-01 7.013245936452896512e-01 1.598081538458364648e-01 4.740437371576711190e-01 1.085386972752985235e-01 4.073828543196732488e-01 9.988809442780065551e-01 7.599383381548984184e-01 4.978096145994479471e-01 9.070552662265596311e-02 6.650091146141907661e-01 1.171842459047622853e-02
1.167429097040895147e-02 8.618210193209663306e-01 7.389546396986712562e-01 3.858985311679991037e-01 3.740520426249637209e-01 1.753602428069214181e-01 1.382697138960709005e-02 6.353943128562509202e-01 2.628038640381011870e-01 1.800794075393474802e-02 2.517516048856035527e-01 9.709832954491963708e-01 7.784637691600104770e-01 9.648265278428650449e-01
1.771886398114425054e-01 7.796376558456284966e-01 2.779287427166392543e-01 2.953393276210507512e-01 9.124677915769541237e-01 9.057609297476284516e-01 8.565126346926915657e-01 8.921248000968937664e-01 3.169767143477085769e-01 6.194694595616465627e-01 2.035097145949904540e-02 6.385357064015874107e-01 8.914353788159397052e-01 1.373068280013508558e-01
9.314665003868016768e-02 7.019283091120138707e-01 8.329363026689260430e-01 2.870543480893680277e-01 2.820130977060743005e-01 6.626414967094474973e-01 1.147676777744809362e-01 3.991779756080054975e-01 2.196411622195654223e-01 2.220940348084650129e-01 2.362824909549521291e-02 3.080724717261675849e-01 7.272046126579473357e-01 9.815187522845301160e-01
5.739659861812651531e-02 2.329344604763859961e-01 3.136223642636387643e-01 7.271739844656538443e-01 7.711260351662612145e-01 1.466402020525706673e-01 5.878800228799199168e-01 8.758774254381240798e-01 8.234515667080162249e-01 3.556102132509916247e-01 6.481681865877871873e-01 9.775814763597251433e-01 9.778791073130447264e-01 4.294577783708539709e-01
3.995310790782965471e-01 1.682655516169863086e-01 7.599394578540041856e-01 9.692759334827020234e-01 2.816482246358050778e-01 8.101991538997684872e-01 4.455673801666744094e-01 2.397821733178910897e-01 2.053797540957459367e-01 7.617402660208371090e-01 7.771922620567335294e-01 9.077391357554204232e-01 2.181046547092287957e-01 7.091487770852274997e-01
3.339160029879904013e-01 8.343211668112626711e-02 8.569666686619926699e-01 3.836939787620884390e-01 4.410976175249303743e-01 7.043184067632639600e-01 5.976740920631654630e-01 1.582874638310582949e-01 2.579596857824847378e-01 8.889560985335953625e-02 4.756293805905671412e-01 3.194334814372058462e-01 5.133256501416705309e-02 7.817721916873027199e-01
5.734736885604798662e-01 5.500745102226631822e-01 1.096117420547936261e-01 2.551481821462467936e-01 4.551277488719674968e-01 3.444871166157510434e-01 7.382218594767284703e-01 6.187609397241546905e-01 2.576716069157616307e-01 1.337069567089965716e-02 1.084187928764122066e-01 7.117634460459946188e-01 4.607947809443750931e-01 2.124564315155142991e-01
3.089647121450649347e-01 9.759303638063733244e-01 6.063611590939108620e-01 7.750975719980710554e-01 9.209679253555518308e-01 2.467104125431277550e-01 7.993945244427030916e-01 9.220553201152578149e-01 4.983805315637348521e-01 1.334949258638489233e-01 6.600610872545847885e-01 7.508387342701707823e-01 8.911055889050981671e-01 4.433505895934525265e-01
6.020270723649733258e-01 4.533071211934185385e-01 1.528885259772742033e-01 2.653849996902464259e-01 6.674216076022077004e-02 2.986383261954183022e-01 2.408336219288923497e-01 8.972984422480061450e-01 4.632457586511132819e-01 2.839276246977726625e-01 9.708520133948966846e-01 4.006935583375517140e-01 5.750075205333192718e-01 6.837949782647998465e-01
6.120903357107999598e-01 5.070999389717382178e-01 1.809493502149919220e-01 5.833011148727229589e-02 1.186163746903354799e-01 8.398622360793188690e-01 2.606533270058608576e-02 4.417461513946032703e-01 8.292357333267619257e-02 5.061444083876741606e-01 1.924747548919503171e-01 7.193716307056340353e-01 5.467457362553629352e-02 5.719372226234700207e-01
2.060613418827729193e-01 3.959515685584760192e-01 2.394812957210560311e-01 5.045283854051366701e-01 6.847104572159057323e-02 5.853849666192311174e-01 1.437489360477407496e-01 7.236135494061587403e-01 6.618294818508844157e-01 1.542968399005324454e-01 5.596423713921859777e-01 8.872959263261566143e-01 5.762977431123352812e-01 6.220857579658027880e-01
3.025828532627296008e-01 9.926756145198081249e-01 2.038306893441785839e-01 7.471766873064230596e-01 5.708835057090988485e-01 7.066987736145016186e-01 6.895700603079754076e-01 9.852675246313703505e-01 4.812416570037254537e-01 8.403455873424777733e-01 7.457557401454691925e-01 5.688485512043107706e-01 3.249722952296759670e-01 3.786316016342939905e-01
9.039097917891913969e-01 2.771386942520648322e-02 8.622191471549535136e-01 5.714703930801481313e-01 5.178733994855294620e-01 3.511160177004195582e-01 6.001089204914811237e-01 5.987385733612171634e-01 7.633821899971282576e-01 6.734167129964091503e-01 1.462004120542439445e-01 2.848513723864762870e-01 6.988410047908499845e-01 2.580803088123039268e-01
7.408645075721798090e-01 7.974698879385276884e-01 3.085914374932591242e-01 8.352938745630553719e-01 2.389294086803818162e-01 6.853424075048686337e-02 1.681907777704551021e-01 5.317634515487450475e-01 8.797180484092910202e-01 3.773205633504008727e-01 7.276548565222891174e-01 5.039483721389268478e-01 1.880649095312203478e-01 1.753506002127761532e-01
9.061181877628554648e-02 2.611295228230257059e-01 5.938936687894761368e-01 1.160408361786188225e-01 4.562323170944995177e-01 8.602438753923492554e-01 7.550369787734434457e-02 4.769862679992350474e-01 3.500040815639027247e-02 9.425224167653878382e-01 2.455689250564930814e-01 2.444638483370947801e-01 2.238380294923076885e-01 3.475279216370827928e-01
5.642149158204858850e-01 7.804901664596026745e-01 7.432244001398833344e-01 4.902402383915589468e-01 3.993920575401889161e-01 5.200372669036446016e-02 6.035859342098072178e-01 6.705962895285166869e-01 2.907559362051341800e-01 4.608594529587798361e-01 1.028675363359966566e-01 1.103539049422020968e-01 5.485418272775580695e-01 9.366881704236532658e-01
3.244893672059209200e-01 4.423593422382429141e-01 1.389944078650052761e-01 6.573101322776720989e-01 7.826265535502912041e-01 6.056713867794643047e-01 1.443698445513955653e-01 6.622823223130978043e-01 8.315443336876441327e-01 2.366760559783859241e-01 7.310967146320038745e-01 1.950512819047495183e-01 1.873928521295460392e-01 2.262877953362422145e-01
9.043304861519713134e-01 7.125967916669654345e-01 7.971979205042816208e-01 6.276271427860909968e-01 1.468687736367935148e-01 6.198294150726957330e-02 1.020725991041802061e-01 4.707379626287054863e-01 3.321272871429340467e-01 4.805614065124547141e-01 6.214697974786728141e-01 4.604698634299004834e-01 3.382143161602391146e-02 5.346114948504802067e-01
1.903836247882918498e-01 3.778939550060933517e-02 7.912400193251831748e-01 9.625279931252112009e-01 2.586433841923879706e-01 7.101304031640879311e-01 8.192617324618631791e-01 5.757467485357382619e-01 7.542716056049452167e-01 6.942257465351181489e-01 4.253287817176559793e-01 5.102248304005546631e-01 9.340289142049139626e-01 9.697085694997409355e-02
2.809446081853259614e-01 5.872142574099312728e-01 1.203821020331167224e-01 8.656129646576958825e-01 4.231203051951545335e-01 3.582407117577762756e-01 7.754580513568768430e-01 6.419503599304062780e-01 1.840532404173853553e-01 1.377001191875851793e-01 2.662543212828736294e-01 1.907608571722477775e-01 3.633417326516006352e-01 2.769809334377799637e-01
6.972087699426392504e-01 1.584091726795479049e-01 4.525862290088402684e-01 2.700935670085284901e-01 5.365799008119155333e-01 8.500757956911627611e-01 6.239237542050927177e-01 4.109563754125538093e-01 5.391282046652133841e-01 2.902917758158385375e-01 4.844665638205425395e-02 1.092043637239525911e-02 6.559664393825749285e-01 8.583773874673913395e-01
4.731574269687963685e-01 2.038366805438541762e-01 2.080532263545631366e-01 5.805041622950857239e-02 4.475296726640997091e-01 4.806775072897380152e-01 1.802028874662578994e-01 5.229265607641394586e-01 5.336941278267355315e-01 1.741987134998653763e-01 1.646878628639593112e-01 2.453791226163180017e-01 8.966673546403928219e-01 7.324564581909870364e-01
6.300908869336151463e-01 1.324550597033792299e-01 2.586283532386131068e-01 3.125555077713297880e-01 5.863828221607541025e-01 6.210655945147310897e-01 8.138661570596171790e-01 6.461671916711764219e-02 1.123455924252375615e-01 6.025453515324984410e-01 2.605639400139746487e-01 2.238292830117394328e-02 6.038468577103227597e-01 9.133724874273241312e-02
5.355483586952924924e-01 6.044421835277579147e-01 8.494830493281846362e-01 3.539037712236785538e-01 2.024991729187551881e-01 1.639168503007722988e-01 7.727203561538447119e-01 1.407577649911950779e-01 3.084972909910753680e-01 6.679157570816162126e-01 3.279911492656392147e-01 4.192343428790982207e-01 2.797197602395340432e-01 3.300635309688787489e-01
5.676811681291649148e-02 1.396646138551327354e-02 8.546641036856656992e-01 4.704862854444870068e-01 3.401971554604032999e-01 2.376545666991358718e-02 3.129780545008754578e-01 6.904022234676095993e-01 5.274066545321789423e-01 9.752050040783590834e-01 6.872956780021840517e-01 5.576582130377419899e-01 9.619073185318194330e-02 7.402887374183915181e-01
8.319761891403490983e-01 6.479791158718686273e-01 4.513570266165238820e-01 9.896180489549776249e-01 2.506540627716868919e-02 7.779356326014998935e-01 3.471455345490257471e-01 5.660752539241322712e-01 6.874556896759791425e-01 9.745876127273424006e-01 3.653477625136657414e-01 9.303861397746229223e-01 5.339646824535835279e-01 6.350139320771233109e-01
4.836972515778009685e-01 4.523866590740793781e-01 8.550641525590826353e-01 3.527755163957617679e-01 1.379246557968381026e-01 3.945615130725299569e-01 5.026153711437992833e-01 1.553907419257015698e-01 6.364186897882128102e-01 2.929619336875580737e-01 8.513590085283492259e-01 4.444141421347724830e-01 1.021268606737872897e-01 1.909374289852953099e-01
4.497250895420801253e-02 9.810204869253655868e-01 1.081470903808738893e-01 1.750697368622619043e-01 7.231055093407781076e-01 8.443357229881957027e-01 9.524941793804694301e-01 9.110614338790771205e-01 5.942829944169328860e-01 5.353801344624429248e-01 2.440484291096830516e-01 4.442493231955015887e-01 1.838385177844598095e-01 5.368097466027246245e-01
1.099356319367672530e-01 3.421809217414107929e-01 7.128412188665733673e-01 7.539363520248251183e-01 5.087666487395940962e-01 7.175454860151331271e-01 7.057746201311512202e-01 9.587906206602724302e-01 8.604798573515501925e-01 9.798621003664521600e-01 5.996424468371697181e-01 6.477744571231364157e-01 3.711622655926085645e-01 3.708407153032462489e-01
3.186151615045156316e-01 4.008148537851079496e-01 3.778785851248320782e-01 9.762202530124086675e-02 6.543830648280539730e-01 7.327048464255230265e-01 1.259054015871602372e-01 4.654613704033364607e-01 6.110890861635511762e-01 3.051869521092249737e-01 6.631152149202128587e-01 3.704562930534890386e-01 4.655199634370321693e-01 4.313747411738116933e-01
2.652651781031141187e-01 4.065467435852382350e-01 4.907846205530640438e-01 4.576816312110849605e-01 3.694081177947846628e-01 9.667517900291786592e-01 7.222900021633090750e-01 3.236202179823503000e-01 3.127291944179273475e-01 9.832573258238633818e-01 8.499517317510572045e-01 9.192770188479615356e-01 4.059046367661697241e-01 2.371263058916058819e-01
2.757739235078955353e-01 7.602461311908000896e-01 3.939351127055082946e-01 6.289024491341357326e-01 4.709628335084063977e-01 9.800765087259049047e-01 3.220130830565741675e-01 5.924736538302861621e-01 4.590417795884934593e-01 2.195624614883491255e-01 4.746412121637277881e-01 9.431413058119233472e-01 5.221314886556917001e-01 7.129675591227726539e-01
8.210244098176155969e-02 8.736219566613966370e-01 5.545192330351175203e-01 5.684638890963616964e-01 4.516960261344149519e-02 7.344304794782440249e-01 8.822205585845577236e-02 4.425415541665581598e-01 7.095417053980772604e-01 8.682513817030704795e-01 4.911914546231114231e-01 2.204227549663819730e-01 6.608756987475816747e-01 7.745664170752047939e-01
9.684026546480952735e-01 4.857139659124051212e-01 5.332754290574781564e-03 5.708393774750553096e-02 3.325713461108136260e-01 1.956785673414089821e-01 6.368460055137823428e-01 2.813938645274749462e-01 3.474524860559301542e-01 1.372889389164435592e-01 3.117475265088264225e-01 9.528687403079308949e-01 2.833333967034409318e-01 8.530634004363246703e-01
4.631382883269700157e-01 9.833725066621491484e-01 5.816899812771612055e-01 1.619573533166934753e-01 2.458537734727339608e-02 2.999291037959579409e-01 3.043726068984743405e-01 8.541058951672179100e-01 5.554626809934394283e-01 8.171222377326449182e-01 2.786465716752440924e-01 9.195385613153700399e-01 8.682547421563243661e-01 2.630256724786165234e-01
3.850731765567082521e-01 3.532589330439894759e-02 1.964935255442041839e-01 4.283359121707177586e-01 3.284776855732036704e-01 5.600444818225569499e-02 9.432008477469128183e-01 6.023595842084271679e-01 7.121471163274364358e-01 9.680929162465150561e-01 3.910206665965115791e-01 2.151162757689634164e-01 8.822357294342989542e-01 3.713332756040039762e-01
9.261295978499216597e-01 4.348762683522940931e-01 1.949337218816736828e-01 1.688551759890052351e-01 3.992593620220492578e-01 9.378708391076095996e-01 5.142597091621645689e-01 1.379283850367342135e-01 1.595295276084525149e-01 9.414056564115498293e-01 7.970727045393005694e-01 5.775199667647057389e-02 4.264368116474737125e-01 7.958759721606234461e-01
9.674380598051272040e-01 3.042354118363965743e-02 3.985020203943719919e-01 9.425638197693687603e-01 7.679687463869040442e-01 6.316411697425228233e-02 8.066869432034149412e-01 2.229351793652802893e-01 3.575158600269163767e-01 6.939807311445854721e-01 4.845760214500767216e-01 3.531816635847779828e-01 5.751032636107882290e-01 6.385080747410551982e-01
1.383849174342963728e-01 9.742587924545678124e-01 2.138452665057063440e-01 9.539914818225303517e-01 8.380655172801807495e-01 8.588742053298592527e-01 4.233214266951452753e-01 7.811579944154500854e-02 3.136605737246231929e-01 3.615051512895485208e-01 6.975893922372243816e-01 1.275286035113167848e-01 7.729369471389607726e-01 3.451721515095160786e-01
3.698310614190937207e-01 6.875395246353411816e-01 2.656252009994638508e-01 8.669501139537426626e-01 4.966501729678489685e-01 9.432031173883526076e-02 8.400157100830398793e-01 3.777703120792926805e-01 1.949226904292481466e-01 4.040478099335270690e-01 9.212410217851082495e-01 9.473536259482712163e-01 8.349393679722475481e-01 5.259295391205311976e-01
4.541562455194670944e-01 8.336591684194925023e-01 9.041944017141845258e-01 6.381930349378661660e-02 6.581172236202076364e-01 7.120645090392001553e-01 4.077656930693173143e-01 2.835286018111994322e-01 3.413182830690635328e-01 9.335375561049368276e-01 9.865591796312289663e-02 1.501046981470367525e-01 9.260224114788444538e-01 2.533980748479972567e-01
9.825572174142829240e-01 8.080560253174526864e-01 3.980934415202667109e-01 2.096056054284889392e-01 2.667590913318474977e-01 9.165402518434141443e-01 8.498302260365726557e-01 4.950052387563163014e-01 2.355661675575195790e-01 4.775041602515149863e-01 1.622506781872077308e-01 1.407749728548474133e-01 6.825427716503081887e-01 5.507718358428023153e-01
2.415819342840767048e-01 9.478098525957773246e-01 3.168578674970786713e-01 6.968472520650783597e-01 2.750548208032348452e-01 4.261777335931806743e-01 7.899492899582489791e-01 4.376342730597290176e-01 3.285310540450114836e-02 4.865513435649506668e-01 7.386883853702781444e-01 9.248585646916356318e-01 5.291103791802208578e-01 1.605228422825073498e-01
7.165541600506319941e-01 9.995447945869839756e-02 7.032527928427703134e-01 9.312522457527373509e-01 7.780560058612689955e-01 4.721299571379661275e-01 9.679739213993475699e-01 2.756806932643199870e-01 6.164388431557189518e-01 6.139808752765215649e-01 4.761984458500244655e-01 7.135307893896064568e-01 3.208108714187580812e-01 2.937513020843440792e-02
1.419111533252059854e-02 5.203868644750667682e-01 5.247126691312992142e-01 6.059081266594006365e-01 8.042193221675666415e-01 5.508642474035185810e-02 9.556735418365056578e-01 6.865505413333192752e-01 8.147931638996372961e-01 1.778190950084175270e-01 6.974961024004324717e-01 9.035771894504979196e-01 9.568976601803509396e-01 3.973216097052366669e-01
8.942357378238185994e-02 5.204012880751147652e-01 7.167448169012100578e-01 5.863540534913569413e-02 9.391005637956768570e-01 7.128344018823007389e-01 1.493900470407042436e-01 6.636999953602216173e-01 9.550834551468408984e-01 2.689874694764045060e-01 5.107625097766856914e-01 6.197896266333824400e-01 6.615286701269598169e-01 4.378207379319738468e-01
2.306463971703296423e-01 5.845981419626836706e-01 8.723080492672259378e-01 8.257020820232331415e-01 7.176752354021884717e-01 6.905078950449038411e-01 8.778281461856284329e-01 7.856011267038391921e-01 8.471481816913776219e-01 6.483758232461267479e-01 9.865019424554467564e-01 3.408712527796995406e-01 9.476766588520766366e-01 8.598041947477611524e-01
5.892954826463006057e-01 3.576169394141102131e-01 5.592178940699886747e-01 7.063186749650665064e-01 7.766661146041117236e-01 1.839475751582410057e-01 5.453631696529183115e-01 1.860298882274816767e-01 3.553510706745377501e-01 7.283357568621281475e-01 9.972436112050613310e-01 9.241839606468450485e-01 9.452973811049322217e-01 6.421060109968546037e-02
2.131219953203919992e-01 5.136951692212835541e-01 5.133912901194500611e-01 4.228774232354635121e-01 4.226794973585868975e-01 3.972515936135759818e-01 4.279331703536124465e-01 2.375854352434225714e-02 3.813791312070072825e-01 1.267689025991199925e-01 4.944214115879064231e-02 8.291072821717518915e-01 4.046480465606067112e-01 6.021676595398672838e-01
8.770454036770422013e-01 8.658421828503592987e-02 3.405693460943493012e-01 7.274505645792163078e-01 5.271576140724719695e-01 8.423026312986804376e-01 7.868276836787285733e-01 2.492272517808069576e-02 5.798490709735524273e-01 1.150573875227771659e-01 4.919434594319059828e-01 7.217526766170456742e-02 5.380919600345667186e-01 1.399214056384393556e-01
4.413674644692560101e-01 4.426598960517571513e-01 8.443358323729609483e-01 7.844617909611260043e-01 1.309386562312364610e-01 3.951265680811261172e-01 7.859978412083603594e-01 5.635195304653087822e-01 7.241587912895336432e-01 3.523991023510197884e-02 8.575270321514285587e-01 3.530495667698514417e-01 3.167104399730014119e-02 3.815223228682337320e-01
1.222423224650954765e-01 6.617577491712545168e-03 7.755253024340458268e-02 1.578999484839316292e-01 6.551070448000562152e-02 6.626004979524384719e-01 2.071395849094340713e-01 6.069901817264324873e-01 1.616245645596747771e-01 1.410268317252416637e-02 7.501808571360920608e-01 7.905499649628129344e-01 4.886869676682367158e-01 6.414682292787349249e-01
1.499742595046686944e-01 9.872491624977821623e-01 5.201337949120520276e-01 8.850118809603019221e-01 3.164621897869370759e-01 6.971338433747445995e-01 2.955989440096530307e-01 8.058354432446293014e-01 4.711500293902483039e-01 1.312994558616992213e-01 6.868803657685962349e-01 9.499336163951127565e-01 9.387484879602355781e-01 7.551031878411589293e-01
