4.044079257242233494e-01 5.284699791457461160e-01 6.330655647430389887e-01 7.319903303126567007e-01 4.514754104636449217e-01 6.252086169638193525e-02 8.306129347337876112e-01 8.005902522719791081e-01 5.524817833109341159e-02 9.375384063137464086e-01 9.284470375096123274e-01 5.845621894323534962e-01 5.904151285112014813e-01 3.756302128113667704e-01
6.700165646579059331e-01 9.494467902780604485e-01 3.490422149121353845e-01 1.676687142114923201e-01 2.872276057854732390e-01 2.179940744678963149e-01 2.355735967264592778e-01 4.559688477300646303e-01 1.187855425657067254e-01 3.931580935709074742e-01 5.384764545979288108e-01 8.996903775911366807e-01 9.754351961770126866e-01 8.248543285575569151e-01
6.968604647974738775e-01 4.133678783207689333e-01 9.838356511243443459e-01 4.065063624465092840e-02 1.718433149592756282e-01 7.424035114687789205e-01 1.954879437389389629e-01 3.230560299613435271e-01 7.137418994484695522e-01 6.563658894696664525e-01 7.812845155151837417e-02 5.397462752333828107e-01 1.854713959563178971e-01 3.450537431886735451e-02
4.770020919950742622e-01 4.710060979980342788e-01 1.671657475604219067e-01 2.860055320704221193e-01 6.374404230810534200e-01 9.622447675676326639e-02 1.971309048069831427e-01 1.010935581358063384e-01 1.266480540935608357e-01 1.205883983573120544e-01 3.741134511859049994e-01 6.759664707332473377e-01 9.886027465355442523e-01 7.495470362243474849e-01
9.501888947554655296e-01 1.804939275751621386e-01 2.529137489593380472e-02 5.961107737165994847e-01 6.379747426032955637e-02 9.062233114891211638e-01 8.140108847728890762e-01 2.795459756153367836e-01 6.475297417646147524e-01 6.144682949370022795e-01 3.832711934654576824e-01 6.682864385741504876e-03 7.702164746439710274e-01 2.324623357243787991e-01
9.818860895687984147e-01 7.984937474619983044e-01 9.473542586886417594e-01 4.925003058579799919e-01 1.108728684454106661e-01 6.799251962429851970e-01 8.101788431517842337e-01 8.460708974572271890e-01 1.253861913466659539e-01 8.678063735113890065e-01 8.168085742875996758e-01 9.761379785539889831e-01 3.092629779012373570e-01 7.496503337085188567e-01
1.636143626531996187e-01 5.081247064335833175e-01 5.024455567742298623e-01 1.620109410133372396e-01 8.148802599901250332e-03 5.839907415262438617e-01 7.418396377500402483e-01 5.388146956279675770e-01 9.652030610497730478e-01 4.024915358917297015e-01 1.402367625863194522e-01 7.334966416386524690e-01 5.703206153458946215e-01 1.655717605974504902e-02
8.613975240577372849e-01 1.182043354105912769e-01 1.119818716277128923e-01 7.744626524615192409e-01 2.721456495093004246e-01 9.321779815531261448e-01 7.726999276069034250e-01 5.003455003314364324e-01 1.505491290511374869e-01 1.122462351775180833e-01 5.747716229833563784e-01 9.954816745102520459e-01 6.965906499757377190e-01 5.111288925405582662e-01
9.109636779864777045e-01 5.817617987531631396e-02 4.652147967584517874e-01 8.990611403148826009e-01 7.548850212999157483e-01 4.429675365592855574e-02 7.626701934389001902e-02 5.513382913022241150e-01 1.256325007398755300e-01 9.274842665140600184e-01 8.470800449276535415e-01 1.433610566318318513e-01 8.024015581795673757e-01 2.423515980436306005e-01
8.481843446742765025e-01 8.511553650439843688e-01 7.351218448825198593e-01 2.385029093665397282e-01 3.314088101823080557e-01 3.182681211307372138e-01 6.232980783378297973e-01 5.326360814781351261e-01 6.321474386311310978e-01 6.250365009685044937e-01 2.011442647885484103e-01 7.768106771604679217e-01 1.206215859706627480e-01 9.560395611759531231e-01
7.471743241730471885e-01 8.298497069939885229e-01 9.034669575118469131e-01 2.504744380270071957e-01 3.169615970431294283e-02 6.172635736567410047e-01 7.517688988624464663e-01 5.251490538523957419e-01 5.082678828014630668e-01 8.106815249220041819e-01 4.978545361566020233e-01 3.915659704143017450e-01 1.299595467700676021e-02 3.319576800053991583e-02
9.737851231109697636e-01 8.771122264575659244e-02 2.251081286888517718e-01 6.053633490553619323e-01 5.313445820080293647e-01 8.286806858298635392e-01 5.672041175270777780e-01 3.004580595861299219e-01 8.770953664066966082e-01 1.241753651846568829e-01 7.188509038809877127e-01 4.054528455386893215e-01 8.386791161139649509e-01 3.236640402438296649e-01
9.295856752745168539e-01 3.032019950050733881e-01 1.215143625775180203e-01 5.326342128147103505e-01 9.830726663900264395e-01 9.765515142669978221e-02 3.119458119074822733e-01 1.672033084330005748e-01 3.587109566226990287e-01 9.721329678405310482e-01 9.098211269608316165e-01 3.796671849853833214e-01 9.338111747775876825e-01 5.780256008649319321e-01
9.038726898713015379e-01 5.401755890286767947e-01 3.370944073081876269e-01 2.080773844572799680e-01 1.386088842829800161e-01 2.546337989537703628e-01 4.156399443313408826e-01 4.309721265843342586e-01 7.662229719074411527e-01 9.308268775946577644e-01 9.102052695162672347e-01 9.108209139915993680e-01 4.680945255792375859e-01 4.752428784176857546e-01
3.268134828629659649e-01 5.975285391165641169e-01 4.187824332457208421e-01 7.908828478149957375e-01 5.267285183784193858e-01 9.008630345018423524e-01 9.895662704604145654e-01 5.839596873373824604e-01 5.500087897506911183e-02 8.175562401390180645e-01 8.980231145232343559e-01 5.464952241343437045e-01 7.753575772401309907e-01 7.551179247968546893e-01
2.012391069428531853e-01 1.567645895542978396e-01 4.939178549157372533e-01 2.060422774142253166e-01 8.337496387029286193e-01 8.861947994417479491e-01 8.771209810442236465e-01 8.907986920158849076e-01 6.403895725890649260e-01 5.053950662198007926e-01 2.095928148825849657e-01 1.296760064083518627e-01 7.584935490767841237e-02 5.084896367518071392e-01
3.148786272770986994e-02 7.945331317099264545e-01 4.287057425702593960e-01 5.017107011341402911e-01 3.724988096069028476e-01 1.721607086697639621e-01 2.487834310744236888e-01 5.491656837985914308e-03 6.300986693850669784e-01 5.216674535284171466e-02 6.738922795561893553e-01 3.201974820073222316e-01 2.146587478090294931e-01 2.039872695637958699e-01
4.722957379395033017e-01 3.286989847772167073e-01 9.264336993502039208e-01 2.588302734935471472e-01 1.972146878283207450e-01 3.762706389665027018e-03 2.525264535823096290e-01 4.005321969705107898e-01 1.368024125818737557e-01 4.694716591811768369e-01 5.372331594575187053e-01 5.491978166705363540e-01 1.190048848512842428e-01 2.623330337457143724e-01
7.127060301958001443e-01 7.185554204394094535e-01 9.832403487553187382e-01 1.697751443984220066e-01 9.340836210510284898e-01 3.059921893374020208e-01 3.111294236761436016e-01 2.233419704030906727e-01 2.850269377633052326e-01 7.767643511808591805e-01 3.193203058649376480e-01 4.516425250551925341e-01 8.767635342225840178e-01 7.066612951977482293e-01
7.989041480381682270e-01 6.400696800653595808e-01 1.118990617984489955e-01 8.412764323218898666e-01 9.087096659362814410e-01 5.923810854033471074e-01 2.670080936746328515e-01 8.023194998708763626e-01 3.933155055288960478e-01 5.001874909031778227e-02 8.655873028985247020e-01 5.657062378807303782e-01 2.784395477579134637e-01 3.492317156583591986e-01
9.614611595142580347e-01 5.565373181508923572e-01 1.920594550721101967e-01 2.677851270460612776e-01 5.224661978071927226e-01 8.211890865889180935e-01 2.937019874665127706e-01 2.059044732354008422e-01 2.067006898396233083e-01 8.517913681461327657e-01 1.848069550535447192e-01 7.695820123806494939e-01 6.368763009873350533e-01 1.785132091223979867e-01
9.108850844432949678e-01 2.018076769865926323e-01 3.482328972450070559e-01 6.836374462446930256e-01 8.925342057977432297e-01 8.539955687281508556e-01 1.299455591627758366e-01 4.201517379066944669e-01 2.627779272292408708e-01 7.014341813779638724e-01 2.976772366661059044e-01 2.411946089855364628e-01 7.483296709948901171e-01 2.885253537508571942e-01
6.821488309137826445e-01 1.504006124880072903e-01 6.542358989693296545e-01 5.695666123817791915e-01 5.252751383425117160e-01 3.716473860080765634e-01 8.585928570402570070e-01 3.216746800714003207e-01 6.510224526199575035e-01 1.386563732590487819e-01 3.535916220804191656e-01 6.097549996345662526e-01 6.078001172240394823e-01 3.279325054710361398e-01
8.486218003376853058e-01 9.919782008040030075e-01 3.328356233078429982e-01 1.718415981129646219e-01 2.683103997277813679e-02 3.022988689362007264e-01 9.969724369318969659e-01 2.395495066109298854e-02 8.056452498992173750e-01 4.812190930144001344e-01 1.621408626825210364e-01 4.102736898627061812e-01 4.147347156309608707e-01 2.642874568576093486e-01
7.078526923172120400e-01 4.053369001774458358e-01 9.050492320163787685e-01 4.822973196531854523e-01 1.485805980805563475e-01 8.879293662038068025e-02 9.897504782550767821e-01 4.209906547701602886e-01 2.851587583291530503e-01 2.411722325408528489e-01 8.136274143444262030e-01 1.061967506910279635e-01 1.324390676199554973e-01 2.923863468678015165e-01
4.942477700835458121e-01 6.265556734808528372e-01 3.200264206785912169e-01 2.481726898813019222e-02 9.745936501260412665e-01 7.019546445755316944e-01 8.956687900777677847e-01 5.268314789253056851e-01 4.435070605146071987e-01 1.665329142728566580e-02 7.804734461423061820e-01 3.163591283620748040e-01 1.037716750817786471e-01 3.101479897693144583e-01
3.628150088027851661e-01 6.106598072520581511e-01 7.709361459160071206e-01 5.255478628889060921e-01 1.493821045962373528e-02 2.328937889407383111e-01 5.342395505367281139e-02 4.195582097163882418e-01 3.986247927140764702e-01 7.752369153339669916e-01 3.841218122155665160e-01 2.201193749976892988e-02 8.003096862454360805e-01 8.342534642869393613e-01
2.992402491269426923e-01 9.545773832788851943e-01 2.484431337990086197e-01 3.688660758146559138e-01 3.564429157406372450e-01 9.477739838312658760e-01 5.572054095386252959e-01 8.175293008187123345e-02 9.144805643031479470e-01 8.486133315541388722e-02 2.361659475964223986e-01 6.817152312946613835e-01 3.433719471715033222e-01 5.527913643357266205e-01
1.621524296982138624e-01 5.909430458217900251e-01 4.699158537270480274e-01 3.089526405272116083e-01 5.991102865918861431e-01 1.505258498709568515e-01 7.936304830602277649e-01 6.190246072593648119e-01 7.246105887409907131e-01 3.919780019116515524e-01 4.284937534085900834e-01 1.746590949843731533e-01 8.802631578664950052e-01 1.465574172010281062e-01
5.893854973863550395e-01 1.206141563596323518e-01 7.684499807726212772e-01 2.515454745246152868e-01 3.197226841977481859e-01 9.718372141885620596e-01 3.383512886972301903e-01 2.183304507215134693e-01 7.038931047761300963e-01 6.418743965051698641e-02 5.787459733290286623e-01 3.502994228065667848e-01 1.069137418173160547e-03 7.273228751333127295e-02
2.193534105727101835e-01 3.763177828582192630e-01 6.605769824788423339e-01 8.399436568969746997e-01 8.349840452330049567e-01 6.292791624327153110e-01 1.007669204046183209e-01 3.703990949929025778e-01 3.287783630538571034e-01 2.055824252924509654e-01 9.320099711239253626e-01 4.293481156468559323e-02 9.359935343951445441e-01 5.183930137373166103e-01
5.299667947823261116e-01 9.288339208973407368e-01 4.670753599410658596e-01 2.067850543194227342e-02 3.404114781080914698e-01 7.627617209013584088e-01 1.979091193349685751e-01 9.495753307716029434e-01 2.131249786925176748e-01 9.039699109784686826e-01 8.197923087385114993e-01 6.212336565410202516e-01 4.968449481832828418e-01 4.879548525228926126e-01
7.864020569574378117e-01 2.274557973559268031e-01 3.189629183113742439e-01 8.775482313435378767e-01 3.725021047209347014e-01 6.896030530464467567e-01 9.979842508872933671e-01 9.515673472122266885e-01 7.211907614339327921e-01 1.676301195919520648e-01 1.274231560857581602e-01 1.193857294571346594e-01 2.462281921526757733e-01 5.505105347595934395e-01
6.096772480463283905e-01 1.955045926170345671e-01 9.678112035327329776e-01 3.602861012603989499e-01 8.135983356198499550e-01 2.956304927847399622e-01 5.669716001611501133e-01 9.073002955168817385e-01 8.905749899835376793e-01 7.166887831624607630e-01 5.442741606513967767e-01 4.043145786711935807e-01 3.040180229576806559e-01 9.354676257083360813e-01
4.475966115042827598e-01 9.069718779142019738e-01 9.895481638901283405e-01 4.383421585103332019e-01 2.942484239953307990e-01 2.381536766391089133e-01 9.409046493837921465e-01 4.695833183469240169e-01 2.883307384403585027e-01 5.454566807355647473e-01 3.819084111901441814e-01 7.424435576187606856e-01 1.459370277958296214e-01 2.617853539603278712e-01
5.103033442421077703e-01 4.752950369767816596e-02 2.994050781148099860e-01 8.787096053799555717e-01 8.964559072377761284e-01 6.640054135468564933e-02 7.303617450221377982e-01 7.510276797788099090e-01 5.807810913547611920e-01 1.051490111091484270e-01 2.698291016708930234e-01 5.223640655234040864e-02 1.316152423780267977e-01 9.627067811586274004e-01
2.892331678363878611e-01 8.538942123555269825e-01 3.313566794293946183e-01 5.126056985647744479e-01 9.166007488630716349e-01 2.945807394247090816e-01 5.211630345368768458e-01 8.375731420386366421e-01 4.276089742729967114e-01 6.456176553365476911e-01 3.411241937214675168e-01 8.644096391803333113e-01 5.268455683518166177e-01 5.101232738222289953e-01
2.942936991122953039e-01 7.371416780499703281e-01 8.697664897754462388e-01 7.124623945410911707e-01 2.074155971087995320e-01 3.007063976970533181e-01 9.359104598909422368e-01 5.894510841661229072e-01 5.724512223954650869e-01 4.561180178982056077e-01 5.543201758088677211e-01 4.093542621579732144e-01 6.583956594164335208e-01 9.573409007655137026e-01
8.881124361144407953e-01 9.495380320309644295e-01 1.657197797530460814e-01 8.785735012672198918e-01 9.912996250949845933e-01 8.982787460000499768e-01 9.663213331588811350e-01 2.708264328959548717e-01 6.419876519778627832e-01 1.882354826030880890e-01 7.735807586019560755e-01 6.414723176840514407e-01 4.349996803586165806e-01 7.613567630254212126e-01
6.886383173922170364e-01 9.422755733412073731e-01 3.116809643804302477e-01 3.782375045782109257e-01 3.242041931384668230e-01 5.317537049583905828e-01 5.305595955640771688e-01 3.237360079368598598e-01 5.529256625590867058e-01 6.036413718861012301e-01 5.674333417708722349e-01 5.164070423354606421e-01 2.645014051304471758e-01 4.759612838827388392e-01
3.797872295459667757e-01 3.922504967870865666e-02 4.072670577079331444e-01 3.227593608622189025e-01 6.153855753991966937e-01 6.687033582845781643e-01 5.973321216153824054e-01 7.670762059897557883e-01 3.336309022072003749e-02 2.499758649302208369e-01 5.458353697059252774e-01 8.225709589819264478e-01 8.132416269518422114e-01 4.011444043596928966e-01
5.999322906200066363e-01 4.360927441307912433e-01 8.813748314802816175e-01 5.111951023043175280e-01 9.779122014158279086e-01 2.841126866039737076e-01 1.609910899148817576e-01 6.794208276520879997e-01 5.473392350529789896e-01 4.556568454403803203e-01 4.361008384839176744e-01 9.640592658184128361e-01 1.657999959340706875e-01 5.979062704886536350e-01
5.184702363367710287e-02 7.973836650264618520e-01 4.583047900873140623e-01 9.794426775851984290e-01 8.014352000481224092e-01 5.350602729260283130e-01 6.262255821333136963e-01 7.220519975359486198e-01 3.453359940461991906e-01 4.069504154386271999e-02 1.381897778562715118e-01 9.639429703434168051e-01 2.034844594811002771e-02 8.783149019055346285e-01
5.396186329742097554e-01 8.369308168944677995e-02 7.509766899703155252e-01 9.311028522148490083e-03 4.313303078538196500e-01 6.407548079046001543e-01 2.940391937630596475e-01 9.653601578495916158e-01 5.333101903442195590e-01 9.421658726888360036e-02 1.619106896745448054e-02 5.417587922359197172e-01 8.090038461749615717e-01 8.917441942903739927e-01
5.945130466373076406e-01 7.062781681281384838e-01 2.819709234174390122e-01 7.502305685474266461e-01 1.939686343479926078e-01 6.733108574507131738e-01 9.352406737889495947e-02 6.523036638796501085e-01 6.943129851023766008e-02 3.913116738982693743e-01 2.635557551806151366e-01 5.956447176105783559e-02 2.285293407720612180e-01 9.556993078912613404e-01
4.644379368153292997e-01 7.747127620444983487e-01 6.743449478724229396e-01 5.136225242648335687e-01 8.032965276511516706e-02 1.130220639284584827e-01 6.608565912217285732e-01 6.673733691587452332e-01 5.817171578705870871e-04 2.995039887727894978e-01 9.617448917798655517e-01 7.319663616773296466e-01 4.987239192149653944e-01 2.592351938249892740e-01
2.474205031799883159e-01 6.804632508592390883e-01 6.648239649174825239e-01 7.863746066139655211e-01 8.007040441406954034e-01 2.851941223243587009e-01 3.307003718096437339e-01 7.087943615378095030e-01 2.716909480850508984e-01 8.337297908589647033e-01 8.351000477821022283e-01 7.597365929271296947e-01 5.287915440291891533e-01 9.943760230804348232e-01
3.455946490086307943e-01 8.618553080584789861e-03 2.475265832386173148e-01 9.316284156403780159e-01 6.541611105714639773e-02 4.130106774249878709e-01 8.879063472656452127e-01 2.581923105883843217e-02 9.436823901685308380e-01 5.784816799124548048e-02 9.972749958387568947e-01 5.823706232560209584e-01 8.465926895063325963e-01 9.871504638972352641e-01
6.449273243735692551e-01 6.517455665314608737e-01 5.572328721547937791e-01 5.555997801299994432e-01 9.328490831206143197e-01 3.934795244858353414e-01 9.756100904945006480e-01 3.657593036756353611e-01 3.009429327226145201e-01 2.328264822679231294e-01 3.884917691278116925e-01 9.105556488816881622e-01 3.060573553505122613e-01 6.337463863298568034e-01
4.365125676576864233e-01 3.312594279313962886e-01 8.877971568101550304e-02 7.812701904378016593e-01 9.081667406798458186e-01 5.083210187816662451e-01 4.456341916907844425e-01 6.729476205746542927e-01 8.673673847291615280e-01 1.871082728035586840e-01 7.584180332071819297e-01 2.419376343288309750e-01 7.822153357188362799e-01 3.257728129329532374e-01
2.778803770044323551e-01 3.819206964072996424e-02 1.135577886047691720e-01 7.188301715497342759e-01 3.263511560061048700e-01 2.474917917848294957e-01 2.609010305734030810e-01 5.396771653106413602e-01 9.154436150679000628e-01 6.552641131741768765e-01 4.834811016803759465e-01 1.367618499850339342e-01 2.631716462914674981e-01 8.717735781981195142e-01
3.441318487037688945e-01 7.855358726497185806e-01 3.891126544067889936e-01 4.068608374191395871e-02 8.164184757526473657e-01 6.808558516192758647e-01 2.910569199595258727e-02 1.404036395863791364e-01 8.186448708500941862e-01 4.615926317424490222e-01 6.895317922712396186e-02 3.931412562623396445e-01 7.808825111311610279e-01 3.121366042725045586e-01
3.380418768070558855e-01 3.150915733144411535e-01 7.580752169897699844e-01 2.542441479742582056e-01 4.008763273976546637e-01 8.001900951056568623e-01 1.631598394095780113e-01 1.354922446204039899e-01 1.347789624397188746e-02 5.877403104989510352e-01 2.102301661169821978e-01 1.907812686099930044e-02 8.537883856772221502e-01 3.323998680894473257e-01
4.022396563437382611e-01 4.111205588394444277e-01 5.927858780772615743e-01 8.059642879652256786e-01 6.385005867998800877e-01 9.602517152378620136e-01 2.709002991731833676e-01 4.560449192060965773e-01 6.791105188475727861e-01 7.672326561302234005e-03 4.598431197032512019e-01 8.863135822218171089e-01 5.158664184888546167e-01 2.495843672325446239e-01
6.531134086147460938e-01 1.452480989300157788e-01 1.111713471797589614e-01 4.954094889730582540e-01 7.143550020441632453e-01 5.537409293244233144e-01 2.265860547634912514e-01 9.450176517467112625e-02 5.348665091977365948e-01 8.232181079511280419e-02 4.652280726651991660e-02 5.663466213340350164e-01 7.694429787117088582e-01 2.250886468395073559e-01
4.709242341608811389e-01 7.104555971606625331e-01 9.838973964501551706e-02 7.141347764433730871e-01 6.373864749549108533e-01 2.674049742379291938e-01 6.879711794504193012e-01 7.717135374432921857e-01 3.806492552861564516e-01 8.351171117998202886e-01 6.204396816048046714e-01 4.897574140347669136e-01 4.646083889750880491e-01 4.404317232574611607e-01
9.480623982996536636e-01 5.856842021648298591e-01 5.950746697092171855e-01 5.904034017655350741e-01 8.814376778673241875e-01 3.121572103666153675e-01 1.544150072207775004e-01 4.587069948014635967e-01 4.925534951639345405e-01 7.350872117316481491e-01 3.251541767760872670e-01 8.927065413107939662e-01 6.303910776824417361e-02 5.830709555704257641e-01
1.088457996553615637e-02 2.495181863952934398e-01 5.176383132458255432e-01 3.667808665158459602e-01 2.337831824555149929e-01 2.703052476544575145e-01 8.154252167051819766e-01 1.094641967773147817e-01 7.201346402999453389e-02 6.052383256274429524e-01 6.535135138749810224e-01 6.110774233915727827e-01 7.085709738566576821e-01 6.426617587375896834e-01
2.471117903510753333e-01 5.890361078086869817e-02 2.453145648036955118e-01 2.173435785772285245e-01 7.055419253122263701e-02 9.754719079936601256e-01 1.904979749775881359e-03 6.080592567814675498e-01 4.192998146433621898e-01 7.474529285221376274e-01 7.120470934713604150e-01 9.573467588582864618e-01 5.695290721280423796e-01 8.667615682187235215e-02
3.310745246099598971e-01 7.053771774269836925e-01 9.786218611010694124e-01 9.241184685550514200e-01 3.862376533361296937e-01 9.148055666296245336e-01 5.356268710444604952e-01 6.520233976305523926e-01 6.680095695495085195e-01 8.327036108157122030e-01 9.960948750587743650e-01 6.931407845168503501e-01 6.425596603336919399e-01 2.866634392392004571e-01
6.503626473849678513e-01 1.245640941235135468e-01 9.748139967130586836e-02 5.106261158960736513e-01 8.953266861972687396e-01 9.103032376755496591e-01 7.785744961869567327e-02 4.130198847747224011e-02 3.233577090081535266e-01 7.889121566980483724e-01 3.537008155643150964e-01 2.390970140278344536e-01 3.502217903697001367e-01 9.609697570237447639e-01
2.283125657296475319e-01 8.355145902919755008e-01 3.336633932196987340e-01 7.580606820843934779e-01 3.275547061893888667e-01 8.658700706499222743e-02 4.616064565752989735e-01 5.842523414043154784e-02 1.710467478042133616e-01 2.868678681280674159e-01 9.798526195612594636e-01 6.718040435227679019e-02 7.305914030073231702e-01 6.679919864506235205e-01
8.916116466178650724e-01 1.354154584713569420e-01 2.154919660967106187e-01 2.534542371290213758e-01 4.419128318581015957e-01 3.370708130274803205e-01 3.436278731997434166e-01 3.403227824980825655e-01 2.175099645318609998e-01 3.846455082529603997e-01 1.005857685301481119e-01 8.068578180976413439e-01 5.639837972172426772e-01 3.262086549741870511e-01
6.383729737244170366e-01 4.226027435116804787e-01 1.119134102148857668e-01 7.131345285026687852e-01 5.670182878103412483e-01 4.082237947656602861e-01 9.421555821827133359e-01 2.616215543255020481e-01 4.686300110784682449e-01 5.870227309455140485e-01 5.686140026109287593e-02 6.452322491371172974e-01 9.121216100325837406e-01 7.659235236274477554e-01
4.501743890145983862e-01 3.042825478057548105e-01 7.797996202534055454e-01 1.447803147582904515e-01 2.576542454844719110e-01 5.189273447779401138e-01 7.870454793362109402e-01 6.599725866615149261e-01 8.988492216827164150e-01 7.997428859097754916e-01 7.984234338261075870e-02 1.202435187169272890e-01 5.389933675625773191e-01 1.154745978652909066e-01
6.090084207243796621e-01 4.394274063795364782e-01 8.240369721009521697e-02 7.301108802390458008e-01 1.640613810604566458e-01 3.612330948209432346e-01 5.929990752257549014e-01 2.704066576392839538e-01 3.358703691431571547e-01 4.731694994479684890e-01 8.547769578365290721e-01 1.747741691800923647e-01 4.912812406331805715e-01 3.143974993344736957e-01
7.729944046251564505e-01 2.347508202172716718e-01 4.671952281519802241e-01 8.471279386860390836e-01 9.197842418629440520e-01 8.769122224563091761e-01 7.485981072789950064e-01 8.348200394611103858e-01 1.739920360400787347e-01 4.155654224473861458e-01 4.520566241845087596e-01 1.171253616864802449e-01 2.876065471459133827e-01 1.665126559733808298e-01
5.365512898408877351e-01 5.098847412090355968e-01 5.138198164014243785e-01 7.815063293721443705e-01 4.048988934781594384e-01 2.000897589574551771e-01 8.386665509898699744e-01 1.702419909036054779e-01 3.243514901163792041e-01 7.316351205980885508e-01 9.262528852204831020e-01 4.808897376295162562e-02 4.227626117256586546e-01 9.728580044849896025e-01
8.630395616452931629e-01 7.677575866311312502e-01 1.732814957157150504e-01 3.044269052481686222e-01 4.933009103196324130e-01 2.110865071205582089e-01 3.956850875560913305e-02 4.580835534237919227e-01 4.003626904194871328e-01 1.305979767802000202e-01 6.877687152734004439e-01 2.293833222818381090e-01 2.212047341715129845e-01 6.840341669350661347e-01
8.740638289078583867e-01 5.860886799258663293e-01 4.349512467482296030e-01 1.163607086418241288e-01 6.272974185666646552e-02 4.937908362270491125e-01 5.714804707675973372e-01 5.335705132503757442e-01 7.368150288159666106e-01 7.156122299668979947e-01 5.591182943456235455e-01 4.492095794445754020e-01 1.423163052936570194e-01 8.424728659600492220e-01
5.123818235648024411e-01 1.459930865491354535e-01 2.423912899305473712e-01 1.803527734234321445e-01 6.659567462787081560e-01 7.168567503365607108e-01 8.193803444805196623e-01 9.323382382310835270e-01 6.047079313209846596e-01 7.964350560324756634e-01 2.037253055929562073e-01 5.512796976805608429e-01 2.676222569007713492e-01 3.851232819925162199e-01
7.604225952347296591e-01 3.582923225260139510e-01 9.984200347692179234e-01 8.975850310069063420e-01 6.844143694490959495e-01 9.692377556798793536e-01 5.087351128234116615e-01 6.604777586212096097e-01 7.046362010570944578e-01 5.176130625338620783e-01 8.685727052375309398e-01 5.671419801917940706e-01 9.022353456027730756e-01 8.429211100683130509e-01
6.583934062578356006e-01 1.777009495294257224e-02 6.194322734201731517e-01 7.164751369278512527e-01 8.909509345675203917e-01 2.652378207494990869e-01 2.435791854535819256e-01 5.977885451436149022e-02 6.942622438443624144e-01 4.103227109200043854e-01 2.759126801258569017e-01 8.795141503964607477e-01 9.935269145379551636e-01 4.108238650318342122e-01
1.786394316820348882e-01 9.204977865102960122e-01 8.540919302633692700e-01 8.107305501285857474e-01 2.643885545498319001e-01 3.280632139784427359e-01 4.595675533103410482e-01 5.749466211035620944e-01 1.657008607417209678e-01 2.853104204910323904e-01 8.231873866892512881e-01 2.894393167318263238e-01 2.892244128226729716e-01 5.664700686013489639e-01
1.645245671651165420e-01 6.517478988790295080e-01 2.065564569132557482e-01 2.542191855161771707e-01 2.798348699936972217e-01 1.331208323301946717e-01 9.286732643766260065e-01 7.034739349564264055e-01 8.663570500603906543e-01 6.989150456460568872e-02 8.438672853030103616e-01 7.336865075883524101e-01 4.421758227606907843e-01 2.760993150811648089e-01
9.869339909176469972e-01 5.269823696799289525e-01 3.208356343729079629e-02 7.799640055339507327e-02 2.350246649464865500e-01 4.252793319074891221e-01 9.339437867963862328e-02 1.839334749124204027e-01 7.795794808466072201e-02 1.293447978143827948e-01 8.621957248543967722e-01 5.824124978697621247e-01 1.019167672741351227e-01 5.849922819593293966e-01
9.859196601774000701e-02 8.828850233706515560e-01 7.924475705961827599e-01 6.660434140156050731e-01 7.045101821329221581e-01 9.505451785650173013e-01 1.382046574891777624e-01 3.662330013554853103e-01 3.233586682184698136e-01 3.923188563926055528e-01 6.094853070188137600e-01 5.541496112671010499e-01 1.685856820633705455e-01 4.479158765538936438e-01
3.503312354329672917e-01 7.682824699638128862e-01 5.800464375052725163e-01 7.813018058705486490e-01 5.288515068813331998e-01 4.569527493219485148e-01 9.636626254684744763e-01 9.781632894726591809e-01 9.172106213699620092e-01 5.916275133190678215e-01 7.799715892642123949e-01 6.975583846402341193e-01 6.849792104949070648e-01 1.904594701504878085e-01
9.746617150130387763e-02 6.595072052547422681e-01 5.339849500221491851e-01 4.905262090257989094e-03 3.118623417272980980e-02 5.699277716038783081e-01 8.467402526660620099e-01 6.618062831547831815e-01 6.501756367129920555e-01 9.887245261535304586e-01 1.554626680280907225e-01 4.745034887074536245e-01 5.456839030651673417e-01 1.598186614242966819e-01
1.905699218493945857e-01 2.144016832548543139e-01 9.939197506334831456e-01 5.606739107153978496e-01 9.194321009262634847e-01 2.705657248197729237e-01 2.499817701484073895e-01 1.131841876958711302e-01 6.123209904931907754e-01 5.567347834643421312e-01 3.208728492947150457e-01 4.197910756223615092e-01 3.622072019151703071e-01 5.599780663471224385e-01
9.925606109372306918e-01 8.044283138887231566e-02 4.200879986840275748e-01 7.063248781591400238e-01 7.491919550711357845e-01 9.692540081147049680e-01 7.648241163693830780e-01 9.569295358647593730e-01 6.419884196740355264e-01 7.095331230947673484e-01 5.812829213913648374e-01 9.070874226852138067e-01 3.597401920754392801e-01 9.377862999629645868e-01
2.349601176701324734e-01 9.741795021252563913e-01 2.435019698296151391e-01 3.242130928044680838e-01 7.305004237762232622e-01 6.812401261748310954e-01 8.778119342219129484e-01 1.062319534851019487e-01 1.198557566898522664e-01 8.399750537133056083e-01 7.744767527068960877e-01 5.811259170542417696e-01 5.072801711653441847e-01 1.516332338244448241e-01
9.684374371109742974e-01 8.886443493981326380e-01 4.265267476152238002e-01 9.392031269092909751e-01 5.872660421357848159e-01 8.461498201710258016e-01 8.871337227571094441e-01 2.939546225963637349e-01 4.569036653764968481e-02 5.531016483533029993e-01 3.966362245468895154e-01 9.483635597124020489e-01 8.913487757121627553e-01 9.630656344661948642e-01
2.269516220249363503e-01 3.656940032473809943e-01 6.896359743629167927e-01 5.427806860389730037e-01 1.861473822715700166e-01 8.363862888102827631e-01 3.784558716227353070e-01 1.700903382178564627e-01 2.105429616969547446e-01 4.661891697731781470e-01 8.042763529310292814e-01 5.742993525345896355e-01 8.284106541592695105e-01 7.830365371600318536e-01
4.825868262391443952e-01 5.812936103812009758e-01 7.290375949522068799e-01 4.635246494161076036e-01 9.052602654416141981e-02 3.022070815782276210e-01 7.981138615047180807e-01 1.799625977988036363e-01 4.049897493067139420e-01 9.516159755529018938e-02 4.610094917665619185e-03 3.875668326144876552e-01 8.386453639073399025e-01 6.057083853612504898e-01
2.563600603373884512e-01 5.925545823841146253e-01 7.881634201476651613e-01 8.128560859233270319e-01 2.895068163278059492e-01 9.453686283222971776e-01 8.296838666547331487e-01 6.335023253262048737e-01 3.515427577912736412e-01 9.520978842621597993e-01 3.903436853467225909e-01 3.585141299659624359e-01 7.688668496069486213e-01 2.878901809100361531e-01
8.514708673202904254e-01 1.004230479378139806e-01 4.336284310765073924e-01 7.010748108251108057e-01 3.549411819547817482e-01 8.632356440393571528e-01 4.879499380630557548e-01 8.404976087736243384e-01 1.611147955808683863e-01 5.775051862333389074e-01 1.669764481411862844e-01 2.581268545267789705e-02 6.252443031063167345e-01 9.539025223689605593e-01
7.229264695322522583e-01 8.339731201916222858e-03 8.275631343454271649e-01 7.006270611950707883e-01 7.378242305718953897e-01 2.390745354708045944e-01 4.141807960117946941e-01 2.284527833958684973e-01 4.719347107607406722e-01 6.178015148429408798e-01 8.666665314956322197e-01 4.269794297599992516e-01 4.191636253447554861e-01 2.346331329389955700e-01
8.804123021333931653e-03 9.597383798258201093e-01 8.883951295312125795e-01 7.161477292997818767e-01 3.247100478891832287e-01 2.885530822617210500e-02 9.995977572839837011e-01 7.635694783846445066e-01 9.870933339613874313e-02 5.298518539339081013e-01 3.681935356884474819e-01 5.197124364349796632e-01 2.328514819978483308e-01 5.893161589329931616e-02
2.553661971636304040e-01 1.313543391837005414e-01 4.954652608578624662e-01 5.970911209661471375e-01 2.651201239774152452e-01 2.743719820170353874e-02 1.305851515807860963e-01 9.912648447502004911e-01 1.856472210667968747e-01 6.154580721727804793e-01 9.945200974831364116e-01 5.663979600796259506e-01 4.692447535314392404e-03 9.323768757173812594e-01
9.666624072668040801e-01 3.293796540235582881e-02 4.503877055414750030e-01 9.953211726248271107e-01 6.226805270101032352e-02 6.851666540060395993e-01 4.840397566135911100e-01 1.454346131724214564e-01 3.066189062048573222e-01 2.882273959364423099e-01 5.888584275422819037e-01 6.507821802671414080e-01 6.599628561561388107e-01 6.186807694328493312e-01
4.723873410303802700e-01 1.769450733793797026e-01 4.857316386893459903e-01 8.850206544258590879e-01 9.503778564217413294e-02 4.086842124402043641e-01 5.851870699382255570e-02 1.893642086275910685e-01 1.340425379605980627e-02 8.397404354693913664e-01 3.397617208241334730e-01 2.513163890890049990e-01 7.807934037714617803e-01 2.252351898495125182e-01
1.778451154095229692e-01 1.939707899923359680e-02 7.641989419419907836e-01 9.470403222626075923e-01 1.741250885840495144e-01 1.643279955197717301e-01 2.076124211319398949e-01 4.355358249317478059e-01 1.615582204944587819e-01 8.642521623905208283e-01 5.372566795127515782e-01 6.080402973916819720e-01 2.117738467728880192e-01 8.718377736784257426e-01
9.658698001369804276e-01 8.187971854524819237e-01 6.966180789994262934e-01 6.141529813659600823e-01 6.855845530681788924e-01 7.703902985035085971e-01 1.909947618992886564e-01 7.092757417079779136e-01 8.792591908351896635e-01 7.625437639206262830e-01 1.651135553812455026e-02 3.021931633315891874e-01 6.386102594414213574e-01 1.869580318244357109e-03
1.271526145191159696e-02 1.771665677327652899e-01 1.462796090205120692e-02 6.215745519762583271e-01 9.913074915957142963e-01 2.279549051272798943e-01 4.782175470777416670e-02 2.309994976886408091e-01 7.983239147222834786e-01 4.393777161781359242e-01 4.104960313233046998e-01 4.688015687581534863e-01 9.795782975433903195e-01 3.297416238131830601e-01
1.969187804027136002e-01 1.592656061271038315e-01 4.116201086130348852e-01 9.225897337821489241e-01 5.471007440581289183e-01 5.574345477073038291e-01 4.637956162965932716e-01 6.072959288105915787e-01 9.172798501467012144e-01 5.272451554778998517e-01 5.956112212420361374e-02 9.229075332922086483e-01 7.608834193449184324e-01 7.524911114044554594e-01
5.616305173592874844e-01 9.242189972678397369e-01 2.064894930381027116e-01 6.319246940728240336e-01 4.984291904803497264e-01 2.488466862020399795e-02 5.732374539516563727e-01 9.155307278794432291e-01 5.271666136666953717e-01 7.454878468427109661e-01 4.261631235028928710e-02 9.531585903551004213e-01 8.384894920026090270e-01 3.193128492935696228e-01
7.708142710435018641e-01 8.867960217054623451e-01 3.860395426503664407e-01 2.214735332261634770e-01 1.748307085072342559e-01 2.407112655230847498e-02 5.644381067942146890e-01 9.749496517144303764e-01 1.959488568372781403e-01 2.758036886533453691e-01 3.596343354438988893e-01 8.755241497354770974e-01 3.542156296520783121e-01 1.909918140056704461e-01
4.181535535277295379e-01 6.372759225254448490e-01 2.005815725323487619e-01 4.899813436175141090e-01 9.570528106892201015e-01 3.248518888577978103e-01 7.635557133365959981e-01 2.173573643298879476e-01 7.348881156717902430e-01 8.417026166347051364e-01 9.101284405303990965e-01 8.153995496178986224e-01 7.420487076642044988e-01 4.016771936807731480e-01
3.691224394223547867e-01 8.803192614922361603e-02 9.655374983080636797e-01 1.605452231356667703e-01 2.459078228188323889e-01 7.550761085534631878e-01 3.822403026369164403e-01 4.691322537323220354e-01 1.515559102924788348e-01 2.215338927038995598e-01 7.308283478164753211e-01 3.336061603491835559e-02 7.777020640573616417e-01 7.216672702185393806e-01
