5.492975486498545834e-01 3.354602047627656125e-01 3.228090677080887039e-01 8.152053682362123688e-01 3.571125789504859815e-01 2.480847373113254095e-01 4.714117974223525076e-01 5.235771670464328675e-02 8.530856964865041192e-01 7.107780858127037416e-01 7.710396018572057697e-01 2.948202882965069715e-01 3.957855990163885451e-01 1.772621464713617367e-01
5.498562018040313859e-01 7.107851525320902919e-01 3.258676521452915642e-01 3.893467824391693144e-01 6.471827531659465338e-01 1.485299116739524639e-01 5.092123974337761094e-01 3.392052962409037864e-01 5.734423654958031857e-01 6.283100253412298164e-01 5.099343020283009231e-01 3.013144563775077556e-01 5.681049134304104742e-01 6.165961363717291643e-01
1.578935217420153192e-01 9.937214109524491468e-01 4.997927162982058746e-01 4.394099115657553734e-01 1.656329698921192861e-01 4.244157393045107085e-01 6.477418763213765862e-01 6.677127220619750725e-01 6.116192067943168054e-01 3.863871062279533586e-02 8.883358260450382460e-01 6.923748064667942792e-01 9.254888083334005255e-01 6.639713025817788328e-01
4.301067920055745564e-02 5.845717245428957431e-01 4.113922131837958185e-01 9.836423409678927143e-01 6.685541406166083389e-01 7.827728343272168932e-01 6.206973033159960407e-01 3.054862328446863451e-01 4.056987131358169574e-01 1.166475758682319341e-01 8.694133788637903315e-02 9.454428735130370187e-01 6.106505480095610894e-01 7.837132403424971194e-01
8.606144188798651173e-01 7.239593701521390701e-01 1.961024263380954924e-01 5.056097194187463284e-01 4.079306778214688567e-01 8.894963890316418542e-01 5.401223378275232800e-01 7.022408462769764714e-01 5.631702344201411359e-01 1.572208992136315819e-01 2.690411410911283108e-01 2.358712125940187754e-01 1.547456919890765059e-01 1.551172784696447371e-01
8.406750054084418666e-01 6.784280460161721260e-01 7.899696254158665720e-01 1.063610121683552512e-01 1.595249270878338343e-01 5.173049047324222993e-01 6.691003108181317049e-01 1.283543287959818535e-01 7.181436386394765004e-01 4.219825643213239719e-01 3.954308312168206552e-01 7.096919906040604076e-01 6.788136749758051369e-01 1.605435193614749290e-01
3.995018445507372284e-01 1.855000339557977274e-02 4.188165584524046192e-01 9.097378226053907113e-01 4.737328637911148999e-01 8.273862433073433387e-01 2.348127255335880070e-01 4.828749168881785181e-01 8.125366677930636605e-01 6.288422096745385215e-01 3.995830541115715784e-01 6.998885957386039580e-01 3.379334633561562606e-01 6.314323135733503900e-01
8.091820106470406504e-01 9.708497045820304594e-01 6.531616476348633960e-01 1.253902520334120307e-01 2.522466815883565028e-01 1.652207283332056686e-01 8.337219597105398616e-01 2.598147015598157861e-01 2.735218487183483926e-01 2.252101789732539050e-01 9.316881056639680914e-02 9.281527310104457085e-01 6.635488093089719763e-01 8.378062886585463387e-01
9.069043997066725815e-01 7.045761647398464111e-01 3.811882741689845977e-01 5.839009010528474208e-01 2.589711912281745798e-01 2.654153832879324604e-02 4.256411799166228693e-01 3.004395344768246989e-01 2.382851019037546259e-01 6.252570220226132403e-01 6.188320324552687435e-01 2.557488445930347076e-01 3.702290983088638576e-01 3.469061506750159563e-02
1.572495328779622836e-01 6.206138696126111132e-01 6.016572335093002266e-01 5.069576011579879360e-02 7.980535333138428777e-01 4.398895207333086699e-02 5.787670290614318480e-01 6.026908823358068101e-02 3.150325666082532949e-01 4.550470133348010204e-01 1.379758188181069434e-01 1.001959762617581351e-01 6.413618708589585715e-01 4.983118523038492231e-01
9.557793690068334680e-01 3.777107200407718857e-01 8.818973869595122528e-01 2.673737365200735683e-01 8.239825438004007019e-01 7.043252429515783897e-01 5.181429962414343393e-01 7.339888450010099152e-01 9.827599368748216602e-01 7.165947374789057855e-01 5.909057744592626227e-01 4.235551971534184945e-01 2.480049006627856878e-01 1.131536688966069404e-01
3.441257656349222538e-01 3.780562091819208437e-01 4.197845903327168671e-02 9.962749129347909793e-01 4.868297790580239370e-01 5.977409698941854588e-01 9.557851505777760215e-01 3.429160398405063370e-01 6.427835169332042353e-01 7.243340297249127868e-01 1.918267258369639183e-01 7.773498612260856255e-01 6.632248880806664859e-01 3.474580510102427411e-01
3.623799641443514741e-01 7.127663194329998397e-01 2.896494418624493417e-01 7.599710202219701616e-01 9.131326841788280912e-01 6.189079787691598167e-02 5.019288173237143047e-01 9.774494118253377328e-01 8.996723646051669743e-01 1.568417731330276066e-01 3.453493927677030451e-01 2.184040141264625978e-01 5.867648496314448181e-01 3.959995185923397276e-01
5.808623407533953786e-01 8.061329791946060253e-01 4.096344854360904897e-01 4.036771474241362956e-01 3.031576722715932926e-01 2.778009087916125663e-01 9.764876792020753538e-01 6.529112748032614988e-01 6.947421558622147719e-01 9.370254448446535545e-02 5.735312599682035328e-01 5.398868166745572905e-01 4.896517000551956489e-01 1.385460829680076333e-01
8.974540146067024882e-01 9.226608119239277928e-01 4.856468202189950789e-01 7.180208303725121866e-02 4.769395915114028606e-01 5.889674144057387428e-01 2.516911962136099135e-01 5.509477275480377800e-01 8.803402707191345655e-01 8.136924158949816466e-01 7.234539994142193953e-01 3.117484040924214383e-01 8.658308981090367951e-02 5.875554543775656224e-01
8.112665725759309332e-01 3.339213966464422700e-01 5.509440909408523934e-01 2.041333153992579419e-01 3.518214111206808825e-01 9.634657748037285252e-01 2.571910556193457431e-02 6.443874417508926866e-01 9.038858919229988409e-01 8.370886951836808976e-02 8.546542235309421143e-01 7.558739422425222454e-01 7.906511488217125017e-01 4.029200654553274363e-01
6.100193610512418818e-01 3.455130533697132744e-01 1.921893185731956555e-01 9.344580313591327458e-01 1.916754958843166490e-01 1.307093806628129018e-01 7.850382805113930162e-01 7.315742746388435025e-01 2.848145712223115744e-02 1.644425204561172915e-02 2.899973359629018921e-01 9.493791075549897762e-01 2.728208721936445924e-01 9.146757170910496670e-01
4.884107727734214865e-01 8.510248594874184613e-01 4.865791279101078226e-01 1.748893269745162016e-01 1.731499012688136885e-01 8.711705066915037543e-01 7.861914455049860972e-01 5.331050468297020561e-01 1.113716857257994741e-01 5.550776199759123175e-01 4.011037664266350333e-01 4.135184755365900466e-01 8.821188755133096970e-01 3.735972517658237013e-01
1.665217416637178038e-01 6.707906865047146283e-01 5.534016420181608886e-02 4.640081836229148493e-01 3.019667507281632579e-01 4.273709676994252860e-02 8.466090014235140293e-01 8.934435922283723297e-02 2.918391883214151994e-01 4.953499038154846046e-01 3.508490207849154219e-01 2.576502484180684949e-01 7.042002272967888832e-01 5.443393656089784427e-01
6.667835071523015023e-01 1.924714272487781930e-02 6.880735568509147582e-01 6.421407291751402013e-02 8.510698515034955669e-01 9.860604150182370464e-01 3.028125269334297487e-01 9.802935303986830551e-01 2.478480820270241303e-01 5.548934745997967655e-01 2.776003069296698600e-01 9.927450180294135063e-01 8.774377102870262179e-01 4.324301259825494848e-01
2.101671923386370100e-01 3.264541068198403284e-01 1.326585073251734803e-01 3.437312595376856850e-01 2.519966911647680829e-01 2.613019596593237903e-01 8.584507574111110983e-02 5.251333527996338013e-02 8.526329240383367924e-02 2.830723173714977392e-01 1.826149559562562086e-01 6.757059362411228509e-01 2.155491303740401099e-01 8.166963428330876740e-01
7.738401810665281877e-01 4.283497045888194910e-01 7.537261619409360014e-01 8.027771812465557266e-01 3.357165005494132659e-01 5.509174913158514375e-01 1.565756964088711456e-01 5.417741149683866775e-01 9.871166998664760994e-01 6.799907237599243093e-01 1.209019403996999253e-01 4.220025142709471488e-02 5.194317924070538384e-01 8.272732658172595732e-01
9.103639206603645340e-01 9.165018279069006013e-01 1.450042754217679697e-01 3.477555789227236849e-01 1.030496974402215216e-01 8.118689873911253407e-01 1.407644529672120726e-01 4.901088714891677078e-01 1.935049505321824181e-01 3.554780572564572028e-01 7.882870988998856854e-01 7.957480108213597081e-01 3.939488309338652350e-01 8.531551684518123846e-02
3.873012855650396213e-01 1.411677619254674276e-01 3.124925469257621158e-01 2.832717066815386708e-01 4.247979455165408202e-01 5.731672457313027325e-01 9.632851764272374329e-01 7.303725183745568561e-01 7.377155811071943736e-01 5.982885801217631139e-01 8.230375761491489639e-01 8.396693797622891697e-01 8.661636519974352799e-01 3.924105373075947867e-02
4.365394356686131960e-01 4.157648163450770040e-01 6.436572483427568381e-01 6.189562079174504294e-01 3.828999931611870577e-01 9.788961860044187446e-02 6.259909056959156448e-01 4.353050032007128589e-01 9.525875392575317013e-01 7.073128981542675664e-01 9.181793743508938066e-01 7.821037033155279206e-01 3.714174396104892306e-01 1.332952199701945561e-01
2.824919733775239639e-01 3.010775720370921782e-01 6.567353038634279327e-01 2.900956292217293786e-01 6.743439703951638053e-01 7.730239573138391052e-01 9.404987412317370454e-01 9.749655968023931418e-01 5.574160070998048777e-01 5.171197657736410491e-01 6.570901006788407717e-01 8.811717980974029807e-01 2.956117099091561951e-01 7.138549559767519703e-01
8.415254267130446442e-01 5.718084323927349333e-01 9.975638172152574423e-01 9.270979421313856328e-01 4.724683931730730979e-01 1.366806380753663452e-01 5.490103730544171334e-02 1.802037048330503710e-01 9.832792082720607230e-01 6.788143665028043561e-01 5.533659463502076381e-01 9.049165931866235413e-01 6.960661529462652819e-02 2.477756396806474193e-03
2.664625886954807843e-02 8.354661343947589192e-01 3.665227587382524632e-03 2.795833141527649390e-01 1.024121568627637258e-01 5.485946383831319384e-02 2.602072228456918657e-01 5.872396193494899830e-02 6.334184519818166770e-01 1.749967646539085653e-02 7.466164375460263569e-01 3.249958440252908032e-01 4.310161173421551695e-01 5.565083833401035518e-01
1.653734408270722822e-01 8.686164834938164825e-01 1.566804868959371655e-01 5.384569947750996732e-01 6.256391485808422415e-01 9.841494294076575944e-01 8.630524507489925057e-01 3.548630522064238901e-01 3.472748355612557125e-01 3.516046397005951896e-01 5.976153125743188799e-01 5.472847665708437948e-01 9.769781623344545585e-01 6.189910138096612613e-01
6.106885891620172924e-02 1.298380037184670988e-01 8.976153195417645447e-01 1.338744052985282318e-01 9.720004879616692683e-01 1.176952036996470330e-02 2.444983910750835321e-01 5.160759099608609457e-01 7.140148020241875448e-01 8.741219611533526113e-01 5.962395258163883938e-01 3.337261392035972829e-02 7.911752876366990872e-01 3.585970015642010456e-01
9.707221778938908141e-01 9.590329338924595826e-01 5.258060340458725612e-03 9.568495813331041600e-01 3.240068363549487573e-01 2.949344396054975892e-01 5.943628141816180710e-01 3.582278365303698253e-01 9.363087631323143700e-01 9.711692118366229698e-01 3.073896218831754235e-01 2.005794327467804727e-01 1.569952555803741934e-01 4.610586931890189311e-01
1.307317115546533515e-01 2.964225713674010221e-01 7.718935937709375805e-01 4.259997893507994071e-02 2.457232621925790061e-01 7.391143861069293663e-02 4.845795533884681427e-01 3.159873284784863179e-01 5.662036978032817247e-01 4.822967905829211865e-02 9.242416633177695795e-01 6.131670842885256212e-01 6.225933993682929435e-01 3.906989031132712675e-01
9.105309109778400023e-01 6.716862744400150520e-01 9.830431251888308575e-01 7.347935777903353838e-01 5.840985153649881356e-01 4.676892866117110525e-02 6.885321631253240593e-01 7.561682659545286844e-01 2.721738971243995442e-01 6.472634879068041025e-01 2.085810146188471492e-03 1.257956416918111220e-01 6.862341765065700372e-01 3.016125854431058739e-01
6.060658506524306821e-01 8.049118876224367058e-01 6.921280358872557992e-01 8.947447502353678139e-01 2.759511178739301185e-01 1.389243915514206673e-01 7.123414654405283430e-01 9.802141563623401055e-01 8.788158677674361430e-01 3.324819521239962272e-01 7.248160272280128602e-01 3.928800862795934767e-01 4.413478895181268680e-01 5.311154438544555267e-01
8.625069925964649054e-01 7.550221994338125464e-01 4.834857928318736509e-02 4.143816148558521206e-02 8.651694673284324733e-01 1.998458896959118825e-01 3.681274688550931762e-01 5.028327172965812997e-01 8.161545812171384640e-01 2.858173323943459243e-01 6.569236625603845914e-01 5.325779840319696534e-01 9.927448139728553000e-01 2.766498637582022191e-01
4.581338469398309465e-01 9.552615291778256967e-01 8.400438111425315713e-01 3.873530672457349278e-01 4.298062391524876125e-01 5.553032240703227318e-01 2.917105659644551041e-01 1.921484504058649234e-01 9.947562679797623542e-01 3.259937419395345648e-01 1.641999168662450215e-01 4.935268437539659381e-01 5.750515132351107228e-01 9.777212240613875061e-01
4.309968605489533644e-01 7.536744173707428107e-01 4.383344834274149893e-02 3.913975765690348441e-01 9.204590246584029023e-01 7.100282910375097511e-01 9.396337257574837176e-01 8.998132323475159788e-01 4.583219517742433968e-01 1.764607146859504816e-01 8.617982400284865951e-01 1.953366284827359189e-01 5.824406547441887128e-01 7.035262264489633433e-01
8.615083819478084326e-01 7.300969827797132439e-01 8.079009736845406131e-01 3.817500216260930612e-01 2.601402144435189800e-01 7.359546390846580799e-01 1.793100590453194920e-01 9.986739002028317547e-01 7.358064903915264576e-01 7.292604568767493411e-01 6.936035723299627254e-01 6.483739851279513022e-01 4.627602260650555133e-01 8.178641927811287626e-01
1.481070616849350374e-01 8.135635428867208363e-01 6.903428979767871621e-01 9.478805994426564574e-01 7.159561148910513761e-01 9.536072194689243497e-01 8.031828388968098587e-03 2.944133700974089773e-01 7.302028878609067020e-01 1.002163783674564490e-01 7.199431754822666063e-01 3.235785224953124928e-02 7.908459583850874219e-01 7.706814187315392806e-01
6.222837236733427257e-01 6.508721267608650329e-01 2.418134206823576715e-01 1.988924064793305968e-01 3.784429494132832694e-01 4.389406469091111651e-01 5.625938404553518790e-01 1.666270118687065427e-01 2.034742978046583106e-01 1.463598980733262778e-01 3.577744959534319147e-01 9.081981801238208085e-01 3.008516336694440074e-01 8.331208712588230592e-01
9.917703291151652722e-01 9.574960607097838805e-01 7.011766898188507291e-01 7.432235603650400035e-01 1.133483342578234243e-01 6.298083215015659597e-02 8.031044757242694621e-01 3.430380786768797430e-01 2.712285395544893341e-01 9.850925073619343220e-01 4.460681943117469350e-01 3.177877798107276996e-01 6.360265939334537322e-01 7.118507630548323029e-01
1.198830838390559927e-01 5.609669968502032367e-01 4.169802815055143608e-01 1.574466728993971776e-01 1.660737402763401427e-01 7.548172695723639469e-01 5.476181227548017061e-01 6.517334220017283464e-01 6.448129169624680079e-01 1.723938282135952793e-01 9.785057635491256622e-01 3.492063186239859895e-01 2.234766889481878405e-01 3.514960739818266955e-01
6.358766785873637417e-02 9.616387091167712953e-01 9.804507904190220557e-01 3.360722318357185490e-01 3.563956728464838797e-01 2.410271653399687075e-01 7.864940918359767386e-01 2.671220448604434416e-01 1.281734016813208532e-01 8.731777159552579493e-01 6.964702902551485053e-01 6.758097231797484117e-01 9.272025465972126845e-01 5.415780018732119228e-02
8.019730402488977061e-01 7.000175254472573716e-02 3.363493824637964202e-02 3.966881043488542646e-01 4.664064805580704354e-01 9.589326881266685421e-01 9.059445253958221533e-01 3.446964575759677851e-01 6.605891211355339188e-01 4.438400786888098137e-01 5.035115187827303718e-01 2.706126866392761787e-01 8.644068470459572717e-01 8.981924251881091559e-01
5.424267491648639972e-01 9.988035361941427492e-02 6.061278494004503914e-01 7.920762989990099978e-01 5.976590495606399767e-01 4.655434539960371376e-01 3.569493449956565589e-01 2.023874858230197971e-01 4.625243359514934482e-01 4.405675532662800542e-01 3.074241090835344581e-01 1.779462096949357974e-01 4.527932294831492621e-01 6.695292687532644615e-01
7.269478924909285045e-01 8.064897574434499727e-01 2.408819321473761876e-01 9.181354397490151253e-01 5.722157240909385711e-01 7.409299041486459014e-01 3.732608309515432765e-01 9.152866620513755436e-02 8.722224684228503389e-01 7.834819331041926738e-01 3.149476733566995978e-01 9.718253554371344416e-01 3.126084422643250482e-01 9.554375775304891905e-01
8.275548873454809939e-01 2.466448853488579784e-01 5.481265094466407639e-01 1.142667781361335066e-01 3.803823942020470028e-01 7.311888264084588362e-01 7.055251799062554063e-01 1.289234191436927635e-02 9.697084671817722823e-01 6.034796219421552088e-01 3.311671621478939898e-03 3.173365756029642437e-01 7.334936279735790876e-01 4.878092635412311084e-01
8.918055365149493152e-01 8.139976418323294771e-01 8.355692207707232644e-02 3.404848336253718522e-01 6.151843347524690309e-01 1.465471752557574447e-01 7.410300579905428897e-01 8.305042289770803166e-01 7.987505338333674709e-01 3.040957433181047387e-01 5.672167053469949760e-01 6.401397281500835756e-01 3.099967965000324233e-01 7.363019754396916694e-01
3.476522995835096275e-01 8.626236265101555611e-01 3.549680879695714664e-01 8.519519447608103757e-02 5.198642949892171572e-01 9.457475980489736811e-01 2.559786777766180910e-01 1.228225536629347081e-01 2.408122117357461844e-01 9.170356708654876510e-01 4.093546270363956907e-01 3.998253597420526884e-01 9.128611874565164541e-01 4.286528908740442345e-01
9.733963324156673647e-01 1.960947820326541802e-01 2.218293933104611426e-01 9.790621203465390554e-01 8.949779376732802660e-03 7.945408878851082379e-01 9.062615225199313063e-01 8.360992671464907433e-01 5.609535266897047734e-01 8.949442753851292176e-01 6.908459997893957594e-01 5.158062633778693895e-01 3.618306465797649363e-02 7.389805738934429602e-02
2.633580090457056100e-01 3.639441032675372334e-02 3.528719386590067897e-01 4.915521558711224426e-01 6.821585098063458474e-01 3.627771011708293969e-01 9.238667369519667494e-01 4.461817653177421183e-01 2.076143138643781194e-01 1.400907031608733533e-01 9.189237776908676381e-01 1.183671341787274622e-01 1.079427180798793184e-01 4.741155917412128717e-01
3.067289322533792717e-01 7.289549876055900768e-03 3.862363493328212494e-01 5.780935275726498679e-01 3.585330807775505280e-01 8.041111505983955521e-01 6.710749817790607752e-01 1.937334402471435624e-02 1.408401703559820639e-01 7.856158488713885779e-01 1.291358152133476045e-01 4.292285827103403673e-01 9.440231636016790384e-01 9.684208761849111280e-02
9.049594315398636901e-01 6.074480265901390785e-01 2.356917939122397110e-01 6.973317308079400867e-01 9.566696282472147983e-01 5.248840083216652630e-01 9.063167053832682507e-01 9.373784727607857858e-01 8.066707384277826964e-01 1.937078485544249107e-01 3.342464988347824129e-01 2.847250111872109413e-01 7.654677281320875215e-01 7.233579668715413025e-01
2.903847117400121247e-01 8.854119596119665037e-01 8.108431402134922417e-01 8.275477050184973926e-01 7.988821986197680580e-01 2.309551632691954071e-01 2.742054409848361241e-01 1.215580957774250459e-01 7.634879292167475739e-01 5.883127796820889488e-01 4.444372259383388979e-02 8.592311462809415490e-01 6.970091922828434150e-01 5.980238547769778368e-02
9.792010443698445643e-01 9.272084324507801067e-02 2.356468364998017817e-01 3.975363800759068589e-02 5.069225862854155329e-01 2.788955037107122559e-01 3.944044021363641850e-01 2.005147216913516495e-01 6.957410298018884554e-02 9.559207459560734588e-01 7.797962446101439626e-01 6.492412440352439695e-01 9.580897407108247554e-01 6.531633950753901185e-02
5.865441674850331299e-01 4.225060835147174121e-01 6.556182254992274361e-01 1.007688804962945106e-01 8.105445535996955719e-01 2.351268680870377548e-02 4.453467769293245615e-01 8.680260473360839057e-01 2.627371515322501905e-01 9.340201473270850485e-01 3.395038118678086470e-01 5.161624174335918136e-01 7.202728080289733104e-01 3.686600759237599334e-01
4.743844719197565230e-01 9.726180017452830118e-01 8.837786625632623183e-01 5.299157360487866120e-01 4.550325089035369697e-01 5.454410843951973398e-01 2.689214307088645395e-01 3.772822056959116432e-01 6.190380857917181512e-01 1.486736044650358579e-01 3.610659908515164718e-01 4.919344266720770964e-01 9.293420521096164011e-01 6.493409367960061296e-01
8.494854827273626841e-01 2.687938326184119431e-01 6.988219609307471103e-01 5.190796127017567319e-01 3.037333565501815213e-01 3.660303472700359162e-01 7.642795156545817425e-01 8.740491589520290594e-01 1.433400622114386902e-01 1.302593474454472044e-02 3.825373463987030709e-01 3.851658423683281818e-01 6.709800108971720745e-01 1.758066107494697938e-01
7.578449540843056331e-01 1.650957672607854532e-01 7.022269767013726849e-01 4.174063115193394902e-01 1.338354080539547741e-01 9.362471188916333675e-01 8.193109106525393592e-01 6.574053001549612363e-01 2.136751711541031717e-01 1.694804536505934989e-01 4.560985249948412701e-03 5.863482402197023324e-01 3.426951779777905882e-01 5.274967900190110637e-01
3.969694605596820747e-01 2.398408381511560883e-01 1.470760977989906682e-01 8.587085962024095798e-01 9.473672999921756155e-01 1.285828876399807141e-01 6.000588260709279753e-01 4.785025048109750045e-01 8.977812051385057890e-01 8.779922046314355688e-01 7.432164776867559164e-01 5.965943569481584330e-01 6.205566749410263983e-01 2.027352020983828051e-01
8.867164302137318099e-01 1.142409412037066474e-01 5.815740183389023210e-01 8.408628395202566441e-02 8.791727468826981973e-02 6.385379139770833712e-01 4.682657607581540704e-01 1.385424735110842853e-01 8.146569266920621333e-01 2.164011225557360696e-01 1.108829283945486077e-01 4.908383578596329233e-01 8.157713646329556312e-01 8.312258604818714147e-01
3.544488177722545652e-01 4.183845357156973366e-01 2.686062546896073044e-04 1.230109945213325728e-01 2.088944274025309467e-01 3.933912518802057390e-01 3.889060206812824383e-01 4.245890934219267443e-01 6.502300356950749816e-01 9.150407290711748409e-02 7.311578596996731738e-01 6.950124273286668597e-01 8.591926253819079928e-01 3.480089083514099624e-01
9.021870450689473131e-02 9.338724570835581495e-01 7.755799918726957731e-02 7.505723973105303815e-01 1.791171911358984126e-01 5.730771329262631664e-01 1.181993472084523766e-01 3.894718079943134681e-01 6.464894814116002308e-01 2.242290476816939382e-01 8.462960041815997814e-01 5.713787288544690535e-01 6.357651348538291280e-01 4.951606573233072739e-01
9.389427089037324370e-01 7.868470589280853744e-01 7.356510656589011488e-01 7.963114761461821400e-01 2.769437126659637372e-01 4.609213595254348927e-01 5.021515880148319511e-02 9.806047978234518903e-01 2.508555930464428929e-02 3.436048614780495836e-01 5.588181326415277983e-01 9.705209390944724568e-02 3.846158887005585170e-01 7.153289520101306920e-01
7.441955035617309200e-01 5.391945423227306744e-01 4.798306099348808029e-01 1.008992729698270363e-01 5.136028539539461146e-02 3.996666390225517285e-01 3.435467280207878948e-01 4.587030325510600415e-01 6.607678732258114307e-01 9.877651141074905716e-02 2.436088123211975764e-01 2.688932781326469623e-01 9.308581034602992910e-01 2.429644711306222504e-02
5.911589726069850226e-01 4.809050298889923081e-01 1.174621306480606586e-01 3.982701396283159223e-01 2.875634390225351167e-01 3.540944276479207620e-02 7.330896196554299582e-01 9.565579053225461426e-01 4.071413970794686144e-01 8.057108896726485892e-01 3.075035683329320202e-01 7.299539366863347922e-01 4.933817428176195952e-01 9.560341786882708970e-02
6.505318858202222554e-01 3.971666975056322713e-01 7.378752026492185756e-01 7.292906526924111121e-01 9.992007682421877313e-02 7.435327429435750757e-01 7.784343391503504295e-01 2.219248592306022339e-02 9.902686243228057128e-01 2.028338749120004447e-01 4.332008762632918453e-01 3.611664349370337090e-01 9.244723812561278509e-01 5.653084777195421795e-01
1.876471871091731636e-01 8.398995529842753216e-01 7.037119677632519554e-02 9.253234785400940021e-01 3.762417247741278725e-02 2.994614623477064308e-01 5.454316236603825585e-01 6.078943886759397008e-01 7.693638215591607210e-01 3.904612362851853646e-01 3.153975858884481287e-01 9.824910085469419352e-01 7.449963377456531033e-01 9.616756369290101469e-01
2.255748913694108904e-01 1.104780649157910410e-01 8.000303275325388874e-01 5.747915790882626164e-01 9.593167129529374115e-01 4.570833590216690778e-01 3.105169377565712985e-01 7.944774150544936520e-01 3.030400145065804685e-01 4.543131776038763503e-01 9.076184717266386759e-01 9.194783520300531254e-02 1.001359543553386189e-01 8.365739478273280794e-01
4.924379409845311972e-01 4.419209112801800732e-01 9.292385206670439324e-02 5.558890412777038881e-01 5.550910005654986490e-01 5.404999048585368282e-01 2.987121248195956369e-01 3.501540338142419273e-01 9.339647449915134958e-01 7.485098580209151864e-01 6.736098280350125700e-01 2.618979794249187698e-01 3.506184770005960072e-01 4.473129514289184705e-01
3.431922108517487802e-01 6.113101162327879701e-01 6.396285000130941256e-01 2.261042344407682148e-02 7.439327766772597661e-01 3.134922813920935081e-01 8.705930595694924001e-01 1.141444079867884875e-01 4.994654297929962405e-01 5.723239543535800777e-01 3.026387385620119552e-01 6.287007187433684141e-01 5.335813316576002441e-01 6.218875108491184189e-01
7.501044366355114068e-01 5.344166533630625437e-01 4.076404693310304861e-01 5.983173167918454105e-02 9.028947723725682106e-01 9.727893887396195094e-01 9.357231178887513989e-01 4.109974710500584605e-01 7.249887164535158135e-01 7.992442473120905388e-01 6.987928057473596910e-01 9.470172246735091282e-01 2.696962419733065497e-01 6.186279441094082454e-01
3.642444862605446199e-01 4.256557946063833642e-01 4.516439947188352066e-01 3.772708508288898921e-01 1.155690060845536715e-01 5.974633182094288841e-01 4.886357550154829532e-01 5.632287466005543308e-01 7.604079576571831645e-03 5.722984096781039698e-01 9.292252953161590501e-01 5.480191876737730006e-01 7.597668113463806883e-02 8.352301761661660162e-01
7.228477626933531575e-01 6.727907437450364458e-02 7.496843348836847998e-01 1.916202648130714836e-01 2.850772960879331963e-01 1.316612769068060684e-01 9.276042610823832524e-01 9.293562727653185140e-01 5.907558452242253066e-01 4.647210985415483053e-01 6.447374069285497500e-01 8.685428536437475033e-01 9.632836190771082441e-01 2.698233056658612128e-01
6.715847821771181447e-02 2.479114424730456401e-01 7.819183028934876267e-01 8.738698985146104992e-01 7.320596665106400280e-01 5.885446538732508337e-02 9.872018213342766968e-01 9.413831460208273993e-01 7.459095414987467754e-01 2.126671525796312023e-01 5.220942572461555464e-01 9.396572380209433639e-02 9.045985520892626530e-01 7.733815659940357357e-02
9.475290715609255843e-01 3.041302893441372168e-01 1.346106738139112302e-01 8.507422778123154838e-01 3.228796432710778763e-01 3.619731645213863924e-02 2.324797140396932527e-01 6.192411062316220960e-01 2.574588773057086000e-01 9.618194785285349990e-02 9.281722252149027241e-01 7.690476036478309796e-01 6.180341827928430565e-01 7.165207488544538261e-01
4.731357746632999239e-01 5.477632498514558579e-01 4.861681315295407479e-01 8.955081652904758327e-01 9.620511153555181272e-01 1.320067070946087107e-01 5.697363030326820788e-01 3.850911883877833342e-01 9.286616125045359382e-01 1.719887909048560815e-01 2.869468674768167471e-01 1.479658869268596355e-02 2.351802842450543274e-01 2.706587670368831855e-01
5.056517804949360873e-01 3.565713374729801988e-01 9.568668488674264561e-01 7.676653362224811206e-01 4.618795069952571497e-01 5.708530074045197189e-01 9.536906902799890950e-01 4.012955313407418068e-01 7.975281728550959182e-01 8.402354805062036691e-01 1.632804086580527114e-01 8.864811406813233319e-02 7.640390331558125636e-01 5.545037368241748643e-01
2.024454035347376113e-01 3.741098683097513478e-01 9.089395226533565353e-01 4.523686360395325901e-01 7.492588500736613311e-01 1.014076401234466074e-01 5.433666219945747500e-01 6.978324332753819137e-01 7.645209983650642638e-01 4.846025019680224588e-01 3.600593564032613658e-01 5.390242733788153107e-01 1.627124838127280704e-02 3.676804454893187746e-01
8.751986213332866305e-01 2.932924504260847609e-02 4.702348967165240756e-01 1.224473871346061227e-01 8.890457371407435305e-01 9.357759707336087418e-01 4.969991987410137257e-01 9.333218583704707694e-01 9.748858262304871403e-01 5.177239127431281229e-01 2.499995846773430674e-01 7.947035670871349655e-02 4.466514376080482629e-01 1.198444815203612013e-01
1.003075901846409712e-01 8.616448867715793547e-01 8.320087944032305005e-01 6.727108485347510491e-01 9.054461618479980878e-02 1.712395455525763666e-01 2.122752266544006838e-01 1.053285459461491547e-01 2.797043879819037793e-01 8.541411366933998606e-01 8.012825063385851099e-01 9.478699009456844626e-01 4.916058244149872358e-01 2.496507583537506125e-01
2.741991245634034513e-02 4.730630938021422871e-01 4.524460316224798717e-02 2.251502927267650112e-01 8.860671544931492116e-01 4.391724091270026165e-01 6.745159689492574717e-02 5.694486017814237577e-02 1.817740919090121698e-01 6.440061952223496977e-02 7.994141912789929361e-01 1.260115679706284020e-01 5.613173259493777767e-01 9.442510645775088474e-01
1.705722897039401165e-01 7.470218164321401622e-01 3.649484587725876361e-01 5.859110392871429429e-01 2.162303329228097981e-01 3.381172245483341499e-01 1.838659618745930313e-01 7.644721126459302907e-01 9.754080698874120214e-01 7.480837516797886888e-01 7.752734885370073936e-01 2.048262443911355035e-01 2.852786824180034708e-01 9.792162546050529048e-01
5.443451134747790965e-01 5.044647870380771781e-01 2.941291213805706795e-01 6.783187158756295299e-01 6.249971747896498897e-01 9.850273940004206086e-02 3.368846356078759596e-01 4.451028910343196587e-01 2.707365946851659766e-01 5.680761763244690510e-01 9.825718160968656134e-01 8.553259246447121322e-01 1.644443198942739937e-01 3.309767801775383989e-01
2.240477550189401423e-01 9.307163646084671837e-01 9.678648281994011171e-01 7.296762523245370335e-02 7.826706546273027865e-01 9.638161042206682128e-01 4.649238581465154896e-01 8.902991729310659741e-01 3.764333735995231134e-01 3.028222578371769780e-01 8.744721296611414063e-01 6.905167318288416567e-01 5.374083343691959946e-01 7.629786673050786838e-02
8.872913557331790768e-01 5.544237364438875382e-01 6.297874097693840767e-01 1.546911524290458528e-01 6.174963189485407344e-01 1.317050510585785483e-01 6.997299512540533506e-01 6.575625346819755634e-01 2.860525130014198725e-01 5.376566744612336635e-01 8.364796958164791851e-01 2.211965915524528592e-01 2.755131286123950751e-01 6.688461336010769198e-01
5.751503832202327082e-01 3.771923076331814562e-01 8.211350167799675859e-01 6.398475905622055260e-01 8.306294275104775249e-02 8.273410315663295433e-01 1.300386761103320410e-01 5.385080141956669619e-01 2.422252359375898223e-01 4.217869238882709926e-02 8.734783994849402156e-01 3.621980296198199500e-01 2.641297531777114793e-01 1.848989520590097468e-01
5.133767366281982714e-02 2.316102262535018053e-01 6.648957822293910525e-04 2.233404172906706675e-01 4.832081157414248596e-01 3.464074447027115644e-01 7.168291966205271315e-01 2.294185832778412593e-01 1.560580216576131773e-01 4.277564566994215278e-01 7.926267383007185030e-01 6.951408774838858662e-01 7.856975239740517925e-01 9.116248068878306521e-01
6.693525910766364717e-01 5.375469801791266100e-02 2.014425770143850603e-01 2.779952785494863576e-01 3.715584787382435472e-01 4.981732097480395804e-02 7.516448489694780299e-01 8.756678889677029787e-01 2.603726967845171325e-01 7.948920151109126753e-01 4.066661292664204286e-01 4.588983676819271551e-01 5.936903876353679665e-01 6.282915467806647891e-01
4.124402111223868239e-01 5.298869009188149626e-01 1.313951887238712368e-01 7.861686482620249272e-01 3.385444773955560427e-01 2.946926649660299713e-01 5.795551902219336915e-01 3.107380844972651435e-01 9.057642910203522746e-02 8.642026164787486309e-03 1.027344000390284506e-02 7.267851352774123974e-02 2.778626485501375365e-01 9.862254385755213626e-01
1.645497392763057842e-01 6.768019423113598165e-01 6.361399025684283393e-01 7.664244421277794928e-01 1.879531998565698858e-01 1.768978346490609477e-01 6.562012043222023028e-01 1.119430779599731585e-01 5.663789302750920074e-01 5.306193613220622218e-02 6.298485330525638304e-01 4.889294154809830095e-01 7.191505367925321579e-01 9.326550211879381935e-01
9.574542641010731492e-01 8.325270871797227912e-01 8.800034214400125343e-01 5.199145724787970213e-01 7.948757318731157762e-01 7.840713311138470809e-01 8.519742848653423239e-01 6.749165316989262919e-01 1.700613163493590596e-01 3.983829111193611938e-01 2.897376213139970513e-01 4.222373096385627633e-01 5.284075559716627790e-02 8.146028957423467887e-02
8.075239023169239472e-01 2.603668738957640727e-01 8.360586128292422092e-01 8.325999907661250088e-01 7.044143580022355078e-01 4.690357443023600581e-01 7.340472571610860975e-01 3.224354087470361341e-01 3.947119316647265119e-01 8.233008212679904236e-02 1.912500278770523643e-01 8.214563169138892063e-01 5.361585980987637612e-02 2.504911575968670201e-01
6.452027252292339421e-01 1.511258105603555668e-01 7.650755556844207605e-01 5.649479040749609826e-01 5.404269567335417968e-03 8.228551239871564338e-01 4.723783487361233879e-01 3.394142863535343224e-01 8.668359635941990105e-01 6.675861920104974034e-01 8.509752439180378047e-01 3.638999009305086130e-01 9.840887695459955564e-01 6.625622411361842268e-01
3.101501968553166400e-01 2.723847419418788940e-01 2.887344579989068460e-01 5.315595353466373574e-02 5.829887347512279216e-01 9.134807124110017051e-01 2.085846449347080744e-01 6.681180854187451779e-02 9.377968082690979479e-03 6.160270838709963614e-01 9.554507502152860265e-01 8.829087725212246829e-01 8.386562818368221706e-01 4.394594888146748923e-01
8.437392132850933812e-01 7.413251202360067182e-01 4.464524497194418684e-01 9.229191186547737180e-01 6.166635063946310780e-01 2.377366587365703499e-02 8.662984958520795198e-01 8.133680690841395000e-01 8.692812336929375272e-01 2.707989019051951773e-01 3.315116848849840592e-01 6.505071068218225561e-01 9.844112554450623609e-02 1.569334236916343217e-01
9.732845845722453149e-01 1.756192794294418880e-01 3.462284931132878496e-01 1.267022912013662239e-01 7.020590475373315043e-01 9.783739200402722380e-01 5.555228457306599088e-01 1.949183131164777816e-02 4.105557455041897175e-01 4.755209088898516567e-01 2.227408639780426025e-02 8.548936738276745606e-01 7.355097924390247011e-01 6.140952961515827591e-01
9.804852509571565511e-01 2.226456670562428908e-01 4.556486083490036698e-01 1.775800374350442468e-01 9.649310243510198504e-01 7.116164687716722836e-01 5.611094345522871230e-02 7.813171341002503878e-01 5.349081001449290662e-01 3.913045063506876975e-01 3.937028625035470242e-01 3.865936755160415128e-01 1.992976206401113615e-01 1.202978055151208148e-01
4.724848869431490517e-01 8.074537153016537738e-01 4.027283348892598536e-01 5.047832471916555708e-01 3.493660954163571031e-01 8.419062792581462062e-01 8.672349037448007225e-01 3.164397978724112770e-01 4.339099188949355757e-01 9.585584058655782780e-02 9.036926647089693621e-01 4.629517304649566345e-01 2.098721418057094557e-01 3.859344040788701413e-01
3.831069346451787538e-01 3.443093043874502213e-01 5.447863233721750298e-02 7.249991618591128395e-01 9.446059184802205744e-01 7.768655156317457733e-01 9.152830181872214643e-01 5.502796820018789337e-01 8.201344637843606122e-01 2.331762941799730982e-01 1.798425554582342434e-01 1.034473378477909211e-01 4.483947121270569491e-01 6.412522133318148132e-01
