6.713137836057009311e-01 4.972828172044807538e-03 8.884317241612456062e-01 9.657871187057843754e-01 5.488670321612829639e-01 1.717801126906316478e-01 1.832078220816825143e-01 8.797972523597955563e-01 5.632879562782989735e-01 6.178875152866414311e-01 3.890339494864514247e-01 4.141550839246398441e-01 4.609706644182778312e-01 8.444239965993372010e-01
7.156552797246632514e-01 3.650575214694665727e-01 2.083045332874526867e-01 1.370106847246529425e-01 3.733540749276318405e-01 5.443041190734186907e-01 7.453869223753185613e-01 5.623083567444295827e-01 5.065754466223382213e-02 6.611185754789483671e-02 7.172799175047107623e-01 9.044916777615751302e-01 8.614100345349402499e-01 9.418329071874594893e-01
1.954394875932589093e-01 7.451151449214883371e-01 8.249203714640096496e-02 8.031383348902139119e-01 7.125765308408380516e-01 8.146882526590282225e-01 5.584034196528334659e-01 7.199226169639679762e-01 3.172209956783264007e-01 5.923704139237427890e-01 6.014144618745382864e-01 1.305853767203511984e-01 7.274361055382893015e-01 5.418740477541387213e-01
1.515757400144245315e-01 7.593593538392281461e-01 8.024005552026082233e-01 8.274810081667072215e-01 3.234055566928009107e-01 9.961185324103571936e-01 3.833481887541899669e-01 8.927412386514661513e-01 6.228751282710255355e-01 6.706201377298690591e-01 4.260738277120756923e-01 8.843145179529278144e-01 4.117127899438527416e-01 3.728205809283426930e-01
5.406114294628128203e-02 2.517838777870313738e-01 3.090278607971033153e-01 3.979991203386140652e-01 2.875237171378566270e-01 4.080842070452841419e-01 7.882580856556358206e-01 9.166749418077283496e-01 1.857950660634350992e-01 4.848615006111546277e-01 1.075827292592952400e-01 4.303686762848325520e-01 8.715758544042283562e-01 9.642606154390863660e-01
7.448473991543742567e-01 1.830190989472673113e-01 2.127223748774810241e-01 4.565968147194008342e-01 6.431360203075063842e-01 5.083370171442911367e-01 7.473279016115684792e-01 7.879255784533768514e-01 5.907879816865507783e-01 3.140810625429824032e-01 8.726322856558280661e-01 1.187852390576912276e-01 9.924394228452774191e-01 4.603956212366407952e-01
3.029589634447454882e-01 4.743715760648511415e-01 2.962176592221776872e-01 5.958244344363526901e-01 9.827009624997971038e-01 3.664661331302718761e-01 2.799582822955815065e-01 3.628958887808837463e-01 1.096433286453549760e-01 4.110693793511129845e-01 9.561510603680822840e-01 8.581492934415836382e-01 5.318112068649438751e-02 2.714820435409157628e-01
8.082458396565643799e-01 8.736328561049665486e-01 2.495262224507883708e-01 8.682390557726035185e-01 1.830733518513391056e-01 3.408023654212607445e-01 4.418382341874002028e-01 7.963931022864382259e-01 5.623664614915572235e-01 1.451281644479143207e-01 7.756581280596605010e-01 2.632685002420943610e-01 7.752893214794376320e-02 7.479118459345973635e-01
4.098657781491987784e-03 2.549814491163471253e-01 4.236217019378030191e-01 2.239440732427905312e-01 1.211402876000194917e-01 8.630324507258925193e-01 8.619766396206851589e-01 2.895949849636612061e-01 7.755882540933987102e-01 1.813165554326064965e-01 5.690953660295524630e-01 5.877731799368105525e-01 6.478033633718991435e-01 4.660984873863859290e-01
1.121336350481122457e-01 3.132390951972023885e-01 1.477936693028170101e-01 2.849072307888768085e-01 7.960442137298580079e-01 2.245637101044450912e-01 8.458067926882945065e-01 2.220286821628608687e-01 1.030957226219411105e-01 5.236458898192689615e-01 6.588353480942846785e-01 6.060937108831064846e-01 3.306176752711057487e-01 3.374386044409244390e-01
7.757640461607018256e-01 8.238953732849051415e-01 2.247851687760549222e-02 2.420940365738899480e-02 4.680035152870714033e-01 7.071848654409537138e-01 4.792933221629745999e-01 2.442460878060791485e-01 9.729231680163029639e-01 2.710784583978151918e-01 4.179491316754784247e-01 5.880441521405456173e-01 8.954142662457966750e-01 5.109243825110750814e-01
5.790808982658738335e-01 8.126623335787898084e-01 8.601168782649296629e-01 7.035436200776340465e-01 8.598306199047245357e-02 4.912573418702093075e-02 2.620356969807843273e-01 3.362390350451022192e-01 2.765108305918320131e-01 5.342004013163537124e-03 3.277087986353939275e-01 1.837698648554110248e-01 8.039335326340873999e-01 5.414301357661351899e-01
2.106614538893228916e-01 1.096268712622872066e-01 2.199488930836654976e-01 8.229693221719214247e-02 9.554353144479248439e-01 9.521481185909687062e-01 8.717489007972720749e-01 2.612494433595936583e-01 9.039272434020817482e-01 7.651782142520607843e-01 3.502331238210065756e-02 8.347839094285640638e-01 3.427351177645285851e-01 7.282539761298979508e-01
1.486180509354243506e-01 5.098580075119873989e-02 5.168671089814038666e-01 4.780818992994489980e-01 6.564885645654853219e-01 3.761314685414968162e-01 2.526232377075976476e-01 8.637360511185513401e-01 2.716068550247011659e-01 7.285662837556899918e-01 9.198657851600111623e-01 1.003781752109051961e-01 3.699137840535634547e-01 9.719122165146871772e-01
7.368658015274185402e-01 2.519534218909769141e-02 7.553315979793228108e-01 2.970231731392237728e-01 5.120119814284964654e-01 4.899293405186300188e-02 3.157939364938815441e-01 4.833225381679985277e-01 6.840753508006460759e-01 2.531237653074178695e-01 7.906856932048624831e-01 5.678361748271626430e-01 4.902196405432435178e-02 7.894357163527079280e-01
4.754634301172644406e-01 5.627872130980297039e-01 2.090778736063381160e-02 1.090579615908471300e-02 2.731995551857112625e-01 2.591233046789949146e-01 1.007590291880000599e-02 5.789817586561484264e-01 5.790195757362324169e-01 6.558509322073583503e-01 1.961549443030574658e-01 9.417536952792802118e-01 8.126558462978490383e-01 3.700529051245398104e-01
5.909973005073485552e-01 2.953689146034724766e-01 9.199656655598514865e-01 8.936149688548714609e-01 4.685920814943985713e-01 1.136050034433944145e-01 4.782003263846428265e-01 9.471531295758484070e-02 1.389070412702670954e-01 1.996167930854848560e-01 6.187022820882031038e-01 2.361992617987984655e-02 9.223832919618228932e-01 8.219064874244766949e-01
6.605798814596165469e-01 7.495503981972387875e-01 9.923162472680202573e-02 1.028699844804104035e-02 9.904134949008150945e-01 7.592381334776103774e-01 3.646891791553356077e-01 3.342603522158895668e-01 7.216493511170610775e-01 4.838275469308612742e-01 4.957595385774843377e-01 3.411650601041230635e-01 6.045491288671822616e-03 1.014727593783285586e-01
3.662228393049899999e-01 8.531844104315894350e-01 9.752205262254114437e-01 1.188225611266369164e-02 1.752856687821271464e-01 9.155465004397822515e-01 5.075752335210550470e-01 8.465457402179277224e-02 2.784780785359134425e-01 6.463822859851232616e-01 6.136502809044751539e-01 7.915519357302056580e-01 9.564520486364789242e-01 7.634643353068792937e-02
6.582183086552190199e-01 4.755240658803752130e-01 4.435339710909356192e-01 3.011672874120771004e-01 4.495646745777680531e-01 7.292850246617857968e-01 1.965972934432806962e-01 1.124137836342234964e-01 8.214112986383371728e-01 2.746252374604907232e-01 2.838294445966823565e-01 7.169725178997992110e-01 3.644379399017928511e-01 6.481193602615695770e-01
4.956792425480327502e-01 3.513199112113029043e-01 6.806094862292333403e-03 8.195920121404808301e-01 1.827361837343292050e-01 3.522156676603293013e-01 3.310661443173146257e-01 8.050594420013936769e-01 2.783489147459971003e-01 6.830082181667211927e-01 2.391312149210040872e-01 1.736246061715163158e-01 7.192974015937000365e-01 1.925920604601619734e-01
8.958972245751761765e-02 6.500537026900167215e-01 6.438860599096263293e-01 7.163279088911972403e-01 6.689973106951289106e-01 7.123444825717345497e-01 7.695525473532913718e-01 8.592093577201717070e-01 3.245714464704716473e-01 2.405828683415303093e-01 3.372287337843197230e-01 4.674965426386660239e-01 1.303672311896413305e-01 2.146013821232928276e-02
5.475696530605391743e-01 4.554197058048129465e-01 3.752400250969848416e-01 9.330124907980152926e-02 9.055522757633315267e-01 8.570411352839203412e-01 8.505171354583884735e-01 4.529271248108895920e-01 6.419996260959560663e-01 9.304405740177434936e-03 3.314722685159322557e-01 8.222654929977839533e-01 1.573808066201280997e-01 1.029225680949189536e-01
9.060162512156498815e-01 5.542026234142669594e-01 1.512027084971275803e-01 4.255577510465708979e-01 9.762143888524238422e-01 4.194565527227798185e-01 1.225356813676824475e-01 8.924485637061663201e-02 1.214040808967565832e-01 4.028754755934684795e-01 2.397160901481355522e-01 4.650311660604415920e-01 4.650418870940336014e-01 9.600709604714474654e-01
7.114477760732929035e-03 2.902833485290200466e-01 4.475726964296390387e-01 8.816273684828612733e-02 9.125425274185583469e-03 9.992486654253440737e-02 1.428652753854828816e-01 4.097785532132396380e-01 1.100212166734294561e-01 9.304738683584825587e-01 8.417998831558115569e-02 3.314510902756151456e-01 9.218913889668858275e-01 1.066035020280140522e-01
7.975282462442948583e-01 5.856468796204867822e-01 1.958784054931916874e-01 1.278313343271390012e-01 4.268703071224940748e-01 5.268992667690608478e-02 4.207559299324191704e-01 2.207480736178739633e-01 3.238799116655761701e-01 2.073875141581734693e-01 4.406486710656979389e-01 1.215684361958497828e-01 1.176681209083626500e-01 5.048297924405199533e-01
8.716938442746934301e-01 3.179331550411435003e-01 5.444037058762465353e-01 9.034690413502169948e-01 6.609263254114290387e-01 8.198632576936099037e-01 9.519408871501316982e-01 5.018777748945568717e-01 4.717217300634661825e-01 7.576101879300141118e-01 1.497070625543183153e-01 1.241621382085167369e-03 8.553863759598571148e-01 6.431081346791422959e-01
6.669145625718709836e-01 2.340334356726534448e-01 5.220054320013219895e-01 5.700670346595299032e-01 3.151276779146992002e-01 9.262693077209049886e-02 3.945316661468811770e-02 5.024419766715104707e-01 6.428803702679377619e-01 6.285902650594946683e-01 9.907703514786947441e-02 3.936377641298320906e-01 8.598544414269239100e-01 8.569965160482834188e-01
2.384790613774282475e-01 4.241783258570397397e-01 6.617659936587954039e-01 1.802903396154093008e-01 2.942975658272388717e-01 1.631605425095649098e-01 5.257317061356722165e-01 4.042737961195806973e-01 1.698299518135263364e-01 6.266103417020754129e-01 4.244721544719799455e-01 3.516260932080432777e-01 1.907476184760665827e-01 2.465314620565903780e-01
2.439169699502411470e-01 6.550880405409333918e-01 6.503171161607106399e-01 9.599680562996425470e-01 6.923031279807921878e-01 2.910566770857532237e-01 9.145526395119696339e-01 7.310774024803573523e-01 2.207131032357848577e-01 5.812497551319018019e-02 3.583164503464141282e-01 5.192028701728945705e-02 2.640630984053727870e-01 9.320558792298457851e-01
4.156215365605234746e-01 9.335180979032373649e-01 7.847825695049159833e-03 9.592602600164310545e-01 1.085091616361988365e-02 6.518264366904000795e-01 9.893442487175481137e-01 6.506163157951649900e-01 6.600625892843863252e-01 6.468630642746086012e-01 8.403679905111329784e-01 1.594549186967333387e-01 2.226391290848450666e-01 1.631880651668115023e-01
4.774249075472868364e-01 6.329427210564734230e-01 9.701354712955186921e-01 8.672245789580204089e-01 1.222746363421539639e-01 1.507042102057628563e-01 2.685290438674596825e-01 3.764231779304263448e-01 5.200389643263847450e-02 9.891045037931306405e-01 8.188282281096402881e-01 3.760552012206148653e-01 1.811410413740730529e-01 1.435897921451770864e-01
5.734774922610985648e-01 6.254243059823263451e-01 3.840127656444225490e-02 5.157494984729404930e-02 4.483941994944328213e-01 1.712897226843651532e-01 8.151389052440527472e-01 3.280573938779943743e-01 7.068965319763388377e-01 9.004671401923280971e-02 8.911672181687015915e-01 1.584494935980960140e-01 8.543899592780794805e-01 4.994546717676323633e-01
8.571940610660692128e-01 1.965714145446226802e-01 2.204488621408657867e-01 6.555387082719023040e-01 4.095963073181443370e-01 4.920336454815992244e-01 4.955230415694785728e-01 4.254075754567627765e-01 5.262352323016822320e-01 1.163332289934434494e-01 7.800338409400470185e-01 7.929874079682852628e-02 6.266658061723903161e-01 7.777473787188704524e-01
1.719931810895339863e-01 4.706890774337857408e-02 7.589670379926830579e-01 7.773808269594946196e-01 8.527917393963546644e-01 4.335515154741690358e-01 3.670243657742061627e-01 8.329342013619522866e-01 2.224309807524038618e-01 9.413500002403432099e-01 1.231278672765726556e-01 9.042647038533463411e-01 4.494870652605579275e-01 7.595048663484483820e-01
5.914947945802090379e-01 5.369422677254860332e-01 7.013299897544266193e-01 9.800554203226240491e-01 8.689670964040003831e-01 7.417250207729085831e-01 1.009798383395399402e-01 8.396304479944520782e-01 5.718876281456786170e-02 3.901013338113310525e-01 7.639947240099953518e-01 8.766926653697176830e-01 3.145015236155380700e-01 7.493101070785340712e-01
6.716591172057400083e-01 4.406345459706695333e-02 1.034336600764402814e-01 1.411287227781169440e-01 6.525609291071362561e-01 8.128930855791535182e-01 8.864677779144053416e-01 3.715040446868876911e-01 4.996975078999111863e-01 5.853787165001137494e-01 1.825512392431611897e-01 1.047347166397533114e-01 1.147256166309165160e-01 7.438224194023783653e-01
9.182317355881313148e-01 3.255866193892835714e-01 3.470575303625333952e-01 2.631821008606287648e-01 6.101461633479627888e-01 6.427220846759755801e-01 2.901100413588190152e-01 7.655193737587351333e-01 7.027854097074609507e-01 4.995939337042151207e-01 3.733553561601381521e-01 7.295869086380318835e-01 1.200266688064106635e-01 8.743096942800370197e-01
7.784754401867743923e-01 8.647786387209799308e-02 2.584610326450542672e-01 1.726202329708009797e-01 6.326165712007930653e-01 5.010493464572504108e-01 4.198403497358633718e-01 9.535457638517270684e-01 5.628198271558044752e-01 9.667802098553742729e-01 4.928908036771695311e-01 8.184473657781434763e-01 6.998537616281035323e-01 3.352492187995548267e-01
9.430603994038615490e-01 2.704998107834823973e-01 5.709936857381687769e-01 2.668911225115822017e-01 3.938252219387242681e-01 7.508871334568955058e-01 1.853607361111656582e-01 4.313261066013643896e-01 3.696244166211593019e-01 7.391999047811448342e-02 8.057377505238706439e-01 2.309175160430726459e-01 4.159569555515106876e-01 5.894712550062765066e-01
4.988687643441589437e-01 4.253438209744180298e-01 5.188702959022613026e-01 5.722948425594888144e-01 3.082175375963832620e-01 3.509948300589507131e-01 2.861818045667589017e-01 5.401855856835079406e-01 7.246699973394780114e-01 8.814327983717912263e-01 2.356127878880681648e-01 7.314317889690536978e-01 7.158800775267148975e-01 2.195935523975006687e-01
9.172875474190899103e-01 4.422706436647122485e-01 4.361432722513266524e-01 1.943116884476936423e-02 4.220079101756168960e-02 9.168769202690768561e-01 3.025679306045008232e-01 4.000490788795074693e-02 7.108479048478680840e-01 6.461220253243303846e-01 6.196665625451365234e-01 5.527139249253831821e-01 2.036750022800037918e-02 9.427240269069512291e-01
9.592631795043127241e-02 1.625196577836174328e-02 4.860979557010293162e-01 1.098658275014076091e-01 6.588167992296678488e-01 3.978728184102918730e-01 4.080966580775534647e-01 8.765381391158503233e-01 7.765019761982008273e-01 7.299764395275140094e-01 1.515217569991829105e-01 8.772499933350648149e-01 7.592940992863651539e-01 2.695665940182251363e-01
1.401371014812563542e-01 2.783571494475937103e-01 8.339024862963134721e-01 5.692069422228472897e-01 3.878526170191178846e-01 1.383232514305577920e-01 4.770758611245492498e-01 7.374720282928554083e-01 4.910053180425189012e-01 1.868819964656152077e-01 5.015689720015845676e-01 3.515371502327153674e-01 7.666372830326365628e-01 9.823931339972734600e-01
7.819868335172602825e-01 2.032570053827080780e-01 4.122025482473276048e-01 5.043531203456363965e-02 1.218624078118859533e-01 7.211398425864835593e-01 5.481596557215975274e-01 1.618350379346992218e-01 3.318638388381497384e-01 5.550700725380115497e-01 1.461151327483720674e-01 5.817869171394380867e-01 9.530903736806550786e-01 7.785177460180974229e-01
4.120356308030402870e-01 5.192883393834200056e-01 6.873162916527965072e-01 7.517663076421002843e-01 7.685547276163400277e-01 5.284793179506108718e-01 7.554269097072960903e-01 3.423980410824120080e-01 4.361289823140958033e-01 8.469556940713689475e-01 9.798349737328300169e-01 6.134544774653574173e-01 8.845303131360010562e-01 8.013069139530554219e-01
7.295008490146672742e-01 9.245017625671828609e-01 5.433555419414286547e-01 1.520281849235608496e-01 9.383528381915681171e-01 5.688962467752892715e-01 2.306452228698907536e-02 3.653788003781631710e-01 4.188285120250090365e-02 9.869605750013268342e-01 9.851508851665937705e-01 5.558936244378755998e-01 7.014784644147794568e-01 3.059934042457855830e-01
4.372467788398004540e-01 9.803359560053853672e-01 5.673781340245784843e-01 1.111456358548805756e-01 2.176579376117852016e-01 6.865738341142453294e-01 1.046872089100789882e-01 3.164533404809244388e-01 9.406999414361085776e-01 6.241983052974210411e-01 5.868877351327372871e-02 7.105468852721982254e-01 3.000395168137655055e-01 8.292270717853106321e-01
4.796383854320552809e-01 7.613466453428251457e-01 5.647553531038016494e-01 2.833828202308085187e-01 2.314173466190105888e-01 2.551867915400014564e-01 5.269758936535937632e-01 6.474753745261937476e-01 9.265472802423057042e-01 8.022112732234664145e-01 1.785325427248922736e-01 8.222420005920597630e-01 9.558973780017198107e-01 5.566223262767867608e-01
8.381348766317614496e-01 8.614697508248024826e-01 8.894768527108751766e-01 5.941372565728173516e-01 3.804013255423714934e-01 1.694727397188366957e-02 2.436478187845793064e-01 1.773314014833902164e-01 9.733638044740827722e-01 1.369095745963777588e-03 4.904857788644834127e-01 3.989458891720963907e-01 5.925624146812911164e-01 5.355741702353863376e-01
5.496802800634952302e-01 2.835497238386377461e-01 2.819670335326769361e-01 4.947519860131841529e-01 3.024218882434593914e-01 4.782054133057469514e-01 7.752988187478589976e-01 2.066788814270026364e-04 2.537113165921288660e-01 6.744358785052118055e-02 1.362289607176392359e-01 9.045487075519947906e-01 5.474623520739207994e-01 4.497929833213609729e-02
8.759355458261821603e-01 3.285096454231735130e-01 9.075814969115592046e-02 5.454967335857424660e-01 6.784930017695035565e-01 8.484550434923535667e-01 6.739285838156200414e-01 7.744965596392152651e-01 3.260538900256727546e-01 2.019637839342530716e-01 2.326219207034394554e-01 8.986772466922975378e-01 6.833454145636402854e-01 4.621562738850331087e-01
1.760600642239269487e-01 4.654755950570890199e-01 6.978902463250613586e-02 7.627469384474550029e-01 5.771282714040126827e-02 8.739813115435833835e-01 5.553624942158210676e-01 3.252888637153258378e-01 2.465924691676589786e-01 5.547531670869695342e-01 9.765636176236850430e-01 8.416950453633045282e-01 2.383307154457771082e-01 6.615024464845759011e-01
1.792426049607486194e-01 1.777167313215829436e-01 1.422035084241215497e-01 1.969148480130700207e-02 3.659081096008454104e-01 5.494718496569942490e-01 7.371145135816811189e-01 4.630593450864340932e-01 6.401119882990435883e-02 9.897329358654828324e-01 7.383534624753588238e-01 5.094119712536845368e-01 8.440365780061773737e-01 2.356502952332190093e-01
7.106598034597992886e-01 9.236857579991748501e-01 6.723122784216470915e-01 4.010955008353467299e-02 9.035486022473210310e-01 6.609061766310490027e-01 1.781394446719029023e-01 5.716008854465628453e-01 8.670033746461334179e-01 5.561271039718992393e-01 7.512658529060280976e-01 3.010458971328647815e-01 9.822296093310106668e-01 5.893797404715509503e-01
2.978605795086577412e-01 4.155521510972238763e-01 5.038040235610878881e-01 3.574560824304811035e-01 9.171188371791616500e-01 8.674126355427674850e-01 2.029779148934657274e-01 8.280438640505338732e-01 7.232096147764217609e-01 1.605368054416620449e-01 6.037612950088763197e-01 9.343108791483989428e-02 8.021497908692230006e-01 6.808885109770654864e-01
6.633907782624866023e-01 9.059044622709622185e-01 7.521442756183539524e-01 5.087159766336890598e-03 7.401936835420216410e-01 7.373942238176982578e-01 2.966807188988304089e-01 9.669198394637782412e-01 8.790169147619624201e-01 8.956554975907758953e-01 6.956520671109300835e-01 3.183647262331985583e-01 6.064855163813960282e-01 1.674567866468235078e-02
7.425430432296867833e-01 9.630126133202299155e-02 7.002544344263285092e-01 5.598799081958341084e-01 7.546969426373464351e-01 1.026896940371458955e-01 5.039731970075929102e-01 1.303750488612392955e-01 4.959031133640707800e-01 1.524333164714649635e-01 1.857361378739094127e-01 6.192281410041022838e-02 9.748344859504468607e-01 4.885062648513124328e-01
7.200051620543764797e-01 2.874798939639355844e-02 8.945662261203324306e-01 9.294784398181932250e-02 8.095580862798451571e-01 9.770309687786234987e-01 4.158924842167767144e-01 1.799517728063442235e-01 1.660648298657619870e-01 4.754104992054534184e-01 7.825943142886393478e-02 8.113267694083203807e-01 4.716261188132370163e-01 5.326099717603468564e-01
8.603449531152973506e-02 4.777811212470963742e-01 5.989201159691536214e-01 1.545009203565126388e-01 1.524636261187894970e-01 3.600460281370861937e-01 8.196417740981113420e-01 5.721064317418494971e-01 8.848326503609983407e-01 8.579224246826779865e-01 8.063555645878583977e-01 9.819331934711532650e-01 1.943858209789097735e-01 1.116588721856137667e-01
4.394841450271529393e-01 4.887136144865741327e-01 4.357954695736887540e-02 5.887195986935171987e-01 2.068337006154226110e-01 1.903127518379513772e-01 7.772182516030318178e-01 2.047876556799247405e-01 1.716787257913604536e-01 5.232995330961531799e-02 9.058925582785000152e-01 1.770498555009696329e-01 4.910807154812638631e-01 1.090474881032205134e-01
8.774442982518186884e-01 7.865711269949396955e-01 8.818000960853572545e-01 5.960899765141742801e-01 8.940340983165294686e-01 7.383489165499004248e-01 4.855789410066522205e-01 6.572704843425752896e-01 4.404014580570253523e-01 4.145135070022155643e-01 4.774230950531200834e-01 1.867805252230921864e-01 1.869415092529236322e-01 2.793739452243975130e-01
9.436392152247613518e-01 7.963189931781784470e-01 2.101300164425541350e-01 1.998748397843086444e-01 9.870313534536397926e-01 3.035460240211776961e-01 2.569899661815290282e-01 9.692629520383780894e-01 8.744492355686206420e-02 7.280911369709709424e-01 6.884405430011589777e-01 1.395375978514247217e-01 9.458684720801052714e-01 7.384821382224115993e-02
2.421917206328764172e-01 7.751321392471033356e-03 4.123057083027228398e-01 4.397420751251226445e-01 7.675916070505883759e-02 8.509563560947841498e-02 4.066669096453171539e-01 4.094093105141072275e-02 7.894204713596107981e-01 3.489152763551149894e-01 4.886899567921053622e-01 8.119363107192950624e-01 5.642042699147838958e-01 9.315392308814911537e-01
1.204416879254847084e-01 4.416791859262469977e-01 7.168429434578443837e-01 2.286767451592001121e-01 5.033560493018575110e-01 9.297659631239935107e-01 8.971928521183886174e-01 4.253971824171987048e-01 1.793395737991227978e-01 1.471221596838546697e-01 3.981004622974440021e-01 5.543683505368058873e-01 2.401038072409116264e-01 2.534580901711458445e-01
6.036829572371703589e-01 3.830671687254914026e-01 7.501707300609206097e-02 4.827654592625129082e-01 8.684763469584623197e-01 3.940448078277414279e-01 1.638272461589029838e-02 3.937633990222085822e-01 3.839578454850810507e-01 5.687023065436959124e-01 2.072077798352055522e-01 4.242590253600511119e-01 3.199943555657985828e-01 9.664893870422659461e-01
7.087358531306876541e-01 7.607295467515227116e-01 6.351629664772419082e-01 2.966658204631484885e-01 5.509214144934165835e-01 6.712485563678778355e-01 1.882568773988129163e-01 4.175704050542234924e-01 8.233347414013632015e-01 9.008943959300435012e-01 5.006759661280337781e-01 8.588500218874443037e-01 1.113072160800192556e-01 1.172163288917286161e-01
8.380679580942274054e-01 2.574776466693983190e-01 3.768309621776912977e-01 2.188856817181710213e-01 6.798434608581310767e-01 7.540489707071196257e-02 8.283865505969336684e-01 9.835679562259169728e-02 1.151371924353701282e-01 7.735228737610982952e-01 9.275514315613586636e-02 8.385266676358400506e-01 1.620296492851691639e-01 8.226428853079698067e-01
8.316507549991107862e-01 2.141309254211953839e-01 5.821918127441549906e-02 9.383193903285206305e-01 3.275522569201049228e-01 1.062067273263671563e-01 8.052860881821267691e-01 8.924516801932812493e-01 9.197075485257283356e-01 4.197131553572350793e-01 6.116737355026942158e-01 5.328537740581746895e-01 9.965916145052882147e-01 9.882606427000765192e-01
1.044792596406056706e-01 6.793404194754357750e-01 3.368758828406333006e-01 7.495351998537743698e-01 5.399072281147655472e-01 4.897915447802302369e-01 3.750115208440555348e-01 8.417469245808503198e-01 7.094657459425183221e-01 6.109179339538490794e-01 1.293659727256000203e-01 6.562450925838040350e-01 8.715014782860283082e-01 6.135920499476976708e-01
1.985219072170717469e-01 1.374221817634326825e-01 4.093912420307008748e-01 7.164353449549953901e-02 4.678744637082812297e-01 2.449686863299286310e-01 4.060766072847199482e-01 6.810713880931921205e-01 7.439374037663688544e-01 6.239567944233751495e-01 3.950447290977701087e-01 4.651073445960114405e-01 7.559344450056126874e-01 6.252202002044301432e-01
3.809479315928904208e-01 8.444306458119239522e-01 5.822400033784778106e-01 9.595930537982646502e-01 6.788867294837039879e-01 8.435615093619126537e-01 2.199910326547628303e-01 5.934024768298297170e-01 3.278208304320733291e-01 6.936480757781415818e-01 1.561008307192499611e-01 7.848294243083389077e-01 6.120839480790215559e-01 5.290486186373152266e-01
7.730552633884095748e-01 1.037352502933517329e-01 8.395640748766302064e-01 4.130218620008901942e-01 4.174778202413842454e-02 1.435025423449465265e-02 8.056086858639958104e-01 7.447845352399187213e-01 3.524863118772474380e-01 3.856171299320110268e-01 6.588666126431563796e-01 9.648600549334335197e-01 6.286740337633930364e-01 6.488883670864916686e-01
2.024576021719646235e-01 7.302254294282175540e-01 7.422659063595526963e-01 5.653885640078115671e-01 6.808400346148174576e-01 9.118294095548384881e-01 2.137311429338408786e-01 3.932947625063127894e-01 9.401780576944493983e-01 5.357312129038357407e-01 1.232419124576573655e-01 5.576564676578662505e-01 6.649781610115974573e-01 9.653403994396188015e-01
7.847244793360310666e-01 8.671521119581023784e-01 2.966075146524630446e-01 1.455355940329337017e-01 2.905340364507824624e-01 5.965947610745030438e-01 5.558177728982617305e-01 5.611416822744113020e-01 8.111068315920759719e-01 8.136000705351814632e-01 9.902943523507752310e-01 1.473959036798361266e-01 2.307057174641947705e-01 9.060181480788748187e-01
6.467543061360976342e-01 1.665420674878479446e-01 8.604471787801228899e-01 1.648076261363391470e-01 2.013252081782721525e-01 6.675903819500370595e-01 4.332873973438945425e-01 8.286031536275836329e-01 6.176212968726005892e-01 4.537889993824315571e-01 8.468756645679916817e-01 3.418939430085914388e-01 6.403615663296993166e-01 2.528643620009476400e-01
2.538225473474533533e-01 6.281691520617769253e-01 6.546896387864459266e-01 7.219937022079719879e-01 2.625250842169096765e-01 5.526907420705070573e-01 7.672577709073669094e-01 1.111642625128650419e-02 1.510689237064380963e-01 6.360047733903279044e-01 6.091737800967353955e-01 4.745520094698341129e-02 5.339425830699546793e-01 9.010829959771171627e-01
5.084863946247653033e-01 8.891340994725450697e-01 7.998349623464433567e-01 4.321427992073514357e-01 3.811050319816721155e-01 3.542061810213601447e-01 1.583043355771496241e-01 9.098048868515808962e-01 5.544903543532401224e-01 3.805562162456863629e-01 5.855699189616582201e-01 6.963705072093248072e-01 2.252494360431086529e-01 4.699296971019842895e-01
2.749720971677027670e-03 6.214196264935342162e-01 2.968116672968180714e-01 7.077803163424726263e-01 7.735012884045054937e-01 9.618746155029963552e-01 7.541395149477464477e-01 6.234051216618990976e-01 3.916183905194141612e-01 2.800056586364706446e-01 9.210869449850019874e-01 7.357804638090499338e-01 7.865136952430400452e-01 5.248636998883029481e-01
8.335429194052412782e-02 9.421494922161477437e-01 1.893765929600194076e-01 8.890446609354779595e-01 7.531274618000022292e-01 8.044754332014426579e-01 3.554704758979385648e-01 9.931299575507845923e-01 7.357392881993489731e-01 1.903663103429765746e-01 2.572959724850696350e-01 5.539596264109253321e-01 2.873476883735848197e-02 3.471064101199106133e-01
8.247272730994896772e-01 5.604183728759872807e-01 6.908412676533282060e-01 6.338382642819181401e-01 4.420259495716249987e-02 3.356690264662934853e-01 5.030073280416573756e-01 8.376134134635683237e-01 2.631634855517617222e-01 8.862505793734168913e-01 2.284897533899779010e-01 5.202044495785667078e-01 6.757984991493337645e-02 3.236254785405920931e-01
3.246431795777685592e-01 1.724198517360832072e-01 8.913163227669272937e-01 7.141869722351501526e-02 7.418213496916714611e-02 8.535390563206253223e-01 4.445857183050964112e-01 5.772180603955334721e-02 9.134938541625692299e-02 2.160929882973916527e-01 9.438954671642033611e-01 1.224400616158529687e-01 4.508837975071641191e-01 7.473964106139128205e-01
7.865383234026183112e-01 7.901217786488731187e-01 4.738196962135139412e-01 7.643764187707323687e-01 6.732434786588152864e-01 9.937569425695603753e-01 7.784509117403454193e-01 6.419904132199337754e-01 9.208408707037231133e-01 4.452998722797412157e-01 3.049789457633185208e-01 7.152995352262175865e-01 9.420424598790326787e-01 1.975708757441632102e-01
6.924459124847348601e-02 4.454545319612056575e-01 8.705774227600336923e-01 5.012365952620330134e-01 9.541438657933010159e-01 5.885541336765685028e-01 7.709114082359398434e-01 2.501985121644221266e-01 2.880356134850923233e-01 5.323764098338408246e-01 8.647564313321245422e-01 9.126431225465481134e-01 4.261768806511141428e-01 7.909365920227757751e-01
4.457444216054482489e-01 2.855599904267528411e-01 4.785734236196561575e-01 4.010295825196896757e-01 6.008823819099539110e-01 8.149723729794650096e-01 8.230033402934564535e-01 1.132522324299237715e-01 1.355412927369883391e-01 8.783961283345107507e-01 5.337885648633075020e-01 1.221957295946873856e-02 4.242049725997877330e-01 7.672036428261005403e-01
5.023557362728555686e-01 6.189615021325264310e-01 4.990636237120058549e-01 1.379846216809171855e-01 6.159821236594407168e-01 6.570152234281703141e-01 6.781735866023520520e-01 4.481985347515445861e-01 3.015334870009772628e-01 4.171525407387817186e-01 5.616019367465249212e-01 5.686094651897646290e-01 7.634213726187092375e-01 4.182012665622887315e-01
7.142006726549303686e-01 8.106522951675083632e-01 2.339894172521859161e-01 3.551605737651368777e-01 1.343137621755140509e-01 6.599093640867551569e-01 8.749673813869462968e-02 8.626369489796744672e-01 7.746566380130157636e-01 8.040220300988961677e-01 6.198300869919659561e-02 8.987723836134642319e-01 2.204084982210673394e-01 9.240699890802950289e-01
8.331621906056505544e-01 8.116911740059273850e-02 4.646217140105411980e-01 6.395168541690999797e-01 8.774463544869862686e-01 9.363169163493397784e-01 9.516202373669968573e-02 8.060694760440818563e-01 3.265319715996379824e-01 2.206939831765978299e-01 6.601223018229824824e-01 4.787147196305833186e-01 7.494386445161793642e-02 8.365080375094897658e-01
4.895340769834600758e-01 1.675427656594180581e-01 1.563263244898444038e-01 4.410686949574548210e-01 6.292164909255207883e-01 1.868566259505420879e-01 4.259646646243440138e-01 5.152336298885673571e-03 4.741258370288826685e-01 9.436423512131070224e-01 3.129137964462753718e-01 2.500699087772356721e-01 7.370660300698135270e-01 6.561957462676067943e-01
7.689554918537320205e-01 6.343029992733550948e-02 5.480478892155320469e-01 1.494587914336793499e-01 1.663340044096233150e-01 7.893573670124061081e-01 3.746910790413190417e-01 5.321861318916368822e-01 6.652204150123861570e-01 5.380149231185966663e-01 8.410261519575547018e-01 2.309293934013290084e-01 1.047070998831260980e-01 9.072321228439612639e-01
6.713885420936444026e-01 9.983780308775547230e-02 9.528711875049504787e-01 7.836632176881846990e-01 5.393979564691798734e-01 4.980093346361083029e-01 4.458588427887072436e-01 6.896659434090401941e-02 6.183458660065173085e-01 3.014327543556832856e-01 8.748814007635179468e-01 1.219670819906293335e-01 7.947584620887740980e-01 7.566719384413395089e-01
8.861015368389031366e-01 3.073380455774480380e-01 9.300924833460719743e-01 9.296417800050095215e-01 1.718832000425499773e-01 4.469257303124378744e-01 6.707084898927707650e-01 5.617053419385800161e-01 5.114652889378803469e-01 4.771896285769273716e-01 3.231603909753912873e-01 2.393663477721422739e-01 3.467002559728827871e-01 7.581654311695822379e-01
9.616472374168583137e-02 8.143082338470518655e-01 3.516150619506182018e-01 6.313038343125824126e-01 4.089323646168575577e-01 2.492457068969122780e-01 9.081855811206247520e-01 2.961991513485263683e-01 7.134290825611634412e-01 4.310307880129120583e-01 6.365369645092184836e-01 7.965089485058193253e-01 1.933587563353125205e-01 5.409505826559120045e-01
1.535029236418210541e-01 6.493554623228303679e-01 1.362369036775746833e-01 1.640827111609366451e-02 6.753623460307314197e-01 5.843604023713322437e-02 7.640681627217358329e-01 1.547145330510837358e-01 4.643289541628317085e-01 6.881251190726808131e-01 5.987195037882719895e-01 9.032423139181173788e-01 9.566022445587517575e-01 5.120209446004821974e-01
6.060170806428661905e-01 6.952177896365552279e-02 2.280954776235400994e-01 7.545131189023953633e-01 5.828531183780101266e-01 7.375663543205814854e-01 4.652325183172039136e-01 7.425244492870226587e-01 8.081906956926723229e-01 2.458886275877982808e-01 2.282500827212519123e-02 6.915859659257673764e-01 5.818735281062906717e-01 6.276967520361195207e-01
6.349360806296713289e-01 1.512079982231906428e-03 3.498216193052890999e-01 2.027072342472510114e-01 2.406882509846880458e-01 4.898103263069362168e-01 7.635270616933431675e-01 6.100263831882702936e-01 3.751132617671022462e-01 8.948452209461665863e-01 6.401844813311874383e-01 4.918160108241146355e-01 1.346442381443301306e-01 2.037201837210457223e-01
3.218479425067940491e-01 9.697991381542604428e-01 6.213187265660516934e-01 3.812390854234127824e-01 5.214253781803873666e-01 3.414610427662798653e-01 1.376290651912236429e-01 5.632539395673463734e-02 1.002985591997885839e-01 1.953592043382879062e-01 8.901838752079672679e-01 1.608008809102849934e-01 4.430753853712593449e-01 3.448514429339510912e-02
8.384251859072127111e-01 8.614219758568211205e-01 5.552862627311980770e-01 9.111279126106689441e-01 3.033443251849297084e-01 9.536280543357500417e-02 5.942504906576343560e-01 2.376732344541677699e-01 2.758981445696234713e-01 4.085201105391126353e-01 1.855608772649021132e-01 5.608263687260337527e-01 5.766598109609897271e-01 9.892703482365962087e-01
9.712268207008712961e-01 8.445149066185010378e-01 2.083008888492893229e-01 5.188398607357026515e-01 5.278305338973332539e-02 8.693411552044140178e-01 6.259250172071200158e-01 7.814758092281000046e-01 2.450607990579936057e-01 7.888503425426562909e-02 7.679033678576649979e-01 5.771110736791373874e-01 5.068441638719705100e-01 5.465742242814830565e-01
9.219779996823439516e-01 3.146886169519824694e-01 2.897035917141387307e-01 9.356125331322056038e-01 9.508079030972778067e-01 6.551839219378732260e-01 7.296141912062036328e-01 6.279777829099668640e-01 3.901290489521950233e-01 8.422382819869543846e-01 1.979454694211431054e-01 6.169501005453403852e-02 9.041698341630479696e-01 7.783240537180861063e-01
