3.126419641579339936e-01 9.824257204636029917e-01 8.560548470468146709e-01 7.443899501968156418e-01 4.636837936733884113e-01 4.775305196551872244e-01 4.956743987006024810e-01 1.157474159456317597e-01 2.133239796897485885e-01 1.905080911625744999e-01 8.221298015667718451e-01 5.954172699312505479e-01 5.500436709537055435e-01 4.354024530572816465e-01
2.091987269736452770e-01 2.938638485229034814e-01 9.312885856021838604e-01 6.702399893582295931e-01 7.318419567505418666e-02 6.653021393778777437e-01 4.874003763651829635e-01 7.332763498380611145e-01 1.780645788564620968e-01 7.083044607041256713e-01 4.920335467379037819e-01 4.229661129909859651e-01 8.063465783029299949e-02 4.484895435073308345e-01
1.160437850560829265e-01 2.696576723914869689e-01 5.953700388212666006e-01 5.987055830982976889e-01 5.041028276720274093e-01 2.660407521918262130e-01 3.993575838924501298e-02 3.480720101133775168e-01 3.826744604921886728e-01 9.030182199566519907e-01 1.315151186760958879e-01 2.206366564098085625e-01 9.701204123140949598e-02 4.140314759641886555e-01
4.232789384007740185e-02 2.994786222412278986e-01 8.614725922153774196e-01 9.182929761770630694e-01 8.677710796361060019e-01 5.044300858867971638e-01 3.896268352245749744e-01 5.963120724528768735e-01 6.620092090909149851e-01 8.440540669898174420e-01 9.426369554929296957e-01 9.071215156325391771e-01 1.344434992757898018e-01 4.149082967324055904e-01
1.723792702112280084e-01 2.036636237313098619e-01 5.654767972778107499e-02 8.296561206658806809e-01 7.167133636418643317e-01 5.664486602407678983e-01 7.288090637772647318e-01 4.743746750076051066e-01 9.069620305018915030e-01 9.621004286048528975e-02 3.265698041523090733e-01 4.270205493790227846e-01 1.615980295070175154e-01 2.117507662599070750e-01
4.240766024427402581e-01 5.116696027469814778e-01 9.573114401455139477e-01 1.192495195483455062e-01 1.170080539246406426e-01 1.197985463774704495e-01 9.920964732852327606e-01 3.390821310747050843e-01 4.750785680282343382e-02 9.736728194950931004e-01 1.820588954559149153e-01 6.298157837446198837e-01 7.076720126908686570e-01 6.356312401279043955e-01
6.601676585139283349e-01 6.380109958953946725e-01 7.215757824874069470e-02 3.054984030021079544e-02 7.151383002987730109e-01 2.161623649005524062e-01 9.022159557319483492e-01 2.164853891551985487e-01 4.955823481816271636e-01 8.736004453330330488e-01 1.737458831814239213e-01 2.982092394852886574e-01 1.833734743199011419e-02 7.090141780944204664e-01
1.526374327477042492e-03 1.008572346501658279e-01 3.016182448462554344e-01 5.204985807184336899e-02 5.083634219345942729e-01 5.055242356016328431e-01 2.414542242169048780e-01 9.169406845318270882e-01 6.450672759564201053e-01 1.474810479915731332e-01 1.774582885752946648e-01 1.751389251261306068e-01 2.142886593604391710e-01 4.514451313191708559e-01
5.674101493157008846e-01 6.897931266392401950e-01 3.428446353754504017e-01 8.287123254630116564e-01 7.441128938739296483e-01 2.316986842763912868e-02 4.980349477953250892e-01 5.592228413297180012e-01 1.828350837486398817e-01 6.164642699004773130e-01 2.046262944273847806e-01 4.799927245209389959e-03 9.043098692577573594e-01 3.531275443962030858e-01
1.389696159319212532e-01 9.428625592993279403e-01 9.419730654257412183e-01 7.032759114309757864e-01 5.279751963589331964e-01 3.833378447014383905e-01 4.189426305714711862e-01 5.525900760464996786e-01 5.516798552721753346e-01 1.394208671036507585e-01 4.289779113384741827e-01 4.771342592402535443e-01 3.633139378215161086e-01 7.600867441682672698e-01
1.662763074866224766e-02 4.963210174517477258e-01 2.102680268744109293e-01 3.296170725205045393e-01 9.096604547273937635e-01 9.600963248583671561e-01 2.388252906723967728e-01 8.471030769367964286e-01 5.514811725803128173e-01 7.642231707055234802e-01 7.398719726891666015e-01 4.420564503404612600e-01 1.511387335612232041e-01 6.056390661351956917e-01
9.594005007421455566e-01 9.864282507333488326e-01 2.782376245306050766e-01 2.693394039327136058e-01 4.913027331054754532e-01 1.281794716919760768e-01 4.290016396602028825e-01 6.840194343818570832e-01 7.102611215673619860e-01 3.968921353754117920e-01 2.759394118636954163e-01 4.482448515159571656e-01 6.214790964832301867e-01 8.395116679632628198e-01
3.242525340629156538e-01 2.982700088116100323e-01 3.186489837079288234e-01 6.302139855180022288e-03 9.908211095728657325e-01 7.752860411018682729e-01 4.173145255897798833e-01 5.972870540038588416e-04 4.322386958361864595e-01 2.984321902419394545e-01 3.472673294180133041e-01 9.877468511368462378e-01 4.083467862977577800e-01 2.254556908722746833e-01
1.252191878879379550e-01 4.970043370321128862e-01 5.625599205502475053e-01 4.102981693341567482e-02 3.336241928465516482e-01 4.081700764720141983e-02 3.327038776400725872e-03 4.963370495626896473e-01 7.496969313189205675e-01 5.796512082244622555e-01 4.892532190100915557e-01 2.752480338627738554e-03 3.341048170336385903e-01 4.352638645530525485e-01
1.765559534949232567e-01 2.904573897192882503e-01 6.906420136176177893e-01 2.200705079472174974e-01 2.041041367547208329e-01 4.509948302945593346e-01 3.186668307060690486e-01 3.731983991102172382e-01 3.787112197962783089e-01 2.171057775137699153e-01 9.548719316594618256e-01 4.757809723142003566e-02 2.661203016973121560e-01 4.527778432138152009e-01
6.014953983929653969e-01 5.864144034487583923e-01 1.739014548373130076e-01 7.171260614463792482e-02 8.721601055696204252e-01 5.110240859621822951e-01 6.419465007925180267e-01 3.166915645504990717e-01 1.445190109085986441e-01 8.271664636090581002e-02 6.797543483887761306e-01 1.462409396446295862e-02 8.967660701407845769e-01 4.494001309647848164e-01
2.914657061672953908e-02 7.986610996170928622e-01 8.095068175162637436e-01 2.747716297218677495e-01 5.226028364863488651e-01 7.713876310665015446e-01 5.020779296843714823e-01 1.511304058358652336e-01 8.401292001280500354e-01 4.068337098116906470e-01 9.620617354459241044e-01 6.775504774360361360e-01 7.602794574105550263e-01 2.619681555578412535e-02
6.541556891904825033e-01 4.699504402352617793e-01 5.606607362403377426e-01 4.750322557499305764e-01 2.153639185870174222e-01 2.423233121314942728e-01 2.437375026381791709e-01 2.847447981241038040e-01 5.708141795750080183e-01 2.510056034805224767e-01 9.588784744243923353e-01 2.961027349985712043e-01 3.685424888985877612e-02 3.067570624172366589e-01
3.311681062285376509e-02 9.874345057980625784e-01 5.499297499778502685e-01 4.672892327703659365e-01 1.479896513079731468e-01 3.798809757224134165e-01 6.067404502424190715e-01 9.271779326084237383e-01 8.486156389421805057e-01 8.456890720783348803e-01 3.261755939300322593e-01 6.192845474300515685e-01 5.392066730839175648e-01 4.828341446152489835e-01
1.169229158555725734e-01 6.452944826546533896e-01 9.242867876327666155e-01 4.907270001024794936e-01 6.375499991357935770e-02 6.020681118381820962e-01 2.136974686729686823e-03 7.432237571434436862e-01 5.628188152862397819e-01 1.514668395651777022e-01 7.568390595238534413e-01 4.520323438593446541e-01 9.228456438304469822e-01 5.509119303190852523e-01
4.269930467044968925e-02 1.690422339780879302e-01 7.387217137470234452e-01 8.896651138041444806e-01 2.034501491907459991e-01 7.447280425690216976e-01 6.398951122457531282e-01 8.401132643703813629e-01 5.868115316785071922e-02 1.636319555050518293e-01 7.954527480745988699e-01 6.880082221832145573e-01 2.766941349874773026e-01 1.138265416495654048e-02
1.845067545569264444e-01 1.214733974113548776e-01 1.901106968733368152e-01 2.367983348954610934e-01 6.078790857630345101e-02 2.172470959713280747e-01 3.431144902589824408e-01 9.033719633493710877e-01 4.132627626356906170e-01 5.121957641357761659e-01 7.685428794603534897e-01 2.656935894772033402e-01 3.367434061803913359e-01 8.079277974195043788e-01
2.795609696643474029e-01 9.650053382125516332e-01 7.343742314456890297e-01 1.243987330068403452e-01 3.385671309534371565e-01 4.073398321051795445e-01 6.560101274587863962e-01 5.085996139125568138e-01 7.778105811339163234e-01 6.043737341463135682e-01 5.077718907542752014e-01 9.483184878969130871e-02 4.136674393303190200e-01 1.958906970608846887e-01
5.300952750789785783e-01 2.774754276825336374e-01 9.573277351949858183e-01 8.392565093906051432e-01 8.898234978717032284e-01 9.419741378443247104e-02 4.505438211361427747e-01 5.200929338068569496e-01 8.890664965845528345e-01 4.578911302016848150e-01 8.479560033319283319e-01 3.296962351044410156e-01 3.379851901594724817e-01 8.510094312660619886e-01
9.306168180020144565e-01 4.588059088470022306e-01 2.266725021433469989e-01 9.905368752975644009e-01 2.147101064787282354e-02 8.990810594284359691e-01 3.249331178262713227e-01 3.152413803975726569e-01 8.130258653228732424e-01 9.398590004006959209e-01 6.721327597467237069e-01 3.755482753406264029e-01 9.182531437313905531e-01 6.483032111466735525e-01
9.914356366288302747e-01 9.858607971429012018e-01 3.770360573146420702e-01 1.546973682449566123e-01 8.556817209042817396e-01 7.055203124976927587e-02 7.109417423069033237e-01 5.826252525448427644e-02 1.198829296339276596e-01 4.188126757518144672e-01 8.786454372589236339e-02 2.187710591975752239e-01 7.422371665208058467e-01 2.425896010405838021e-01
2.212691176451480057e-01 8.223850238643370947e-01 5.789843892965884642e-01 7.242343944546967283e-01 2.647999150084888731e-01 7.667097620047804707e-01 7.965986884789757472e-01 2.845123606715982412e-02 3.910117316054797509e-01 8.318987168479462513e-01 9.603606477824383481e-01 3.903209677334562588e-02 4.760394282265678623e-02 2.616959029372273315e-01
5.282704103770546888e-01 1.502642644847961284e-01 8.669290474023070292e-01 3.309331948804102863e-01 9.499982553625995196e-01 4.840589669010453289e-01 8.308530875269655169e-01 8.442947162385723292e-01 7.541976256143345658e-01 8.320964183025606475e-01 8.117489577441781012e-01 3.109582611286376697e-01 6.694155523482007153e-01 9.390281124302376492e-01
2.006903304856182402e-01 1.907543533097687538e-01 3.099004291208026229e-01 7.227124686166719325e-01 4.968350116229752755e-01 7.976661625215671902e-01 2.615417428722287552e-01 5.872262330453205115e-01 5.455589538089500312e-02 8.683184026380478260e-01 8.244269388187097647e-01 8.474450461775943078e-01 7.350745206003150845e-01 1.687474224628959796e-01
2.407470215689877513e-02 6.328846021618483864e-02 5.165329294389362502e-01 4.487439180527796889e-02 8.363075998124214205e-01 9.892969923148594580e-01 1.007327551500279972e-01 2.994828627585671699e-01 3.724432726300194174e-01 7.937448334403616190e-01 3.727836099254326907e-01 9.937828043614729268e-01 4.717214810434796624e-01 8.068617795108267154e-01
4.835520351741381395e-01 7.848651956420181763e-01 1.240937114516026396e-01 3.979151835532024339e-01 2.203279217737542650e-01 1.508664989055003014e-01 9.706936069122038546e-01 3.107689845298889919e-01 4.783132904960527565e-01 5.266924603827369822e-01 8.550297182913411120e-01 8.730565594529913209e-01 9.281966542064723491e-02 8.532665099100797956e-01
4.675727202437754970e-01 5.395519497803240583e-01 6.520457617918181681e-01 8.723017070700722631e-02 3.212060498345983284e-01 1.393437280968805592e-01 2.148613784323181175e-01 2.221299529802199801e-01 5.247738247612042661e-01 6.442102715959117099e-01 8.575771051229330588e-01 8.723468064119388465e-02 7.281215012059750746e-01 6.839796462642603325e-01
9.970613734576879716e-01 6.160100076882201181e-01 4.671752574004778280e-01 6.916668782091539569e-01 8.460773937472552131e-01 1.960197961765856034e-01 6.188811774640583518e-01 7.399609795039231441e-01 5.890367319798524015e-01 3.442773185324011775e-01 5.784408066136840221e-01 4.964580515010696971e-01 3.612557630042756429e-02 1.881843100814444281e-01
2.381073944542816401e-01 7.671553136507517356e-01 8.805881197205653876e-01 4.964113814035653327e-02 9.249677737038564107e-02 2.683993925369358990e-01 6.497469864019604913e-01 7.316080068527698321e-01 7.544649396703864142e-01 9.712067968371445037e-01 5.691167985010839869e-01 7.669290454905509646e-01 4.340027462567378480e-01 9.007608492976609815e-01
1.228721655985086647e-01 5.902053198412726687e-02 5.008209715717104604e-02 5.362437457425147658e-01 7.923172770272711718e-01 5.210122586656144028e-01 7.217865436116862599e-01 9.935017380074860904e-01 7.793425774596987043e-01 3.649965240456066740e-01 9.663140236193057397e-02 3.070093130768619671e-01 9.305887468369743454e-01 6.093761722161574745e-01
4.556124669761015822e-01 8.004750399678827177e-01 3.226868848361106323e-01 1.587155922372074368e-01 8.654094190982420942e-01 9.927448106499768832e-01 8.286490810183061440e-01 6.456814351845380218e-01 5.620686414016908827e-01 2.269064179627041655e-01 1.642990145885163678e-01 1.907064157233901991e-01 3.736944965672537311e-01 9.426908319109567058e-01
7.016312719510084950e-01 6.783624908048534463e-01 1.157955046353258410e-01 2.628172564271784584e-01 9.009789387593225563e-03 9.192221380424645538e-01 9.841600970075212729e-01 8.118019160615961294e-01 6.077014242608640426e-01 4.333192905610696588e-01 9.266913538595702438e-01 6.475249642560882979e-01 2.406316539633489571e-01 2.425184850128839775e-01
7.046321248848597119e-02 1.372891226793523378e-01 4.059571241979847978e-01 2.821890889867414431e-01 9.947473552021647292e-01 8.463647608851582183e-01 1.649903502911609365e-04 6.309058013409727383e-01 6.782365643431000901e-01 2.456484021178032551e-01 1.557999854370351045e-02 6.536088444768808348e-01 3.024886538072693032e-01 5.311003049152146493e-01
5.620410608472820035e-01 2.074991517225127646e-01 8.929840916571956111e-01 2.916075049730783020e-01 4.225585943498487707e-01 3.478874223382973918e-01 4.968550084213173568e-01 2.755145807365974031e-01 5.786880463489506576e-01 3.745716009586620432e-01 2.750576535674194023e-01 1.825402982413837361e-02 1.278380760079325107e-01 5.704423915982675952e-01
2.697795800571364255e-01 4.086652124201728409e-01 4.149916031750948697e-01 7.296018772556009946e-01 7.912343762887049659e-01 7.136563933828861117e-01 5.002765376701630018e-01 5.816217936955555556e-01 5.043645994068977068e-01 2.282669642524781661e-01 5.166673786066672269e-01 9.741930872230990524e-01 1.058139456966351588e-01 8.524031965732000726e-01
3.127136048920483580e-01 6.534900404116548156e-01 4.632420247570275817e-01 9.858667648524697125e-01 6.844214800579991875e-01 5.669405354253798102e-01 4.684069124658440941e-01 6.198901594533502424e-01 1.258736180490486189e-01 4.250004086753804700e-01 3.988349909843946772e-01 9.785677369006412496e-01 9.551286564523615574e-01 8.123997950976472593e-01
1.861098599077002369e-01 4.321527283882244941e-01 3.763962763460096950e-01 2.241516893616712913e-01 3.231297461044091435e-01 6.435118487309499091e-02 9.069106645646777265e-01 1.412287957994916576e-01 1.524110735006019013e-01 3.974360362473887687e-01 4.292785870254443026e-01 3.354508871099410872e-01 7.321291401418804634e-01 5.794628401616566116e-01
9.613230578926212910e-02 5.013406828841172613e-01 8.290631219920489015e-01 6.350309888893712618e-01 6.785286292377680217e-01 5.082351498510915278e-01 6.211273583749399307e-04 3.258886539208164512e-01 7.348304902102379410e-01 2.762333096466205173e-01 6.991395542365061999e-01 3.782316341797364867e-01 7.592023184053242613e-02 4.382863010819082472e-02
2.758101296388172363e-01 6.265188195887525513e-01 7.852096610445530311e-01 3.900258343675537809e-01 3.209034991735061348e-01 4.524841272903920020e-01 3.934624776499731080e-01 4.563378349956548341e-02 6.356156511789639030e-01 3.100995915837730932e-01 6.089131504976055265e-01 8.076075044376718193e-02 7.932121425194825770e-01 5.955581802846907635e-01
5.798805058583110794e-01 8.715144498041701437e-01 8.501864585177832945e-01 8.235806129416541888e-01 4.081217970190695876e-01 1.002075120606027436e-01 7.685710562940194501e-01 2.981797106031037758e-01 6.006205679361791283e-01 2.166463885934432065e-01 8.819219208331131599e-01 6.059874424584673624e-01 1.359577260242051944e-01 3.469105337577110815e-01
7.531284780302477389e-01 6.450854519076038018e-01 8.289144326653834494e-01 3.562017224799551851e-01 5.042461491817405994e-01 4.009022170044707067e-02 8.899749549366972046e-01 5.024773054477831291e-01 2.669074030083685711e-01 5.016976227445876235e-01 3.048755134208025463e-02 4.335288449877020556e-01 6.198242908972558807e-01 3.515006822932075226e-01
3.995723472129510956e-01 5.083527066493082058e-01 9.536894223223529865e-01 7.893982017067153745e-01 3.661023816092765504e-01 7.901292789673501904e-01 5.776622281022377736e-01 2.277739698007920088e-01 9.529164667251305287e-01 5.409912026702787813e-01 7.236448775491785002e-01 1.845070538490519718e-01 9.142045518545413030e-01 6.217192880529862631e-01
1.191612699996542624e-01 3.737751692551113392e-01 7.260396080873687819e-01 8.043497204694660674e-03 5.541753611497893806e-01 7.148866415834286281e-01 1.274884215479141769e-01 8.852484134128814075e-01 5.241326535120914842e-01 4.043076461457453252e-01 4.356843189177795894e-01 7.728209834737190809e-01 5.909105283551659982e-01 8.154496543815936693e-01
2.097608182655175124e-01 8.139717650311291131e-01 6.254988301656572158e-01 7.492033044604791137e-01 2.373418042833908004e-01 3.704816732253324307e-02 8.747562442076147748e-01 4.057069519146577763e-01 4.016383761992866619e-01 5.325253808499974539e-02 1.733614080682041036e-01 7.054045764017705666e-01 6.326662786016101769e-02 9.362869099185139321e-01
7.267310959430132167e-01 1.293714116079890397e-01 6.881277049151325320e-01 7.125606723697686107e-01 2.767061312776648574e-01 5.853724940875670857e-01 8.696775312660774970e-01 4.727801980520186520e-01 7.871555535846695983e-01 2.282977438914959301e-01 6.364967195089211716e-01 5.999912599927836876e-01 6.728825057273574162e-01 8.607125016401084849e-02
2.926460851781272909e-01 1.285096167533588130e-01 9.184478970167530010e-01 6.837979926202841785e-01 3.772933509683432662e-01 8.526186988098353181e-01 6.378853287599036692e-01 3.925248381611210480e-01 6.434931160244167225e-01 1.306845728395401585e-01 3.030254529058993285e-01 4.084066046280052653e-01 8.162402271807347454e-01 4.382543656252284592e-01
7.654755610167812696e-01 2.123053271204743409e-01 4.079116522310306525e-01 3.343683171770842621e-01 4.618463302161144313e-01 2.426816398542452902e-02 4.425957673055216368e-01 4.209787267694927726e-01 3.328640008372512060e-01 9.794530751167866978e-01 8.801251704120981456e-01 5.606449497830059414e-01 4.726261077920417275e-01 6.234860226172241893e-01
9.009773129356819510e-01 7.173129742556940691e-01 3.813480927778820639e-01 6.881825752152267439e-01 3.552470547208163021e-01 5.544978254570227527e-01 1.652306271958495776e-01 5.413829311724249749e-02 8.051969025857699247e-01 1.635284037526044676e-01 7.973484702721352901e-01 6.804065110526679172e-01 3.535967730029363487e-01 6.400057600713688899e-01
4.826698788763351677e-01 1.862696229573755913e-01 3.454899964993227712e-01 2.497163214823848731e-01 7.671112432182428664e-01 7.222530863258235234e-01 1.189141256969662441e-01 5.732946118975539296e-01 4.895735546646291514e-01 3.769049471375680582e-01 8.082613234197770780e-01 2.127391235941141767e-01 4.128698261152526916e-01 8.380175206361738516e-01
8.762898059758805758e-01 2.863631039339018525e-01 5.448169875553183772e-01 2.903154351967927038e-01 4.489881418985475214e-02 9.897654711140810857e-01 3.323174137459037336e-01 1.798462396340347880e-01 8.004579188909177745e-03 2.812224602488567760e-01 6.620502208986259740e-01 3.600599350184865433e-01 2.968603849066410172e-01 6.522894610431567708e-01
5.709038206354204448e-01 8.047199863099694372e-01 9.566204153856052717e-01 9.178953938854983452e-01 3.630375312551703537e-02 6.366236244939313949e-01 7.547639961581983359e-01 5.040681252780492283e-01 1.176565895102895665e-01 6.612238895240427627e-01 5.158309841748709434e-01 3.419490857677610629e-01 3.577412753540014645e-01 4.786375425166315978e-01
3.723599120400269413e-01 5.931560186809834434e-01 1.589232769182391536e-02 3.802165481381547529e-02 2.610388442554101296e-01 5.223726983139074243e-01 5.173891162877588545e-01 9.842855119331327396e-01 3.607019506345180426e-01 2.977588453306229122e-01 5.704203692849707519e-01 1.171350553860988075e-01 5.051594036810390653e-01 3.404580880800227582e-01
7.697075983507251085e-02 2.527870462635345428e-01 4.162758343511892001e-01 6.109041177132695788e-01 5.636262866189318821e-01 5.509985465694200446e-02 8.904040030988380483e-02 2.032809382160449818e-01 6.834314481904126826e-01 3.718738668843235562e-02 2.942420179285407666e-01 4.964696007960254232e-01 6.764113636597974821e-01 3.023942555191689863e-01
7.452027572808355149e-01 6.195992554135149044e-01 3.157591320044298433e-01 7.813108063269361692e-01 5.068294568725870697e-01 6.011207648689895766e-01 2.047287033522443567e-01 9.539934164500633029e-01 5.922385673026564490e-01 8.777272894048085972e-01 2.199480642004637554e-01 6.134581640921098478e-01 3.942027030455649284e-01 7.043802434890171771e-01
4.403594089268534351e-01 7.015068854664164855e-01 7.548050400740199395e-01 5.325092729940251735e-01 2.169099238281989583e-01 4.387735906504457439e-01 9.453247137811181533e-01 3.799910006514471972e-01 3.615030025789577328e-01 2.308279612848094242e-01 9.826225169115248015e-01 9.388512996133990818e-01 4.667073966531239959e-01 5.009340261097960934e-02
2.252380795448694073e-02 1.310556980811977690e-01 5.501616247865511733e-01 6.039699489568473023e-01 6.368638112121119965e-01 8.902100723118436809e-01 2.602872183675830620e-01 2.574141991224817572e-01 7.030845633366564762e-01 9.163355262665596745e-01 1.165637129175867148e-01 2.388031762306757066e-01 2.321367421799818143e-01 3.745054540077474847e-02
5.115533673650596302e-02 5.315082959541506114e-02 3.385308730185648818e-01 3.959514912533379505e-01 6.621550493609122956e-01 5.047577080945775396e-01 2.745999216172083646e-01 3.544585738721944823e-01 8.413514042909562285e-01 3.004394526478842975e-01 3.339275170804711923e-01 6.154996432544913576e-01 3.095899737903604620e-01 5.037131290319233345e-01
2.021656832938246717e-01 1.942903724271389798e-01 1.427810030586972312e-01 3.158838902077848454e-01 9.870718199284321814e-01 4.856455061503492932e-01 8.287078077207113980e-01 7.140290319778330730e-01 5.584297411905634334e-01 2.219522321048247315e-01 8.470088934227226751e-02 1.495487115318258065e-01 9.308784420026388062e-01 6.060992503543419785e-01
7.733819267025319188e-01 4.262849589757065072e-01 8.501917939336429697e-01 7.847280607225475269e-01 6.094794486580153992e-01 7.424844179311576031e-01 1.833223789955512606e-01 7.643483670194580748e-01 7.462430855774075944e-01 6.782857996761598729e-01 4.354606839892350978e-01 7.239121029070525459e-01 7.298209939123442291e-01 6.462424514983957646e-01
4.507106854528162287e-01 6.638421380143524342e-01 3.201339342368676455e-01 7.591405562299511356e-01 9.274623383911495544e-01 9.584554248146121003e-01 7.373235493024299370e-01 2.683168249100749136e-01 6.536423232120236460e-01 8.200902477049790695e-01 4.257578495202550828e-01 2.849557850370121326e-01 3.592709341318008898e-01 2.024351012769454172e-02
7.872819966590964835e-01 8.762798973281650250e-01 2.321157138442717649e-01 3.215601547631006252e-01 8.733191295616212768e-01 9.684704452124471841e-01 6.115875780893526015e-01 6.043465811321178105e-01 7.031215604014579013e-01 6.364129706533718789e-01 7.159126800681728797e-01 5.673740586309110601e-01 9.747878685522191056e-01 5.469231791239509421e-01
5.954290384075580089e-01 4.276330397208227829e-01 5.695172122528053826e-01 7.286479004631560841e-01 5.934292177642326305e-01 2.395320386996278028e-01 9.176279283575051737e-01 4.632685619666208066e-01 7.730155502839743953e-01 7.335641003245314540e-01 9.160963326048201516e-01 8.968805273945136269e-01 4.119459076418506838e-01 8.697155199855317598e-01
1.902600585898982510e-01 1.826558387619201529e-01 7.704964326854548684e-01 4.562087271322989857e-02 2.161566273763755319e-01 7.003026309143003392e-01 6.605409227691015905e-01 5.853988102749332345e-01 8.081524425059150030e-02 1.438388933051761853e-01 4.511081480625933615e-02 1.740779388750246515e-01 7.307611486079943486e-01 5.043375667950693586e-01
6.267634465095659468e-01 9.699413112866680509e-01 4.214851303400235505e-02 1.586671007013938928e-01 1.397294329857452500e-01 3.083505667637209680e-01 4.692108845494170621e-01 6.080436051686215482e-01 4.997111834240663963e-02 6.658544258293722651e-01 9.421443413243599796e-01 6.611516503272120149e-01 2.197684170459972552e-01 9.324098968842516877e-01
4.582918387446902608e-01 9.742455234417866095e-01 9.238020531899349130e-01 9.273377568175578123e-01 9.212313416492873275e-01 1.612349429801357426e-01 4.255673229805752023e-01 3.540532467046778597e-01 2.769112878899538943e-01 4.709352711596112018e-01 2.315219615370412987e-01 4.915403054285559792e-01 4.214357942236496291e-01 6.098585590598615269e-02
8.986851537729162454e-01 5.732510856427354140e-01 6.912618395193153020e-01 2.858836400952875501e-01 2.159130481648009470e-01 4.127631518922424414e-01 1.286700601085144502e-01 9.466373601142630267e-01 9.308766914984084595e-01 1.147551857426414301e-01 6.068661965349346765e-01 2.588291776392035448e-01 2.457160802273220535e-01 5.186681063383329349e-01
6.377924551733571423e-02 2.324987071073129075e-01 7.417788113287930862e-01 8.731782805668071301e-01 1.674842837298821108e-01 9.561264861346485677e-01 8.346824914289141528e-01 3.112377342658396717e-01 6.978756917553153860e-01 2.379123355860504052e-01 4.051446788146217948e-02 9.175265289763737675e-01 3.655540017629244076e-03 2.338213837858953426e-01
1.509563125532030758e-01 1.721250841092042405e-01 5.978376211100555615e-02 8.809196934949963254e-01 2.212651803567607933e-01 1.574845336485339864e-01 9.248841151962350349e-01 3.775589175965248234e-01 2.493068198307079042e-01 5.959503974467972309e-02 5.667305359908372253e-01 2.853819063902112152e-01 1.471836851254879619e-01 8.098615279376827347e-01
1.323602358622286701e-01 7.837588755743559732e-01 7.294869030232117302e-01 9.612391239509004981e-01 7.660904738501775890e-01 8.555875653763960198e-01 7.279119608708765066e-01 8.445811225731155725e-01 1.511222995283175718e-01 1.122424020073680140e-01 9.188862343864923066e-01 8.136141537323174910e-01 6.371906272358229817e-02 9.172888584244678345e-01
5.448902737533859453e-01 3.654740917517287357e-01 9.106696865133883101e-01 8.871947945829921078e-01 7.550123386898344169e-02 9.350525581060609159e-02 4.064073605195306360e-01 6.126289849140410526e-01 3.152927589103349248e-01 7.977990036800378659e-01 7.430739123112557465e-01 2.317594152088422454e-01 1.248480687383026755e-01 3.380968873569585309e-01
2.167443645472522107e-01 8.609033167460989899e-01 4.709049591588336803e-01 5.751093073194661898e-01 2.209197300086942484e-01 1.140033919195829748e-01 1.125531900463603296e-01 2.581034225566283258e-01 8.855228243851802628e-01 8.251729045104004845e-01 5.405752576568101375e-02 2.771176331635361034e-02 2.112432265048789226e-01 5.541038263758442106e-01
5.678815561260714961e-01 2.123191041974087367e-01 8.343988817395324720e-01 3.200087636730347684e-01 4.000404840060527434e-01 1.282884244154894882e-01 2.960001997072327917e-01 2.231748684156931173e-01 5.217039872514933618e-01 3.799982410939706234e-03 2.753477465834525129e-01 2.980463900187041437e-01 4.593211444123197484e-01 1.858925238501739630e-01
2.327824544725847211e-01 7.340415659971292195e-01 7.351473700088158036e-01 8.322043660401735599e-01 2.528329316198684174e-01 4.399500192054567327e-01 8.559240731409312186e-02 9.494058677123794476e-01 9.496970779589259948e-01 6.555908285837966920e-01 7.526774405654185207e-01 4.183629009526377285e-01 8.457428281713629259e-01 5.268910610252837134e-01
1.409169699097490014e-01 5.057261817255819247e-01 1.718473505922983868e-01 6.179349852939494125e-01 3.730822910969563422e-01 8.967567937075704432e-02 3.410455436965516007e-01 4.211911819062729156e-01 5.635341103020186093e-01 7.599326132547478130e-01 3.360929359283062468e-01 7.089900471247222447e-01 3.079608144898915434e-01 9.205093988095857105e-01
9.826376403946885940e-01 5.692699662942094507e-01 8.058815609839971028e-01 2.611313545226365829e-01 7.006748100348070274e-01 8.617281988379648094e-01 2.615641170017207751e-01 3.366581735265669062e-01 5.153403318842629810e-01 8.393058518482907626e-01 2.891926463309185680e-01 1.408713814826697552e-01 5.030681583193167272e-01 7.387562007215224824e-01
9.946405012068599838e-01 1.111159339281715397e-01 5.879382077104553517e-01 8.711029586512231138e-01 7.595747910404937464e-02 6.415236749290367246e-01 3.010896396575881706e-01 7.046227006496015299e-01 8.588641034206067060e-01 1.642939179026997598e-01 8.653859239283455684e-01 1.574045940814682298e-01 4.272288292477557370e-01 2.626171080244434908e-01
3.863505097729856841e-01 4.730176871059239563e-01 6.432547728270643361e-02 8.718741704369772361e-01 1.586322516071425603e-02 3.829036195297370604e-01 1.175541156713744151e-02 1.848609005982936315e-01 6.012416724631413079e-01 5.570268596981409193e-02 8.287633502934504959e-01 3.755043447542615320e-01 6.213673687275369506e-01 5.119431444322167790e-01
3.823562028780675970e-01 5.336239203611976567e-01 3.233782160676968997e-01 6.227084272433993650e-01 8.309254901327863818e-01 2.488816621102860616e-01 9.545897775960971998e-01 6.176624178623404404e-01 6.971771032997281514e-01 4.237158035235926157e-01 5.353826668361714169e-01 6.632366330748001859e-01 9.137117757522071892e-01 2.799052820905852945e-01
3.820961814277565871e-01 3.696408486441826735e-02 3.358713331764814347e-01 5.882269213802776564e-01 4.633230618301897863e-01 8.537974503465254328e-01 7.655036534310686314e-01 7.058943722195303305e-01 6.578491035875733139e-01 3.357842552785780255e-01 3.064361198018716870e-01 8.712639300865042680e-01 2.835076535528575636e-01 5.567589325054763671e-01
6.252310911821338246e-01 6.190450697124443291e-01 4.970562627876627948e-01 4.908315213785873210e-01 4.887484568769098203e-01 3.856089017738909552e-01 8.450092317470563330e-01 7.560325169174364479e-01 9.141611208685290757e-01 2.142431291857377351e-01 4.585900817649524175e-02 5.905002557960628007e-01 1.796274708867799941e-01 8.684539678129615803e-01
4.258485189020611017e-02 5.177697946530487316e-01 7.906055156724194344e-01 6.323582570110731771e-01 7.525660240029643511e-01 4.274629555428680616e-01 1.882968558564587225e-01 3.222284720105159650e-01 9.659405287724096567e-01 4.457895675590469731e-01 7.987559695352056677e-01 7.463677400722485977e-01 8.066605422593429164e-01 4.823548893100757518e-01
8.121233016985517361e-01 2.628897836003527555e-01 7.925020403278507652e-01 7.470704519630033680e-02 9.620717281897028794e-01 2.653051315695938994e-01 9.465546170531369263e-01 9.719986439389607380e-01 4.290161750153953513e-03 2.167327343916080062e-01 1.204747672911808953e-01 1.967823361946133831e-01 1.883503082903611459e-01 9.738991575277086143e-01
9.499334965520481733e-01 5.599240765607704784e-01 3.670786711219435894e-01 2.091666387524544479e-01 9.423918153132919695e-01 8.783266075364959402e-02 7.030454568957738015e-01 2.063312192927009292e-01 3.633950687989349060e-01 5.464312234841650628e-02 2.012404127890317085e-01 8.302018645155648802e-01 8.922206153178717791e-01 3.196132589780953381e-02
7.207509189988603460e-01 8.378884076215531440e-01 3.065571929589422373e-01 2.917653567153091210e-01 5.443792564569897019e-01 5.611324851332271102e-01 3.868284024197062854e-01 7.109361236504114778e-01 5.618742046936420209e-01 2.233876822884823810e-01 1.868631021112121537e-02 7.346124798423989688e-01 6.972147596430317007e-01 2.523520444571474286e-01
9.991845169887048073e-01 3.051193149100340785e-01 3.711383996437022104e-01 2.232588486667839156e-01 5.907527199749577074e-01 6.488939788690571975e-01 5.857703671668164080e-01 1.380001902026835037e-01 6.181545155455472340e-01 7.125834744757714168e-01 8.216478270534777195e-02 1.615250020069535219e-01 1.087531909117827045e-01 2.319413126683922410e-02
2.685760946642709035e-01 7.919320210316975750e-01 9.105757833468371976e-01 2.968348102796972698e-01 1.093561623316436915e-01 7.559539347442245649e-02 1.792099850911732517e-01 9.040142886798879784e-01 5.625273279393485648e-01 8.805215065343915404e-01 3.794999669795745545e-01 5.997858318402137234e-01 4.650543267913413992e-01 3.446694212445252647e-01
7.466680144080574122e-01 1.031993861835681647e-01 1.737751132778685426e-01 2.215168408780643361e-02 5.602113346747039646e-02 6.191372277622688713e-01 6.808577447969245133e-01 5.716221351759188662e-01 7.267236831680301545e-01 9.112021899300432048e-01 8.731153878025936788e-01 2.989493276545704958e-01 4.443678665478093537e-01 6.501782882331814672e-01
1.742578693061620498e-01 8.015070261560746090e-01 6.313417523348818783e-01 1.891719252961399089e-02 8.289582556205656871e-01 8.924705076371675094e-02 9.325446612700573068e-01 6.938378413315593463e-01 9.629854389070480192e-02 2.678161226102372394e-01 6.265939680646683829e-01 2.911081209631898314e-01 9.273614003865539024e-01 9.656077471825501579e-01
9.744047984392734119e-02 6.369220464115122882e-01 3.208890818522726063e-01 5.805632567477221340e-01 7.209887093857939577e-01 1.471309142132881664e-02 3.889643707188891186e-01 4.372626082027702976e-01 7.301329984797394479e-01 4.481877228427457727e-01 3.090856144436453512e-01 2.846817823736010888e-01 4.392408479542004862e-01 9.044056439374498213e-01
7.979988167730865944e-01 5.470518701624929037e-01 3.189222057871443639e-02 7.531703456099148042e-02 6.516157447771512290e-01 4.136873230518556266e-01 5.631920094067871529e-01 1.017417195988341572e-01 4.836577724803895473e-01 2.945415961537307670e-01 3.115903884824496872e-01 7.733050782617584273e-01 5.856497735925150216e-01 8.835690691136229846e-01
4.785506112261311840e-01 1.854681281456538322e-02 1.630750108796101827e-01 1.245766416396888454e-01 7.362515443378986335e-01 2.029110478407750717e-01 5.960458142063176368e-01 4.889087130020994820e-01 4.283286720040601070e-01 5.955626969249888658e-01 1.824872907039085668e-01 4.132693418318119649e-01 3.765994496507540923e-02 8.656553091679716205e-01
1.255402280983394236e-01 4.754105473856590214e-01 6.206728603046846038e-01 3.814218225518444250e-01 9.690536204420695521e-01 5.936218558778632026e-01 7.502580382633949885e-01 8.074881296194968971e-02 7.250536534538565281e-01 7.916887694251383278e-01 1.670332009871297041e-01 8.385318870558665649e-01 8.091415579447532869e-01 1.295530804327765795e-01
9.723680833219562336e-01 2.219588251500279608e-01 1.964057162031240811e-01 1.193855996655500684e-01 6.222687789762693100e-01 8.196767296758197263e-01 3.002979230050484283e-01 3.434094798798381643e-02 2.614771432916704885e-01 7.283909923291239652e-01 7.999984949180499738e-01 1.216661908756073718e-01 1.752262567203867194e-01 6.520356382794956218e-01
8.705660722723207456e-02 3.782110043735702476e-01 3.600608499505213445e-01 1.481876190206851129e-01 3.476925847678402626e-02 6.908219954110548233e-01 5.454263511899184458e-01 4.900590986000155080e-01 5.265973698487144139e-01 9.573157288943988652e-01 7.370696947736896654e-01 2.767152910526309295e-01 4.967021967521064729e-01 5.395542804952879745e-01
5.811062693416801928e-01 2.189146217854148757e-01 2.145237650619539194e-01 6.166480488114017833e-01 5.654438442172768919e-01 2.629990466922015324e-01 7.008057352350207658e-01 4.737431804041376537e-01 5.053856075052670649e-01 2.380511883090706826e-01 7.341005449151793982e-02 8.708360363889070532e-01 2.554682805800878587e-01 3.342212046896791966e-01
