5.292853995462329930e-01 4.536903485718534190e-01 9.568729183640934943e-01 6.112877749942920991e-01 4.687180698289944436e-01 4.009406249550442336e-01 4.573247001310424276e-01 4.543943205796713292e-01 3.164351284146238452e-01 1.492954686254841512e-01 4.315424456773664375e-01 7.497740718335117460e-01 9.815962508549365140e-01 6.622408462447411104e-01
5.399109954934505629e-01 5.417942231114069029e-01 6.079446779267529966e-01 1.476058458249964733e-01 1.270905991322898165e-01 6.596423870742588180e-01 3.535297104943831981e-01 3.914440976058232158e-01 3.167308283624102883e-01 5.031111336187233940e-01 7.870568510771620563e-01 7.802888288759463054e-01 3.631643623808396004e-01 8.552286788102861914e-01
2.551189376579695578e-01 7.942836577331485737e-01 1.954805956730450989e-01 2.723694128348460586e-01 4.152390133187122689e-02 1.266993490539486400e-01 1.606974599285196925e-01 2.996646510442954048e-01 9.503775548565053244e-01 2.421743760106512822e-01 6.996038517485392294e-02 9.521956757855718489e-01 4.541964892062024806e-01 2.012608993828179926e-01
4.137196321656244624e-02 4.728621917989899170e-01 5.863988511510441759e-01 5.613286422520695762e-01 4.870808341562959942e-01 6.533730274919178349e-01 1.691002590452533871e-01 6.176682548151040120e-01 5.406057183838546276e-01 6.473069910966291474e-01 1.292271989031100743e-01 7.996949914489830391e-01 7.194630936895061168e-01 8.250632656424670142e-01
3.847735640034087856e-01 5.459475911977791363e-01 3.333655118820560981e-01 6.374403480398806998e-01 3.061001310406864517e-01 4.077251760211180187e-01 6.001060495032398689e-01 4.404334307041641861e-01 9.194348213915404244e-02 2.725175096284947474e-01 1.995373138553709902e-01 6.013292955790605632e-02 6.831225682259634002e-01 2.574117111834639537e-02
2.198516386229472097e-01 5.315213244537712045e-01 9.430596089650167269e-02 5.972530214037368168e-01 4.843995623444402598e-01 8.929865484355096195e-01 6.040737208431183891e-01 7.114881597805248203e-01 6.837064001540148483e-01 8.649917765231353028e-01 3.181546945161395357e-02 2.382417011828485975e-01 9.162008312605903759e-01 2.855882109632266186e-01
1.452650627944161998e-01 8.021988902092049845e-01 7.270804278143003785e-01 4.314262507852429929e-01 2.385626214697000869e-01 6.265197239047147759e-01 3.873678899293115929e-01 8.448709948861087282e-01 5.597785276895179685e-01 4.150203694748614280e-01 5.425041429724530850e-01 4.124731670161991826e-01 1.010673901298578814e-01 3.605451391917369186e-03
9.814457082131473609e-01 4.677228244651763234e-01 2.793620604697188980e-02 6.887039515426792713e-01 9.486329420594693529e-01 5.084911757209330530e-01 9.569886660150958013e-01 2.234241044440269386e-01 2.208204054123252824e-03 4.980614192635136606e-01 8.922851826853269719e-01 9.791657960190290888e-01 1.462041609813380383e-02 3.197538459900819419e-01
9.169196625333956296e-01 2.187287597690863450e-01 6.113598820013390611e-01 6.477696900760780974e-01 4.744330421767629646e-01 8.137226790391280939e-01 1.154399612796985775e-01 1.163615701528173396e-01 7.027089897323042234e-01 1.983026199459514416e-02 9.524764090681925310e-02 8.345596030315589609e-01 8.756944735479746944e-01 3.176814729260246661e-01
7.132152719168822763e-01 9.339885790503599239e-04 2.005351307628278068e-02 3.955338356217225071e-01 7.913502857623205822e-01 3.828629133020735598e-01 1.584741103034625898e-01 2.154933610021604329e-01 8.623493373999144840e-01 4.332674149048442169e-01 8.224283557254641330e-02 9.009144620292458550e-01 8.417281620089801519e-01 7.674712856150299745e-01
5.644803492564003378e-01 5.542990044508644409e-02 3.139954817124188668e-01 1.080966138903849405e-01 7.601873600585051793e-02 1.509492770939176998e-01 9.298461477284745147e-01 3.554335112493095528e-01 1.321829632760110895e-01 6.133456137531279051e-02 6.091161641386502179e-01 6.200893919097779650e-01 9.469846262033138062e-01 7.956930729612963216e-01
4.338999444752184020e-01 4.480385582312907955e-01 8.302978258420885549e-01 1.286294056396840579e-01 1.395921585648740582e-02 7.456598587916040133e-01 7.613882063357196861e-01 6.099268121463404801e-01 3.052803240399438733e-01 9.556985187957304229e-01 2.490074640797617089e-01 4.420989979429328365e-01 2.894072538816984119e-01 7.777970752594882686e-01
4.403769265503253427e-01 8.816967826630059957e-01 3.363757320952444063e-01 9.308320024320302366e-01 1.331265340020109100e-01 1.827174243871483306e-01 4.366577075664426211e-01 9.346053855318338099e-01 7.226029539285970804e-01 4.647424676270970334e-01 7.424075082076464493e-02 1.413256235679326567e-01 4.661478610757150420e-01 4.667942277581078603e-01
5.950478716946328017e-01 2.938368852027600786e-01 5.001594233787340915e-01 9.794700671304747974e-01 9.550416183444213614e-01 9.090311414576036642e-01 8.767919216325253950e-01 2.319426763733770658e-01 3.662972009758430625e-01 7.174046221619595487e-01 8.846889905912406205e-01 8.609199220563951149e-01 6.421454845971252823e-02 3.154624853959755448e-01
1.840779377327460553e-01 3.039554526563592596e-02 3.237619606370184533e-01 6.786930756648584806e-01 8.901382311774218570e-01 1.206957097539647084e-01 2.815049838213178335e-01 4.593000153098020233e-01 1.147348982272619056e-01 3.985426132021194778e-01 1.150790914782935381e-01 3.310732408686101191e-01 4.589106134537734860e-02 8.169956478691184909e-01
9.986471175816392654e-01 3.848244848903115134e-02 1.460817178424111962e-01 9.865040608354310736e-01 1.299532873007541722e-01 6.042898650275190242e-01 7.355109587108253910e-01 7.362947752200454943e-01 6.038302247811557777e-01 9.432938513090560750e-02 1.228705475395976965e-01 6.868050705311086190e-01 3.981862982747812474e-01 9.688369627856868727e-01
9.387210029851078552e-01 8.040465059730166342e-01 8.303786932472537741e-01 6.180857198704686750e-01 8.291173402125595615e-03 2.905818914275549725e-01 5.211395006196388735e-01 9.540940707648017938e-01 5.401424693075689287e-01 8.445031410022103557e-01 5.131409316535305853e-01 2.732533043995483135e-01 7.045040180990536083e-01 8.000241031519615964e-01
7.445767496585576906e-01 6.757149134916916600e-01 6.371788059133942639e-01 1.049980777427605982e-01 5.428697043194540273e-01 5.497591009359382719e-01 6.748770254866401919e-01 8.208462782555119297e-01 5.456631966220681917e-01 6.216766582271083807e-01 3.834108545427169501e-01 3.722739176474527678e-01 7.836276281622007733e-01 3.976857569369564027e-01
8.344789344655655361e-01 3.726547550386583030e-02 1.507306286103471393e-02 7.165753945363397825e-01 9.333792787379853184e-01 6.212671220437614439e-01 5.233311724020045519e-01 9.375745713514900270e-01 2.822827410207540133e-01 2.305548827079884067e-01 6.876894765524723674e-01 6.327547589554316509e-01 6.265270351369188750e-01 9.630447731527480570e-01
9.830202345052864166e-01 5.047955435362323495e-01 5.529266329110965605e-01 9.380549730069752679e-01 4.815277129591589711e-01 5.700459744972539156e-01 1.302602300685367087e-01 3.352807623739489928e-01 2.766876865792164963e-01 7.008568689039045285e-01 8.622683855935524555e-01 7.032929241925334196e-03 6.880943676955662003e-01 4.785301098473594417e-01
7.816028548092057715e-02 1.546051082834304369e-01 9.292066618454899452e-01 3.378915598088936267e-01 6.989469019250895698e-01 6.076406556566438244e-02 6.748278935381850641e-01 1.218708091387747938e-01 6.548186141879752675e-01 4.151660119072680954e-01 2.054710251100271279e-01 1.489188516660563399e-01 6.428551682725696104e-01 5.796850543500742248e-02
9.767119981394234429e-02 1.654414981307474886e-01 8.341099862714320690e-01 1.476096533172963632e-01 7.386856452658704386e-01 5.296707692952894453e-01 7.053213654163890123e-01 6.715352384893826798e-01 2.044193237779187156e-01 3.533802445202273157e-01 3.764022472685494280e-01 1.390304384823021211e-01 2.268484649979478629e-01 3.796192275660588145e-01
4.432005003017032152e-01 7.280452285194760620e-01 9.970002392696735161e-01 1.832900593206645556e-01 8.434259010424904890e-02 8.790141859790433498e-01 4.630508944042233122e-02 4.836980200104965544e-01 5.801264864344202188e-02 1.890388248499086377e-02 2.236987327734802911e-01 4.637364123641480873e-01 1.058729700131844087e-02 4.237110875013730960e-01
6.846378171936847723e-01 4.703932652589153385e-01 2.663036374166265485e-01 5.599691259741352845e-01 9.900756406956201516e-01 9.525086901595486433e-01 1.439813378126555410e-01 5.302455248190935944e-01 7.497354989507405421e-01 8.849126152012821711e-01 7.442212494079953888e-01 1.512843735187374694e-01 3.787404274725890696e-01 3.494617756495166372e-02
2.205099372179837314e-01 1.876952209217510603e-01 3.164650837795885963e-01 6.473990100494796396e-01 6.353623867531764668e-01 3.844005331673137071e-01 5.523852516181620986e-01 8.902704095052893507e-01 5.582981793424074413e-01 9.200637995077107778e-01 4.590972316785065788e-01 9.093255686829675444e-01 5.899457951952236101e-04 8.092741739692429492e-01
3.300881840940461665e-03 9.119272629482314541e-01 8.043820172627154097e-01 7.499452499097616354e-01 6.155728610887050145e-01 7.709441263813474610e-01 1.904554251588472802e-01 6.002103791642314778e-01 3.103327394407106032e-01 8.912412325177090366e-01 1.051612096273502051e-01 5.243690311123898606e-01 5.394497092024299612e-01 5.639154481976340616e-01
2.384207543825868081e-01 2.974818012296801539e-01 6.545402702140024065e-01 6.266839113241977621e-01 2.238617956050021895e-01 2.440000865119309470e-01 7.397972046144385416e-01 8.168024068452385267e-01 5.759680106583818793e-01 1.349194955340886626e-01 2.298047879622402423e-01 6.976860167984915151e-01 8.493881422727678210e-02 4.679759857334215845e-01
2.123447184300397694e-02 2.127590952094299270e-01 2.535850558122361154e-01 7.724855246163703226e-01 6.924973770447196975e-01 6.100631766703451531e-01 1.250653870679631074e-01 9.576872029206121573e-01 6.444765415427615718e-01 8.254698303071261734e-02 4.220457207818807399e-01 2.761887526788662228e-01 2.554718824488676487e-01 4.142632311825198421e-01
1.756665482308672477e-01 5.662238667124400715e-01 4.218133426713254197e-01 1.719430981728833352e-01 9.172595617729033535e-01 4.845152012198348235e-01 7.228048561134986505e-01 9.958715804719023845e-01 8.020092321118929002e-01 1.910587039988815850e-01 1.163373712667715720e-01 3.593724496725453355e-01 3.957424098270890811e-01 6.353566463418121035e-01
4.364264704330004241e-01 6.833046422620628890e-01 4.585908746073742437e-01 9.821467363478714185e-01 4.166573085163089996e-01 4.320777089288712070e-01 2.296519258039664280e-02 1.361568700615078953e-01 7.712675079845161541e-01 1.495189801573105770e-01 5.357746886710240686e-01 5.579397760474112955e-01 6.845534498312794147e-01 5.589139889569018083e-01
5.434883499031961662e-01 9.381787806330608159e-01 3.003811221722193503e-01 9.017661267652927748e-01 8.392126349975096433e-01 7.308402223347003623e-01 8.028685278325732311e-01 1.347280068312127765e-01 4.464101136911236001e-02 7.874710975249028522e-01 1.720747424637709688e-01 4.189384563607245759e-02 7.820269628549803009e-01 3.328142718118034526e-01
9.977984858887922748e-01 5.844051612117269201e-01 6.820750337604136737e-01 4.670707665772274586e-01 7.997588251351778199e-01 1.618664851990856413e-01 5.180696909372813908e-01 8.428589874519196723e-01 9.748162213919722152e-01 5.863742472007928974e-01 2.868712426898422096e-01 1.860614151688547713e-01 6.218832383491295079e-01 5.871960527064193913e-01
4.474422837065207270e-01 6.128711455957298604e-01 9.503338353435278885e-01 5.447327848512006909e-02 6.796399376594829400e-01 3.521503611521925592e-02 7.175052630132277010e-01 4.450488392540009608e-01 2.008240993550195475e-01 2.827879258300898258e-01 9.215073460525828875e-01 9.382660485965690356e-01 5.184268258894237924e-01 6.108368841424383078e-02
8.718537950082497767e-01 8.078271168932614765e-01 3.393758978883768540e-01 8.603253372090258200e-01 1.240445145835191720e-01 1.538751462625076449e-01 1.418032199873988652e-01 5.716016505668933823e-01 8.464704067555417488e-02 1.610842886041066180e-01 3.056299776440476457e-01 7.075954496637353319e-01 1.990091665220213857e-01 7.437305744475091185e-01
3.516889144388529731e-01 4.277256841527432574e-02 1.327469562901089084e-01 7.485098336716888845e-01 2.897832792029437776e-01 2.028700885009350197e-01 7.032140740440466775e-01 9.824239456232969347e-01 9.812191662894566013e-01 8.404141723870756087e-01 7.635057022079450029e-02 6.788509358486205514e-01 1.850017654340163631e-01 9.610689802520212544e-01
4.369100700428292239e-01 6.818835298679611912e-01 7.403556626939666874e-02 2.191936670985463742e-01 9.446820230149977071e-02 6.096066183004510419e-01 6.208352119234229471e-01 4.588549819865519463e-01 6.434299433771624166e-01 2.649690546034597638e-01 4.830019906954260422e-01 6.470372080675568238e-02 1.425795297584625532e-01 7.936505847925707791e-01
8.131742190961798178e-01 3.801500708167654397e-01 4.510546798346609654e-01 9.100975627934796419e-01 1.059434613410802362e-01 4.047288779941492498e-01 5.854734449382148487e-01 6.800086676023453514e-01 6.150573488759598639e-01 9.733784918166294986e-01 8.533083489938622090e-01 2.590507155671879502e-01 9.472430009071228785e-01 8.741606056921824575e-01
7.044154897983061492e-01 7.222258358497889441e-01 9.462655615309714108e-01 4.309912396688764247e-03 5.054677076834498406e-01 8.304051267854537510e-01 7.938997678301440430e-02 8.165530691241825734e-01 2.681057903823819144e-01 7.797306647491358822e-01 3.723888444297439593e-01 9.784792281324283802e-02 6.610887366388829012e-02 8.782029106748532321e-01
2.945171577247088779e-01 5.110558248794571101e-01 4.125684605376510605e-01 7.218974590803931557e-01 3.825112481691946842e-01 9.695504515861032013e-01 6.263797587135769840e-01 6.688797244804245423e-01 9.706094942620062671e-01 8.757583934913282242e-01 3.225280127802735430e-01 9.512521860246294647e-01 3.352269340908489159e-01 3.645581679863220126e-01
3.153071731308854098e-01 7.611819876495004022e-01 5.175384416274334543e-01 7.407320259627968584e-01 4.161500331032468303e-01 9.250762150200931844e-01 5.572174210091151991e-01 1.577376446149310052e-01 5.392021229815723293e-01 8.207332907031789082e-01 1.658016170494782671e-01 8.728556648098250159e-01 9.590586977064635699e-01 9.226511392538501166e-01
9.105638229069669132e-01 1.134979412259926601e-01 8.475467216954525318e-01 8.077386967225893555e-01 9.682749055868954402e-01 6.495706845486219905e-01 5.899845832133122636e-01 5.970819837212575365e-01 3.091310724025352341e-01 4.464299155329433111e-01 4.772080684431371234e-01 9.603158811381544702e-01 5.813534025700866081e-01 4.831667666747256895e-01
5.829806707216222961e-01 4.204666240054314441e-01 3.657899477020096768e-01 2.113571433923460141e-01 7.626453586222982084e-01 2.520402294052010994e-01 9.436149549444986517e-01 9.070465715363458248e-01 2.807699013445648095e-01 7.531756591778682175e-02 5.934073152126705386e-01 8.953522530035215032e-01 7.510023444397075920e-01 9.348097933167585083e-01
5.970409112289104536e-01 2.497915545205268151e-01 9.410886270253724373e-01 9.906282340110011964e-01 9.182915450048249051e-01 5.064429934779653975e-01 7.987063297283103491e-02 8.122472464342278542e-03 7.540096693502397196e-01 8.034830147297461478e-01 5.985332791634090377e-01 2.110056741919846823e-01 9.824686495037787681e-01 8.006461440050502976e-01
1.591840789163208036e-01 8.507761015171020347e-01 9.549310228417411395e-01 2.983969641924792970e-01 4.141269209500386683e-02 1.532085384816409546e-01 6.486137015122034333e-01 1.114554930668366639e-01 6.079186489100434354e-01 7.074744044432031975e-01 7.429237229904001039e-01 9.642256142814842335e-02 4.380873692262230445e-01 6.553894020755812733e-02
4.650449255047502950e-01 8.769305711043429152e-01 2.791825056323415932e-02 4.036441642535171237e-02 7.985920245773492354e-02 2.160191124918474648e-01 2.218547572335615170e-01 5.924077245158603233e-01 6.509673763690111414e-01 1.028273505029864143e-02 7.181253827178324389e-02 9.849375714236551227e-01 9.350705017711540279e-01 4.040506526921472386e-01
7.722953479682664879e-01 4.823179366799152934e-01 5.844113666173990085e-01 3.526928036754012341e-01 4.822539981985548563e-01 6.173129944246211753e-01 5.914243152915399371e-01 6.376354528456898985e-01 3.729588768316830505e-01 7.917844316235868041e-01 6.780056392047435487e-01 7.260673539776658636e-01 1.213099788394926826e-01 4.073003545839225525e-01
7.891401890673488406e-02 1.234561160366969279e-01 1.291171406896607365e-02 9.175601663550246867e-01 8.774556583147824496e-01 3.613477532858090369e-01 2.364656734943684224e-01 9.687220142334438400e-01 2.057525924914677118e-01 3.458231984788917579e-02 4.316454632193990060e-01 7.276801833128904162e-01 8.249694659094193305e-01 1.219882615649802160e-01
2.400192588987907216e-01 6.384290165648442983e-01 3.205122791226358014e-01 9.240313206460222251e-01 2.047715787541324328e-01 1.527755242534266644e-01 6.687232507773520629e-01 9.213514268508964378e-01 6.503857036852176421e-01 2.312931626428755827e-01 5.122806738165036622e-01 7.535755014399626583e-01 8.281946140572116200e-01 9.840638031792903195e-01
2.507671963638953283e-01 8.218185862288684973e-02 6.098181917701870347e-01 9.573884544414651421e-01 1.912907949139341923e-03 7.024055249107852283e-02 7.666899501200354905e-01 7.510367675581919311e-02 5.493918747649182421e-01 4.099290325207621821e-01 5.602656691684401169e-01 7.599282746282951528e-01 8.756828549238530046e-01 6.453517749467242437e-01
2.783855862720210350e-01 7.522155486938181257e-01 6.758480792777272761e-01 9.972296223117268488e-01 7.232924213993999762e-01 8.106713759897823390e-01 4.920699083994128920e-02 1.535295211751378508e-01 9.645085668117480138e-01 9.673592364262327825e-01 8.294525738580539320e-01 4.387831996317462790e-01 7.747962811521658111e-01 9.212121730037448053e-01
5.361554182814151082e-01 6.113072039857130324e-01 5.573027644833725702e-01 5.760568586844965200e-01 1.657628728031435017e-01 7.731475844306257006e-02 6.477094150978524034e-03 2.274237447846803040e-01 3.108692481052138801e-01 4.117064684224536197e-01 4.631063478768706609e-01 6.726497664229069695e-02 3.319721440459821871e-01 1.308147700980373251e-01
8.497232169184631978e-01 5.153099470416983019e-01 9.279514744118400049e-01 8.863759854710061559e-01 7.235533332509461735e-01 7.015724466708872509e-02 4.300194363450069446e-01 7.934218325708295438e-01 3.036838046208222286e-01 4.185795511934006230e-01 7.825586345360436846e-01 6.490423478417044478e-01 9.579957495478914620e-01 2.929133623616322346e-01
6.335198473923485674e-01 3.586830806840924923e-01 6.756560980667557503e-01 3.323274945079494058e-01 9.119012384643864211e-01 7.043714948742825221e-01 3.007220049479558677e-01 5.454288253930342778e-01 6.441705057685318536e-01 3.824073048287152110e-01 1.589309179227927915e-01 3.192037257885187440e-01 5.523224324981830247e-01 8.209629971379797109e-01
5.523220191724921291e-01 1.628890733784492673e-01 5.691768790592364180e-01 9.800349199668355604e-01 6.860410755190485821e-01 6.693588539944739235e-02 8.638033112297424099e-01 3.133730173787317996e-01 4.142922017891572661e-01 7.324571229083746138e-01 6.745216765292174621e-01 8.114179663154963418e-01 4.158444507488492370e-01 5.095785572039979172e-02
9.570928581304675165e-01 9.595909437980780776e-01 8.823558856180312437e-01 5.376082614673682869e-01 6.256648083570309771e-01 9.934573515906139907e-01 2.029930809527524804e-02 5.520072636791174547e-01 8.549515874794948456e-01 2.398389362978531336e-01 4.634096314007152273e-02 7.636860282321674687e-01 1.015382121771062351e-01 3.205406648177776541e-01
3.332266315106451326e-01 5.326420650737289098e-01 6.452342745966666016e-02 5.766334872261045241e-01 5.925753356395886406e-01 8.070880975826503212e-01 8.211311924760502645e-01 5.192447481855203550e-01 8.497924557206104623e-01 8.658142268344672932e-01 3.833630947229829111e-01 6.739160476752490414e-01 9.978925266034713859e-01 9.445648560286853401e-01
6.854850011347690675e-01 4.655241515898828064e-01 3.515983961729286511e-01 7.188319177910194036e-01 2.695409072256202965e-01 2.903190847042944611e-01 1.729462739992356779e-01 3.526347049193527816e-01 5.348457527267034273e-01 8.243798138299225364e-01 6.942146391709361763e-01 1.939858372776821493e-01 4.151395000931503709e-01 2.361627651243889403e-01
7.445386057276001113e-01 5.704486759996347800e-01 2.141651678966391970e-01 5.357305951821830226e-01 3.175322797206641123e-01 2.348402908293687474e-01 1.694102419168277418e-01 9.001522953128920923e-01 9.769584073945657421e-01 2.222291780416189022e-01 6.694988317232398733e-01 4.757945338861624407e-02 5.977542215914725121e-01 9.155478164201185098e-01
1.024527174834589660e-01 6.220180220753536160e-01 2.308483351652831361e-01 4.501837391883276585e-01 5.036069659871503790e-01 1.858947721057401248e-01 5.618220817704773218e-01 8.816547032360140257e-01 6.965140392975870398e-01 7.888407827321008980e-02 2.494412619200446768e-01 5.131689695790804251e-01 5.947252893284424857e-01 3.728856937302487129e-01
2.698000840472417616e-01 5.112055607153529468e-01 1.296673139404403985e-01 8.005007574435886175e-01 4.388936546185322474e-01 6.164510328717789367e-01 1.637726571683665311e-01 9.060965697367395766e-01 1.945816283132798530e-01 8.110568451403269430e-01 6.820578735449458474e-01 8.350442529271049352e-01 2.432418795192897720e-01 3.369330742407872226e-02
7.209993733171916608e-01 2.788555036022444256e-01 6.509396334116477334e-01 1.427985531502113936e-01 3.886932535057896487e-01 2.538036159136874970e-01 4.465581284396257233e-01 5.315643607315641006e-01 9.880720820937688442e-01 3.368034576319245410e-01 5.274263034603066114e-01 3.523431571227126913e-01 1.830523212331853777e-01 3.031901086155127656e-01
4.910777025950701091e-01 3.142787297546416614e-01 7.835132867214444907e-02 9.726636115201021671e-01 4.119993255634554208e-01 9.719694985796752951e-01 4.389242321794905033e-01 9.641439812132690523e-02 7.444773492374054946e-01 1.823644014387920675e-01 5.195127691933022485e-01 4.802909441648514077e-01 1.038707287405332691e-01 2.256894235222909328e-01
8.951172893080564519e-01 4.874043976402345768e-01 5.649335025674879773e-01 1.973135371209946420e-01 6.465486042849716286e-01 6.859007445566500660e-02 2.829813696761613873e-01 3.814278659716325848e-01 8.988295247006151678e-01 3.967623483623581304e-01 7.534841499914901597e-02 6.433128194050633519e-01 1.461712768972283083e-01 1.055037118777056859e-01
8.451212284805800223e-01 5.631096225139997635e-02 1.337841498325162970e-01 2.364987050939556523e-01 1.435838574135293033e-01 6.376862035760473280e-01 4.009240162714653444e-01 2.432557430174897561e-03 1.122795784662689034e-02 4.603240166505928599e-03 7.491895251409044221e-01 8.994287347472170735e-01 6.600002147411658804e-01 8.143754267857158391e-01
3.886539076182915498e-02 4.114218805637186449e-01 5.990840321949898462e-01 5.760243148406120062e-01 6.805263826140550698e-02 9.031365480879558483e-01 1.624556144455063800e-01 1.995858367032578018e-01 1.382685452128985526e-01 5.047764663239446836e-01 6.763778431178042450e-01 7.555715877476573139e-01 8.760281628993764613e-01 8.247485700659492602e-01
3.616482693099513090e-01 9.540725704433336007e-01 1.480849900378244932e-02 5.256181089870248790e-03 3.543619912020841145e-01 7.392374833713564186e-01 6.198679090746198606e-01 5.972796216336777597e-01 1.251646193714336386e-01 7.007511476799203054e-01 3.595783029966671540e-01 3.780467450653735018e-02 3.785375556545714781e-01 8.568988961580561448e-01
6.384207730502363676e-01 1.901681717714895914e-01 8.272793882192660542e-01 7.825394874598049499e-01 5.505326657237145094e-01 6.382728023840922305e-01 2.545502170565583366e-02 7.501749720720826131e-01 8.651075964667631624e-03 1.241707411731426403e-01 5.247242535587928192e-01 7.932134732649526176e-01 9.740785955358012282e-01 4.247947805267686672e-01
5.384993510253646143e-01 9.137295260028177601e-01 2.882652259395994676e-01 3.465435604896918154e-01 2.818100848149659443e-01 9.092867302418173869e-01 9.848873401879321143e-01 1.926640409398986398e-01 8.646702342166595612e-01 5.168625863597264836e-02 9.267110712363718639e-01 5.663017264715207721e-01 5.810125369039254029e-02 4.791461993704869693e-01
5.603356221071050802e-01 8.095641996266889073e-01 7.517937995870970225e-01 5.333448775480905679e-01 7.573035342345330045e-01 3.662335644689074243e-02 6.818817773670889926e-01 3.522516075236696853e-01 8.868805859053880969e-01 7.789969645602898840e-01 7.489330951644115331e-01 3.057843149696793938e-01 5.779493627341747430e-02 5.169883158297877701e-01
8.937533526305114773e-01 8.179924199444532640e-02 7.461805552946803033e-01 6.465715826238539465e-01 9.377835663177441772e-01 1.531424662450870944e-01 2.232136999687701628e-01 7.984302257249700219e-01 9.675876916285879314e-01 1.217298352905251679e-01 5.114276087826652439e-02 3.889244097111708154e-01 7.576976747768392473e-01 2.958362964190819344e-01
5.414150135298079203e-02 7.085844474187192876e-01 5.385055533262943506e-01 5.516498409582740736e-01 6.890496469938672819e-01 7.850238889076796012e-01 2.484374826486601684e-02 8.816775351541878969e-01 4.682905471245382145e-01 7.550855033379093584e-01 2.781933190797147848e-02 7.517666136960882151e-01 9.435361622873589260e-01 9.132079293856624203e-01
2.278659998036098866e-01 1.747709886961225090e-01 2.714385850372217357e-01 6.191934935407568119e-01 5.229858344193760722e-03 7.041172651668344828e-01 4.411275258611098149e-01 9.558901010682913091e-01 9.928828625865840918e-01 1.241792588157117905e-01 6.270805042259267603e-01 5.316177996109777704e-01 3.336995730571690189e-02 6.030523116181727428e-01
1.962807276528399925e-02 9.713050401212600660e-01 1.000410870693515530e-01 3.963095860347410904e-01 2.140901763336937602e-01 4.926896343065433337e-01 9.683471378057227907e-01 8.850266554777174166e-01 4.345138622581194987e-01 6.775005142867515096e-01 9.788091948576662649e-01 9.464761956017059275e-01 1.385492302269760723e-01 1.475296451161893785e-01
1.590066504058285091e-02 9.042265435854918154e-01 6.129772741010069970e-01 1.305599451937242694e-01 5.729882950419313836e-01 3.355843086746692627e-01 4.192192081853866048e-01 3.953201639279849688e-01 3.073301668174251988e-01 6.808592355349101233e-01 6.141657274941503264e-02 3.753175959974698328e-01 4.139882208452277945e-01 6.206746348811684744e-01
9.911585025758375966e-01 3.972204811879231912e-01 6.379126596588955422e-01 9.217498870680056466e-01 8.710495804133747688e-01 9.602388257538657657e-01 4.676180389834544426e-01 9.833400954368173297e-01 6.562525052106371604e-01 4.484609222567703668e-01 3.145848149772891844e-01 5.315866243839342253e-01 9.386675040038969797e-01 4.575972544902421335e-01
6.352356561143468472e-02 6.741151465499624074e-01 9.652381852638558524e-02 5.688511759186867245e-01 9.423130944537720932e-01 2.920472224893834179e-01 2.581323471705054828e-01 3.858787411553090685e-01 4.667121041582543706e-01 3.203434120784582895e-01 4.570725612878614452e-01 9.729736325084437087e-02 9.015272807823311307e-01 6.446621263859120265e-01
8.735129582956576710e-01 7.490212568821595918e-01 6.608360652095148779e-01 7.163807700300520720e-01 5.263291714901230378e-01 7.444663908646517170e-01 2.735518830222789521e-01 6.897239143308451226e-01 3.422482063272136443e-01 6.805274743630174150e-02 5.704760197726632676e-01 8.241942614035289161e-01 4.996101007953656081e-01 5.871345824195439711e-02
7.360375190286659874e-01 1.759813223925407177e-01 6.538434962658105087e-01 3.741833243590636515e-01 4.670369011160113715e-02 1.688035191950393310e-01 9.667730593257226612e-01 5.221533437315579729e-01 8.708882803873152501e-01 6.594111724963800381e-01 7.359801011067746979e-01 2.287787585978350302e-01 3.554570831771809436e-01 7.337053980318254398e-01
7.260306404081278142e-01 2.764021473693019093e-01 1.032103754364455117e-02 1.350079577193452618e-01 5.861559021273777814e-01 2.004167000791686748e-01 3.428540203162500077e-02 4.615638869134804922e-01 7.002474763577570815e-01 4.499928259364660565e-02 7.069159771242066181e-01 9.383086080115305982e-01 9.261454102795966259e-01 2.281859979046551024e-01
6.859264854099741404e-01 7.711256357237983305e-02 9.132951313933614923e-01 9.585590644145365324e-01 8.750055639443620192e-01 7.532808812451630143e-02 2.076624873543960748e-01 4.595932088969156837e-02 3.950408502397002586e-01 2.992072160535044212e-01 7.204681669769699148e-01 9.388683839148754817e-01 4.473057089501664141e-02 3.453494227329688693e-01
7.674271264711498564e-01 3.613859423687648675e-01 5.281469542138294004e-01 3.608594758325175400e-01 5.171055139012893376e-01 7.833457671743215833e-01 6.728782603661078721e-01 5.251317894143960885e-01 2.750880832867550474e-01 1.704770454819258818e-01 1.554230306401399586e-01 4.098934562838396634e-02 8.026716069874884063e-02 9.540058595012457232e-01
1.927383388865817615e-01 3.907786641508661507e-01 6.128837448157844481e-01 4.236026902177965070e-01 1.191439369421848360e-01 7.170893663776057858e-01 8.636996669412755345e-02 9.371257227046366767e-01 4.501438339863087501e-01 4.393490124776588956e-02 1.410016723020883767e-01 9.818032045954097065e-01 5.060074360823911821e-01 9.924179006570637007e-01
6.384775720264121990e-01 4.522589652989107423e-01 1.010287748682147102e-01 6.771527552428248109e-01 3.680952487189342870e-01 9.663237001985078845e-01 9.718049455353133803e-01 2.797055090182460901e-01 7.588561281534667025e-01 9.298072838691759934e-01 6.951637098958507455e-01 5.221836636653883756e-01 6.596274305578710972e-01 1.610825712538165311e-01
5.962136300586443616e-01 2.847056767102439379e-01 3.801454810926616634e-01 3.631995745534831732e-01 7.347128999215872813e-01 1.051706044822691144e-01 6.829653912417339434e-01 2.813111584380081354e-01 4.230475359946324065e-01 2.418160093123814525e-01 8.694058394737709250e-01 6.513356359426458742e-01 8.613948261025264896e-01 9.900478865645386817e-01
7.662984723779573404e-01 3.988292841261897870e-03 8.392694624110076385e-01 4.602646007366351100e-02 4.571876570450850163e-02 6.213748719527155684e-01 1.411134192680651989e-01 3.295956511129465305e-01 7.900963985603007833e-01 9.661021414579783473e-01 8.153134197584734899e-01 5.208008322538737467e-01 8.595891318194159858e-01 6.909297215689107485e-01
7.767312788504803223e-01 1.582130162226497161e-01 5.464415999517058253e-02 1.207918715865746728e-01 8.123509473762863253e-01 9.541976408256813702e-02 7.280929432119912503e-01 5.658152542735823687e-01 1.105822501253017620e-03 4.017272394928150803e-01 4.445561076828437042e-01 1.027696696587188097e-01 3.570908423668819331e-01 2.039728291797641146e-01
1.064352506790489095e-03 4.584913656246818459e-01 7.426044912948553955e-01 8.253624280049343120e-02 8.052507205572780880e-01 9.051782786610074183e-02 8.185040283790290250e-02 9.030752107122738126e-01 6.976864966881666241e-01 1.765203775604272662e-01 7.106011799923824812e-01 6.240543179895997605e-01 4.789842817263063601e-01 7.020501213269514373e-02
7.049118593459494653e-01 8.769869649052088878e-01 4.702159780390228194e-01 2.671843703764267275e-01 3.702205443071422408e-01 1.668041656036950426e-01 8.681175981341560099e-02 7.094964486359760514e-01 7.474450069018828691e-01 8.220759490734004249e-01 4.609094807144559214e-01 2.577463556264731892e-01 9.344323325872271324e-01 7.527953686740720407e-01
2.361183217297790904e-02 6.546701081748569351e-01 8.404300322437949777e-01 7.166937865071110192e-01 8.191017202712982392e-01 1.894516657891398559e-02 5.784019831431689296e-01 9.041961297488551041e-01 1.470305354595220493e-01 6.619368303542272347e-01 5.405667578706335741e-01 9.192554369269223535e-01 3.590524646501469519e-01 7.771832917873219282e-01
7.465263979153248242e-01 7.851290928842679095e-01 9.167726570418273102e-01 8.929020349743498342e-01 9.920501853695676830e-01 7.555108139686590452e-01 3.128588828414013978e-02 1.142575503768968881e-01 7.147927080782700004e-01 3.592189636758281734e-01 4.042422124211170198e-01 9.644087696701511003e-01 1.217182301233181718e-01 1.020063362169415511e-01
1.091996698793620268e-01 9.586877795102876076e-01 5.503132578371559003e-01 9.553747768644498262e-01 9.294657378150171789e-01 9.950704367959853913e-01 7.827293904023568949e-01 8.936344638191869860e-01 4.410479166365033343e-02 7.329431345555900146e-01 2.526909022678629491e-01 8.761070857355871544e-01 1.693192282224925682e-01 2.610037807746599103e-01
9.177335516023910067e-02 7.518121485874161847e-01 4.691023233520361657e-01 8.225239120287568539e-01 8.764121810984318861e-01 6.854514677848440041e-01 5.913626439745977015e-01 7.774099171695143529e-01 7.230064418079520383e-01 9.378368928340352628e-02 8.416028994011971465e-01 2.749651368262304718e-01 4.717005913937563077e-01 2.059508159848680853e-01
3.616342316765284171e-01 6.379661681763423298e-01 7.074783515295413050e-01 5.205600528358217405e-01 3.696285225987747669e-01 6.293140706952805585e-01 3.979224362136333237e-01 3.554758894696168348e-01 9.270581124250834026e-01 5.790310161348599660e-02 9.286947601121150475e-01 5.769576939620146838e-01 7.783866520557602975e-01 2.405008732117742687e-01
7.427643072752596609e-01 6.784010099671194949e-01 2.155698613477708969e-01 9.815378797355767126e-01 2.621754160190613581e-01 8.046089323995575526e-02 9.309916874401993336e-01 9.817690654063152556e-01 8.819446517795770379e-01 7.648526083339411974e-01 2.620677591612063928e-02 3.153922964355430070e-01 2.330485187230075805e-01 1.793576233170601775e-01
4.599051004698267997e-01 6.942500305162542240e-01 1.568268136416602898e-01 3.956571745837029752e-01 1.501597815292413651e-01 9.270865452360692593e-01 3.468784750441005205e-01 4.262081829302267755e-01 1.868080981336270874e-01 3.353447639219955256e-01 4.530389909878962396e-02 4.966286312157339733e-01 4.442769177783102430e-01 7.630996478390338345e-01
7.342222127556915501e-01 1.189639055054358963e-02 6.330217819239616350e-01 6.803121024872227363e-01 6.036340560583511872e-01 5.745452295357478256e-01 7.087423201399642991e-01 1.033307119340576286e-03 1.344067826324532033e-01 5.978843200612826703e-02 9.662643626432931843e-02 9.346573184489869179e-01 5.747085241407976497e-01 5.699378835362645113e-03
7.984177272033692319e-01 4.769379388226258065e-02 5.354763914234605959e-02 8.900586215315413607e-01 2.544204487674894821e-03 3.100322449725544383e-01 8.055928343020046789e-02 5.823954023262685187e-01 1.041000679494861192e-01 6.115923480282756675e-01 9.954685053162638519e-01 4.273095736540758471e-01 2.506732066216219579e-01 6.019917105454739570e-01
2.434440683368933600e-01 5.371743027745234933e-01 2.869809017816394858e-01 3.572560464349162634e-01 6.043241574781733627e-01 8.161773271176532285e-01 3.097212243827984768e-02 9.097313441961897285e-01 2.715319959926604243e-01 7.457354785477514625e-01 8.594103462868141197e-02 7.697198974814725148e-01 7.201809633603024619e-01 9.563496941730738055e-01
3.912292253552367427e-01 2.089014883709527926e-01 1.147387015135847843e-02 2.894195195425426359e-01 3.180147379566042876e-01 5.681769145378963159e-01 6.382654928965962871e-01 1.908248286999219001e-01 4.485646783127288373e-01 8.010283606899735176e-01 7.806753644559151217e-01 1.384454269637059864e-01 5.641904688585489547e-01 4.947257889318207313e-01
5.535322736109852260e-01 2.637053247916856247e-01 9.011422070970340759e-01 3.228816795559719122e-02 7.507542332298345888e-01 5.677367413993461565e-02 1.742287521387891891e-01 3.941703646618669454e-01 3.556614250129922494e-01 2.426349655093482660e-01 3.673824275288202212e-01 2.864633461009569171e-02 4.584459379465098960e-01 1.406323887931553163e-01
