7.432967373739545192e-01 7.040742703942372005e-01 2.054193470732706972e-01 8.494204898054479314e-01 2.914510472202451741e-01 7.599974167699268257e-01 4.190884688337546127e-01 9.437778770883501478e-01 8.398748735897749729e-01 3.477460226552806510e-01 5.008319947585415655e-02 6.637516250373961535e-01 2.163537985964197885e-01 7.118222689167414963e-01
8.100057472301116501e-01 1.401149024851968683e-01 5.513562233742335117e-01 6.271291131265107621e-01 8.298752559493975944e-01 4.920719965216318048e-01 4.834998846625137014e-01 2.070215394727432656e-01 8.066344865692168797e-01 8.818485186789182251e-01 4.158271592440845321e-01 2.011011718068156373e-01 9.798892127378910910e-02 9.045069379211321259e-01
3.719426511680430369e-01 8.426238467763942364e-01 4.914633422917340511e-01 3.355737593081145054e-01 8.334382170307731430e-01 2.376260209972048676e-01 3.972432919816819563e-01 8.856405089649256324e-01 7.185079056903171946e-01 9.766973478998820513e-01 9.952901293474236688e-02 2.145717218600416976e-01 6.640827367367004852e-01 7.021775931608653654e-02
1.682710894683479008e-01 4.891404208173412149e-01 2.857963059778834136e-01 6.543665900103596833e-01 6.695674164441012266e-02 4.627212916457595915e-01 5.597997823161375841e-01 2.798554144175045000e-01 5.958845722047897420e-01 8.113918592887711112e-01 8.912295918874261202e-01 5.954854677389321838e-01 7.420618472498641260e-03 5.601607222310472922e-01
8.794568550862121858e-01 3.115154829826193295e-01 1.051781441877154277e-01 9.154359671418308420e-01 9.232111267933931220e-01 8.277031942951406096e-01 1.799541136634498217e-01 5.389545749617635773e-01 5.958215693525459322e-01 5.157648067996449814e-01 1.127374786548366314e-01 4.864233079228472700e-01 5.495147319602675662e-01 4.857005653907623399e-01
9.378752646782030356e-01 8.692576961113041012e-02 3.878884411582411706e-01 9.223068109294003669e-01 6.436738130916219713e-01 4.618150047858363694e-01 3.954499357939997850e-01 1.793674829915252733e-01 5.805068622578333226e-01 7.572741860005464121e-01 1.346145789742940746e-01 7.906617392760507679e-01 7.241058521645326040e-01 1.009838772324658240e-01
1.032387353115992168e-01 8.377399365898432482e-01 1.892889653503748715e-01 2.118126068749998092e-01 1.716819820895717497e-01 7.266207856679173238e-01 1.527480597528466655e-01 9.226985495456800912e-01 3.804892274771347616e-01 9.207080345177587333e-03 9.562222188118237876e-01 4.232546437349170576e-01 7.642375027765248019e-01 3.654195659600366630e-01
3.839588981136029533e-01 2.900643670994380585e-01 6.022982809331667298e-02 2.146971119674623285e-02 1.403815569619523140e-01 7.771064881850192618e-01 4.369324557002238762e-01 3.377445709411541763e-02 1.005126385913867049e-01 3.883286208731492328e-01 1.627038670265890108e-02 3.476796955502625686e-02 3.225878789033188587e-01 9.385255374967685915e-01
7.762831323722659826e-01 4.660100347661686460e-01 7.227507487576856349e-01 5.370554595755265836e-01 7.560938822872509402e-01 7.633677173601732813e-01 5.947493667284906582e-01 9.492266526455733766e-01 3.771290323571471204e-01 5.537736752529288653e-01 9.288105117431351143e-01 3.560818053498395752e-01 7.573044255779962652e-01 7.739773235937503770e-01
6.127429644147237564e-01 1.608066128691776342e-01 8.388810343625886512e-01 9.931884063659780493e-01 8.954332483068848658e-01 9.778530079875137337e-01 8.655440055330974047e-01 3.969857448632103658e-01 2.769806250581764440e-01 1.005283387588933319e-01 2.850147038097021746e-01 2.895469390693606870e-01 7.403266720837305970e-01 2.303011068105401682e-01
1.091520501284781730e-02 5.028538574119896243e-01 9.229727968773231428e-01 6.834020635505859698e-01 6.982135296822575832e-01 7.817852676002163825e-01 3.866029942900489624e-01 1.018832178983052339e-01 7.097647603618707501e-01 6.933506125280829435e-01 2.789820299326460917e-01 7.463559059296676068e-01 9.419714156662983839e-02 1.552240808418992035e-02
9.829677510311211064e-01 3.812108845613901842e-01 6.504633624152666993e-02 3.534488137955221765e-01 3.545465254511283026e-01 7.686319873971962924e-01 1.131536848495949821e-01 6.939726819662401791e-01 7.286302761216212343e-02 7.478243626684888401e-02 6.239210388164299070e-01 9.678138829252205255e-01 6.142122273406940280e-01 8.634860959994692386e-01
3.012387239076997902e-01 9.107345444582858329e-01 3.975115286696495609e-01 1.303026211739385376e-01 8.308445115853918539e-01 3.093954026888495745e-01 9.341804625469294354e-01 7.664051184132550931e-01 9.709955209580409807e-01 3.798662898907283481e-01 4.926911884338941450e-01 2.204698422236817112e-01 3.783034153425537394e-01 3.504198312455345521e-01
3.728199617085697914e-01 6.616092587320242524e-01 2.198424815503420282e-01 6.916887169419293491e-01 2.435139302978833742e-01 8.652543779225141396e-01 9.026751638209548068e-01 4.387481731518259043e-01 8.424377288748380321e-01 4.874842041193783171e-01 3.777489551425938785e-02 5.233969930671013016e-01 7.459558104402685963e-03 3.039657013213282744e-01
2.231286932651326271e-01 3.620574695334203286e-01 6.780847878739305612e-01 1.031602946282003108e-01 7.383819837270911846e-01 2.981373799930144841e-01 6.231254372536653152e-01 8.873294037870793627e-01 7.408661044071479518e-01 1.600738473556685415e-01 2.362537793632573102e-01 2.023262276644184343e-01 5.785364784592704757e-01 5.089455983825603713e-01
2.368990687961222141e-01 2.605707690569525337e-01 5.378935713839305688e-02 7.489868373194874529e-01 1.939709688630227857e-01 1.098905362505269157e-01 9.492321562625755105e-01 1.753391245356946682e-01 2.770728758275797787e-02 5.329535605100856888e-01 1.918513173876487121e-01 3.785206637057145773e-01 7.994899483691449982e-01 4.055105445785520679e-01
8.712489763353784555e-01 6.186342209833419759e-01 9.507576708126210807e-01 2.704977493543927469e-01 9.427049238277576126e-01 4.653883710061099688e-01 4.161789088344146625e-01 3.654963289555959172e-01 3.125740413608384394e-01 3.511492843026496891e-01 5.062665895738702737e-01 9.279270114730276964e-01 2.708755784803984490e-01 4.084466237706586567e-01
4.071445512847234882e-01 3.539027112003312325e-01 2.606084213183338383e-01 3.936582423101353534e-03 3.679444214065451524e-01 1.732883772439000047e-01 9.515172198489553201e-01 1.248512393951275445e-01 6.362599565624323938e-01 4.065894404145239394e-01 8.960364442488313319e-01 7.485307957442659532e-01 7.387709632160035511e-01 9.094696432438093003e-01
8.496410828276611538e-01 8.025238964713626855e-01 7.798196338713082598e-01 2.988363620746656846e-01 8.601861702938115029e-01 6.309731824229598551e-01 6.931142665476673903e-01 5.020679738939664016e-01 2.270255220065576784e-01 8.870064790832962176e-01 5.114519881951787861e-01 1.378900013435012673e-01 5.970699343928275171e-01 1.960722425830282445e-01
5.508316566149429327e-01 3.089974388222900270e-01 3.829005085656081997e-01 9.493362934570316325e-01 1.335895677549278071e-01 5.800968032603641689e-01 5.728035830612958623e-01 4.695666581599201583e-01 4.047201893426743968e-01 3.824188095129518183e-01 9.990891129437179385e-01 6.100063097570921355e-01 6.783276366685137004e-01 9.905705397405257795e-01
1.447849589970602313e-01 9.331080703746000848e-01 4.326236638226244047e-02 7.903276530429628188e-01 3.698565877489199405e-01 6.894044950404345506e-01 5.075847011545731036e-02 1.448903693644846280e-01 4.770119750008490200e-01 5.283970901277937893e-01 8.284411697029818722e-01 6.287103541420724362e-02 9.080498399890840622e-01 1.359653887002699735e-01
8.500227714056320938e-01 7.452219695080875006e-01 8.227444976605449156e-01 6.772936926280875847e-01 5.985324045178236352e-01 3.562534393185219361e-01 1.644648824403832643e-01 1.813230150629636661e-01 9.770898837819819160e-02 4.362917867462069443e-01 7.754659123877664095e-01 7.942332478942674134e-01 8.150685838904240255e-01 1.819145627755061057e-01
3.977803033508734432e-01 9.592345623168297974e-01 8.328895002247368451e-01 9.122309030098063598e-02 8.716533045409067260e-01 5.184328217693523477e-02 8.354584524063557449e-01 4.817122187114432075e-01 9.113044400328704775e-01 9.551075985753588737e-01 4.813758798090121971e-01 9.493200395243708289e-01 1.975609533324551581e-01 7.443717241722275224e-01
5.601828174651057868e-01 4.922900339590358110e-01 9.929306080694246806e-01 7.769980606656846644e-01 1.523052368712054516e-01 8.957826060513170985e-01 1.815553003510610441e-01 4.329447810962546717e-01 8.855572955034499705e-01 2.208923140043747013e-01 9.330088640017252244e-01 3.518436466081030778e-01 8.301582544735650604e-01 5.544762607707481861e-01
4.514897309556502591e-01 6.378024155537306283e-01 9.086722286769478574e-01 8.115461995686905627e-01 7.784684197477168555e-01 8.167603416628717028e-01 4.209630953871849046e-01 1.749537596875584411e-01 5.929948924573881230e-01 9.823299427768297232e-01 5.708392385153375770e-01 4.152682012151964752e-01 4.659212708952574777e-01 8.570059196912408472e-01
8.783987490648681451e-03 7.587983700722829017e-01 1.777560222961926950e-02 4.827552021145040673e-01 2.947486560517895704e-01 1.826469328684218185e-01 7.100691200302258199e-01 4.711269289235818780e-01 2.988326550209642329e-01 9.553787478322262050e-02 1.737650567942079505e-01 3.129931426623673296e-01 8.700581210934476006e-01 4.638218038041005409e-01
4.491176679305051156e-01 9.013297148179281182e-01 2.561117985059975233e-01 7.174835334237501527e-01 5.321686110722337881e-01 9.066289216656673311e-01 7.295255122422105165e-01 6.817996113210882392e-01 4.761104392091757287e-01 1.158945280067547046e-04 3.538392540242483175e-01 9.916489556739882527e-01 5.477247363959666382e-01 3.385438104924752833e-01
2.482683248417304478e-01 4.321374060302829445e-01 5.403658577944384644e-01 7.777072421696422655e-01 4.219392314458184634e-01 4.970262578801251108e-01 1.537550497884632161e-01 8.267903897276385194e-03 4.614049068756936878e-01 4.291874592090550999e-01 3.738564984267281899e-01 9.485376383992634164e-01 2.790759527293174003e-02 5.077451084825346239e-02
7.616551992211125777e-01 6.896764198236025045e-01 6.970178730871134931e-01 7.902411370182691464e-01 3.173688504080200978e-01 4.700122187391698736e-01 6.606687087327952623e-01 6.599556975786208257e-01 5.518260798547589552e-01 2.363987216862908358e-01 3.307181328069007664e-01 2.877735983992213420e-01 6.460227041197138531e-01 5.734581919551711149e-01
6.321005081640583834e-01 6.884999136253912022e-01 5.572320793336887901e-01 8.718687978153005780e-03 6.428207369795978510e-01 5.040704337749800645e-01 6.099919536263699316e-01 6.432719511501618914e-01 1.979308066939675648e-01 4.766234835596407926e-01 1.703848251702509975e-01 4.675740856649469590e-01 7.685167747088814671e-01 8.612072497737245369e-01
4.766520274665819734e-02 8.134173197455496496e-02 2.654098670047280173e-01 4.660381688057791960e-01 6.041062342007306185e-01 1.466661382495686450e-01 7.985610012749932984e-02 2.186376477810494379e-01 4.257627911890523587e-01 7.992152922485616928e-01 2.649855263734547384e-01 7.850602461857176806e-01 7.899260823777309870e-01 2.226670913351711523e-01
2.576027014856199227e-01 9.520900189765901800e-01 7.944279392265456430e-01 5.769065702976109433e-01 3.737361371637950569e-01 7.816317246328378099e-01 8.842623194545420340e-01 5.282931186124968370e-01 5.652496031245169972e-01 7.953588527197558156e-01 7.809082661192411345e-01 2.956362115138069235e-01 5.447847035164973262e-01 9.037957455458671685e-01
5.162383242146106888e-01 1.593501570126378830e-01 3.457039246671813615e-01 6.677788188372708600e-01 4.540273958907992125e-01 1.692246900548052269e-01 4.844757191925752604e-01 1.156733094960940011e-01 4.898647929095922837e-01 8.566726731000118278e-02 8.266685864213382251e-01 8.736848759439970191e-01 5.165504187341715125e-01 5.910578718739968318e-01
3.566771384925337962e-02 3.636750588811366036e-01 8.989946690920679329e-01 6.041990001790875642e-02 8.227468921196350315e-01 9.028520404707415237e-01 1.557570908250606179e-01 1.105998294881903599e-01 9.943086541258184807e-01 1.350793727154471213e-01 4.753508921661993014e-01 1.561871126732825577e-01 5.340716560422787973e-01 7.583199762308644454e-01
3.125647662734309939e-01 2.367880700232036784e-01 6.323591327551347785e-02 5.890058319258872910e-02 5.908340522762484115e-01 4.612075001690293385e-01 7.482764218329276407e-01 1.293714328245457734e-01 2.328110338169425697e-01 3.575870915990220222e-02 1.581436767028864265e-01 6.743817577790814921e-01 3.303356697866188796e-03 7.726643833480465462e-01
4.510637241602655223e-02 2.283055632265543755e-01 6.812176356523315102e-01 2.796817040318583247e-01 3.043553035434901632e-01 9.946673288280789560e-01 6.284628008736711235e-01 5.613849424499763874e-01 8.083786690615099024e-01 6.945780814953438353e-01 4.140533696903359040e-01 8.895839121143334083e-03 8.457865151257789593e-01 8.993788601414159922e-01
2.807018654367143817e-01 7.434718264077564420e-01 9.151623872991515585e-01 3.045276585406407888e-01 1.670233448878304383e-01 1.301712739363136695e-01 8.385726536672842846e-01 6.726751395777322839e-01 6.891753735608971976e-01 1.014561337107440231e-01 9.070976132174939366e-01 5.345130068487653485e-01 8.723100291550167640e-02 3.550962112655853264e-02
7.187407457753440809e-01 7.446308288971278389e-01 6.395942786708175287e-01 8.256996315330810132e-01 7.784658883086622572e-01 3.899148523809959910e-01 4.543832061153921797e-01 7.898108859741017618e-01 4.829917880956167142e-01 5.755913844051202544e-01 5.919351236146703776e-01 9.307622528440978593e-01 4.872953370637922443e-01 5.747684465335576309e-01
2.185907462650940047e-01 8.668229980831124726e-01 5.178611816014819791e-01 1.000146820152244542e-01 7.578097599206599089e-01 8.537996423030795867e-01 6.405683520456140201e-02 2.313647774935952972e-01 8.366505587175963043e-01 4.755637801034729994e-01 6.444212133625795147e-01 1.730042902486885747e-01 2.904743760942165576e-01 2.842075564741833871e-01
1.393373365887073945e-03 5.869397903901443225e-01 1.301073038586858521e-01 7.293466444311025310e-01 6.171384602671124986e-01 4.074625736656225516e-01 1.757760903666463204e-01 4.177284251147884708e-01 8.745140208368683554e-01 8.599681000791981056e-01 9.363730028927891302e-01 9.297686559354225722e-01 7.796747206746296177e-01 3.382503251345790884e-01
9.339502148405344206e-01 1.422566267638477600e-01 7.984417504488167117e-01 3.535432631797920111e-01 3.232408383214602221e-02 7.852127181791613841e-01 6.302291309296623734e-01 7.139741448120281442e-01 5.323248580198149948e-01 8.894599514410866936e-01 7.317042519031907721e-01 7.621639928587753410e-02 7.804505513854909093e-02 7.553816082091879824e-01
1.246118762201265939e-01 4.813401405616373196e-01 7.320511561000426770e-01 3.685126222570772603e-01 3.101076861321259148e-01 5.031158249688907347e-01 3.681620622283662270e-01 8.274226336137313620e-02 7.704776592945834501e-01 6.991136254109964199e-01 2.445028942221384449e-01 1.450091095675845043e-01 5.322226965404273091e-01 1.257298921726440755e-01
6.520643850489014071e-01 1.987325538932505076e-02 8.879056619447514009e-01 1.859162731977750393e-01 9.738882673185432770e-01 2.465307229497628594e-01 6.329576059735348981e-01 7.524980608268372340e-02 4.565201267577111421e-01 1.721180456803520498e-01 8.674464666039970462e-01 8.515697455063042653e-01 5.573884941155378137e-01 6.240631808738426045e-01
9.632142744507887766e-01 8.645513881728067451e-01 2.509075873305762761e-01 8.404851316238860504e-01 8.516992059338065468e-01 5.589238900017415856e-01 4.194179777376052520e-01 4.846566535920662222e-01 3.740480318562497963e-01 1.231670996099860638e-01 5.728734237132735441e-01 4.769829871447675007e-01 1.930127473239876545e-01 1.195253098357901278e-01
4.374780994594242856e-01 1.296460388390727747e-01 4.767342172343479456e-01 3.150211404293949968e-01 7.534940326278746214e-01 7.128430758098390774e-01 4.855812691128965630e-01 7.235354817532821947e-01 9.537411543299556538e-02 7.038280315847559310e-01 3.325317778179631700e-01 5.043009339866050267e-01 3.503248669776007906e-01 2.975309619111922155e-01
2.856220565379223864e-01 5.757133126573121817e-01 6.855203412807797658e-01 3.944272227221274907e-01 5.930356798033941113e-01 8.862417869322858355e-01 2.953362252033675528e-02 2.470075869975835170e-01 7.852422950199199336e-01 5.023081368339922248e-01 2.472567602851729607e-01 5.355271988445908793e-02 1.868738619395202694e-01 6.651396150788696504e-01
6.466000122134097916e-01 3.517928433987479453e-01 5.968460540939422021e-01 1.253955633070708009e-01 8.622649449302041136e-01 3.847369681785239859e-01 8.396120129526466469e-01 3.457474483931757270e-01 5.195440561025290727e-01 8.661254103017905770e-01 2.281527300987740148e-01 7.072168003296157579e-01 2.605392782310971267e-01 9.784434475880452453e-01
6.802439300962088709e-01 8.540616774199683015e-01 7.027994574281271056e-04 4.932894583441479464e-01 6.431371593663572916e-01 9.146991687099893520e-01 7.921989211046807089e-01 9.168078207131536983e-01 2.442991237914257097e-01 6.074358888729842754e-01 5.807543113638961030e-01 6.962005665548918198e-01 5.037741565200093419e-01 1.761155486275455262e-01
9.362387910800922253e-01 6.590992069518953889e-01 2.331281659977277876e-01 8.222199889613549528e-01 7.991055403009872382e-02 6.832872034973408448e-01 4.720616087258455718e-01 8.054397001143341894e-01 8.791490399648865806e-01 2.270959543630849398e-01 8.927342845874375321e-02 4.483968521027077436e-01 3.685958748890058034e-01 9.352458964699650323e-02
5.261597887742341939e-01 9.687210654469748938e-01 2.720022396331239767e-01 1.710022442634733242e-01 3.322765544849342056e-01 6.437592007381001125e-01 8.153991236349156235e-01 2.502382281535221464e-01 4.861463081973169675e-01 7.062023835933198823e-01 6.006527731508627399e-01 2.935966659197553064e-02 5.788554105246601633e-01 1.045615171044311786e-01
1.840734063881336313e-01 8.799731507686910925e-01 6.900160579653135118e-01 7.384461865249686285e-01 9.097024446038715073e-02 2.899805338883856276e-01 9.492603383505332504e-01 5.298131153455842846e-02 3.381342715056356862e-02 7.559867377368807428e-01 4.052325807017997938e-02 5.198016083284281441e-01 6.515915570110517585e-01 8.429753162566056002e-02
9.888917433524724299e-02 7.201955014850658365e-01 3.423605220634040602e-01 2.765954674221285936e-01 9.078195547848852964e-01 1.081462825582109044e-01 2.601642659779269673e-01 1.416848467922044996e-01 8.353636136604245532e-01 1.446086205678558390e-01 2.119305918753073836e-01 3.033831539578832892e-01 5.490845417892852298e-01 1.840269039587438815e-02
4.803491092191897183e-01 9.098081506421680231e-01 4.993387762100333083e-01 4.206172013495527162e-01 3.205472057361258287e-02 9.068909026929994344e-02 7.326195246179123544e-01 2.137800360130113209e-01 4.719761223172475040e-01 9.263172958270472490e-01 9.538561538818940422e-01 4.395598989345924634e-01 7.642472411309323421e-01 1.914097413452611196e-01
7.718795719531192923e-01 1.677200303651360525e-02 2.042501180391295135e-01 2.460354579027812516e-02 9.431633111349515541e-01 2.503806121858888067e-01 4.629160131325149585e-01 5.651662225933129502e-02 3.267789307858184333e-01 9.406948867299137484e-01 9.370307346549086036e-01 1.234035407466060885e-01 5.428750413045115852e-01 4.212215560270863302e-01
4.989811604513219034e-01 5.635043770854640810e-01 9.833614066903759721e-01 8.944297077970460030e-01 4.524164708972883142e-01 1.809795841667269922e-01 4.332851315363580591e-01 3.488459740643323759e-01 8.155259822600232633e-01 9.805383115165954289e-01 4.657082469423893256e-01 8.289598507437773156e-01 5.664850913649074338e-01 4.918974948571308570e-02
3.286807831415927694e-02 5.377269207358670311e-02 6.165271644990771849e-01 2.611101132771674882e-01 2.595253081344769397e-01 8.858835129729062396e-01 4.994483180108008069e-01 8.486940119022712281e-02 6.614692252254954496e-01 8.232457451355331690e-01 2.686293901100706982e-01 5.417229535761628467e-01 2.832747023152002441e-01 1.668279346087964132e-01
5.812624128476201468e-01 6.769030842618146693e-01 1.026137694887191421e-01 4.750126119423973003e-01 3.948135640325289852e-01 1.982167716666801693e-01 5.703078706345371396e-01 2.118344223372067292e-01 2.893017464662872573e-02 9.891923139263583131e-01 5.658365007764252219e-01 1.355416622537990445e-01 9.721994740830064430e-01 5.750607788459730640e-01
4.430759460443136621e-01 6.328949958706474588e-01 2.359260310287873974e-01 2.601266878005692451e-02 4.588338357759166319e-01 2.613275697462934533e-01 1.858150734759114187e-01 1.312556261301859317e-01 4.394351740242429250e-01 9.825023369265282192e-01 5.023575456391912164e-01 1.684348396977745077e-01 1.350237070983129062e-01 4.244282113258208700e-01
5.797900564491976771e-01 5.961619909795340400e-01 8.813380241494800371e-01 6.338159199173368785e-01 5.805263141543146599e-01 2.583096489985891031e-01 1.102808406717851186e-01 2.276748098947276588e-01 2.215550678493863890e-01 8.000217603932885391e-01 5.866519017978611972e-01 8.781361010048251980e-01 3.948453607145538946e-01 6.453040649891994551e-02
1.620984930224278475e-02 3.022952971501075004e-01 1.130991825464012779e-01 7.086049474905737888e-01 8.512391512967228957e-01 9.524685433745407881e-01 9.296271088153803541e-01 7.802872196039766228e-01 4.368115921956261527e-01 2.778810643917059009e-01 5.637875095063856756e-01 5.608362812140510467e-01 7.019376718793006731e-01 3.696756409312312863e-01
5.151366726713419997e-01 5.434428182017799758e-01 5.636553018437338025e-01 7.458993189843854399e-02 6.344182761377048507e-01 4.170422963192678134e-01 9.985830249104911127e-01 9.179445812876493305e-01 3.054107007246339434e-01 9.759611546014855810e-01 6.891213210711503168e-01 2.909806523215057172e-01 6.867663491780879870e-01 3.239433848124173565e-02
2.786891973266486522e-01 7.227468885447477787e-01 1.139030748645850633e-01 5.710301405347103509e-01 7.693990890271033001e-01 3.582870754820887127e-01 9.299730629905762491e-01 7.731719071168742241e-01 4.189004711275579051e-01 6.649145165011982606e-02 4.039127385148583160e-01 7.471554072191655127e-01 7.154993086676785241e-01 6.851702011291482819e-02
7.170076630739327106e-01 8.159054564145475918e-01 2.515473919157246163e-01 1.556146340676011208e-01 7.405897723704866209e-01 6.391699432108378653e-01 9.624153968827698913e-01 2.206230228638352830e-01 8.836119836453992793e-01 4.213530443689972316e-02 6.217141637899112894e-01 9.344500085229577868e-01 6.841603701422870332e-01 9.296630555812408492e-01
7.396165438983507423e-01 1.196179382434481298e-02 4.472057410107136421e-01 8.162429534334688652e-01 5.942367637190736351e-01 4.725630588665815646e-01 8.398648819137688459e-01 7.090135053424965195e-01 5.659089528035096128e-01 7.401609974193253949e-01 7.911683289071268499e-01 9.764085227169071457e-01 8.097854119522762684e-02 5.955936449220557982e-01
3.123155749545506454e-01 8.849509678152561731e-01 8.727881212056431970e-01 9.272159615060193705e-01 2.647569865433054837e-01 8.356034412191828409e-01 5.733737519411208350e-01 6.736497485118698725e-01 1.756376885506873986e-01 3.307954502949064235e-01 4.228492437848273555e-01 9.664660079133301496e-01 2.185038847433236064e-01 9.111335491560208499e-01
7.978625077007911459e-01 6.113612117936931822e-01 5.964130753347490765e-01 8.138369112779065828e-01 7.629937065154934750e-01 2.556206086456637161e-01 8.069307808368814117e-01 3.038218714757902061e-01 2.193972429650514755e-01 6.207499639804985314e-01 3.919877340970849833e-01 6.635576089274635159e-01 6.266511966391207222e-01 8.419551339676145663e-02
4.133237073193970490e-01 2.313110153029793725e-01 6.558546895938288657e-01 2.131237568031992824e-01 1.605474701836285822e-01 2.184874820549063124e-01 6.269236045176640459e-02 4.389109238835577909e-01 6.287286497430459864e-01 2.941548524025616729e-03 1.828841571106565311e-01 3.308844759185122220e-01 5.763388298548521860e-01 4.177154681096961752e-02
3.552717749847212891e-01 9.996173957959747502e-01 2.210523872873283446e-01 1.503691176610240099e-01 4.708727112950017446e-02 5.881516420704994141e-01 8.048784223156210116e-01 1.236415558991621477e-01 1.625881049487706287e-01 7.401953519726174324e-01 6.419569289822901759e-02 9.866047485805795603e-01 9.934648929725131694e-02 3.334747549568700675e-01
1.711513124525764207e-01 2.482693550604747612e-01 6.088403515565978807e-01 3.467680764945070271e-01 9.008406681322403964e-01 7.076541274199038556e-01 8.822806035882766462e-01 5.376721155095675053e-01 2.875279541895090496e-01 5.249381948413378574e-01 3.861504701419958829e-01 6.093516583565208311e-01 5.706022085204703886e-01 2.161188632508869167e-01
7.602387402746635381e-02 1.328490298882220033e-01 2.286395877965585743e-01 7.988409174894369746e-01 4.292477741965061711e-04 1.937387652058352172e-01 3.068937302109205900e-01 8.463293220046120835e-01 2.471133494939561359e-01 9.250944215695214856e-01 4.987631085069120784e-01 7.913093619147204549e-01 1.218985013630839997e-01 4.924934605156455758e-01
3.468998954308412097e-01 1.080522890233404087e-02 4.969022097140614047e-01 9.736705955370390519e-01 2.754322797717864146e-01 6.791356794528636831e-01 7.499094328562920797e-01 7.361550320104270906e-01 6.118349095790009962e-01 5.652584286209972886e-01 2.579379901612925963e-01 2.830875508831166565e-01 1.499176995355528952e-01 1.486738619249149407e-01
3.508425576904512511e-01 8.530513526600835839e-02 2.785459360916358040e-01 8.648441758272482627e-01 4.824103088998538125e-01 2.450836261341893252e-02 4.060132352592711324e-01 8.945472155576806861e-01 7.885773394794601820e-01 4.111268336900972820e-01 9.383443387683982895e-01 4.941970908210034930e-01 3.972565059522196185e-01 5.954514050487660359e-01
7.945014756489955365e-01 2.750591937371519302e-01 8.766757479711040357e-02 7.214438317122660038e-01 4.176612302281657030e-02 8.352927119621368357e-01 7.129354599852171237e-01 6.696669780409839623e-01 2.507003576496001918e-01 9.748885221154763858e-01 8.746176467425900158e-01 4.076914520497565420e-01 9.427341513004121598e-01 6.634463523589972933e-01
4.640833737591986141e-01 6.719034758258070061e-01 9.223482085161007760e-01 5.913387538384308195e-01 1.581334940641989650e-01 5.129376871726974985e-01 3.093541087430203840e-01 3.061166282254321747e-01 8.284320195265935105e-01 8.660210091408706568e-01 8.920826952336051718e-01 8.386195908418195843e-01 5.991349971526720442e-01 3.682593177704497345e-01
9.718117486648932823e-01 1.267030234100672281e-01 2.542839410921815535e-03 6.821529010933599091e-01 6.837269528126280749e-01 1.753277044330714407e-02 4.237333252415564910e-02 8.574325850285154926e-01 6.474970975672827977e-01 7.225893583451008517e-01 1.544335188533505487e-01 6.406251709987071941e-01 7.525993073857547566e-01 3.847831732128247362e-01
6.818793880667469720e-01 6.189815291837399425e-01 7.370946056844610572e-01 1.570479576741639072e-01 2.508163513993839633e-01 4.755345312259612323e-01 7.116713342125150499e-01 4.287511335239582166e-01 3.259254705681319253e-01 5.245244105526867262e-01 2.220918369197826259e-01 2.864441209118295806e-01 2.822222380026710997e-01 9.132892553080473874e-02
9.649654965635571235e-01 3.251780769893316547e-01 8.430679322432732548e-01 3.120597598841466924e-01 5.273655972164430494e-01 9.755653731698910036e-01 5.108284436532581907e-01 5.570474598739846295e-01 9.000958578530692256e-01 8.212543635219041738e-01 8.212063676541786483e-01 9.909877092151685440e-01 4.809600436847489835e-01 3.279166901762299302e-01
9.946242798013653630e-01 7.143830881841458647e-01 7.712444967221794290e-01 5.820232514327141615e-01 7.932024602171493521e-01 8.664035713689658413e-01 7.953941409714557764e-01 6.462422479316246582e-01 2.322773566338361961e-01 8.896257258642770172e-01 5.109247604495604778e-01 6.930327155962566765e-01 7.847556205009446062e-01 5.117002373441545959e-01
8.210946036969887230e-01 4.544726169559417661e-01 4.360070460728726616e-02 5.949433210403133332e-01 6.533289194790784515e-01 8.620870522474589626e-01 6.267809523504366265e-01 8.724983787692429660e-01 7.208579541745606667e-01 6.358650268558718732e-01 1.111915192458030610e-01 3.081420067500124649e-01 6.407276614940757842e-01 6.776837289618117266e-01
7.472816256456066286e-01 8.770754405426133271e-01 8.395800153987074133e-01 3.182204004788542484e-01 8.437470778905868940e-01 6.011079523612776754e-01 2.635367370827448319e-01 3.414236782351885990e-01 9.636654236466528634e-01 1.364904318712863995e-01 6.864533002867637679e-01 3.876537545322539247e-01 9.308525185093874388e-02 6.806096923059766768e-01
1.281198121886634178e-01 4.889175601607520516e-02 5.629875881954778949e-01 6.492128165135716555e-01 9.005319788555696814e-01 2.989462290329012450e-01 1.887492869002002083e-01 7.023801238546257819e-01 2.926592363917390749e-02 2.591770415156957608e-01 3.583771785237704899e-01 6.311628430217449681e-01 7.517939134579271210e-01 2.173534903478614444e-01
3.167148707236454586e-01 2.374946126464353435e-01 2.517798230292910278e-01 4.246551460553941171e-01 1.921904185974936397e-01 6.818066576560730674e-01 6.517413978360976357e-01 6.417864188688197080e-01 2.556716928633273600e-02 2.137165315179231362e-01 4.491773984154705524e-01 9.530889100259939406e-01 5.742944632859483534e-01 9.055435254870070061e-02
9.100788637543568704e-01 4.767770859491690105e-01 3.317626398657708142e-01 3.097610696226121840e-01 1.699738993004840104e-02 5.693065610232097562e-01 7.329091796055271502e-01 9.131390701395907250e-01 7.278279407450836125e-01 9.310768619377280952e-01 2.886429748325147759e-01 6.303163839235815802e-01 2.173261263467467508e-01 1.728426273345036179e-01
9.513179408213897625e-01 8.684998613877331630e-01 2.182104292314603899e-01 4.614159194493172578e-02 5.160574636686132699e-02 2.850053199612626598e-01 8.914841419563086511e-01 6.838006018045790224e-01 6.874972104519272431e-02 7.493851051061746205e-01 6.895344045643608810e-01 6.284946214598040592e-01 9.063597201305706452e-01 1.705218577281044645e-01
6.921600764522557458e-01 3.442538357592299647e-01 7.916720780996455709e-01 3.731314809866947968e-01 3.800660572608884902e-01 7.564639471763772161e-01 3.811937525014397199e-01 4.700750299813011290e-01 7.109289860629728341e-01 5.268112493341335911e-01 8.147939652247772058e-01 4.870752058999193723e-01 9.369686748598704540e-01 2.090292298464766496e-01
8.019247249441812109e-01 4.225440017090299483e-01 9.915788663180262752e-01 4.046093108911408276e-02 5.955908738492196042e-01 8.052982697728112704e-01 8.796600721598146766e-01 5.871908067723476954e-01 4.720695653048626594e-01 3.289522124798205382e-01 5.396840027217235658e-01 6.188949469597757602e-01 3.441780622580781213e-01 3.483599408174276046e-01
8.461215767680531075e-01 9.915549219345390908e-01 8.546216742706417291e-01 5.811187579072911724e-01 1.774290486971793479e-01 2.695369629862673921e-01 2.740811561486504733e-01 6.923587756962834572e-01 3.617463023663194388e-01 2.596674910509851886e-01 5.712345444989131993e-01 3.728776531112023562e-01 8.750368361686154950e-01 9.262837990589470882e-01
8.660960143194095240e-01 7.156576478544506292e-01 4.342157191849859155e-01 8.429879971035655339e-01 1.763576965865676360e-01 8.591459800339110719e-01 7.227567051889676186e-01 5.824107240280222975e-01 8.781144395769983069e-01 2.629545584817601922e-01 8.728884137332513227e-01 1.657440929155984399e-02 5.703969997775442113e-01 5.975374998623005363e-01
1.494977965556278932e-01 6.704417312267096918e-01 8.920676862786747208e-02 7.181292611670043735e-01 8.142363184086253147e-01 1.441717619366651437e-01 4.227705795099082620e-01 4.589809266701118107e-01 1.504748828830779761e-01 4.116717847648410089e-01 5.135184065601838821e-02 7.618581966389060822e-01 1.767617592616621547e-01 4.396021066438993152e-03
6.051242284983822106e-01 3.673087411517823586e-01 7.204067885913445490e-01 3.242505342856586426e-01 3.438803866935328246e-01 4.901555496099381237e-01 9.206815882197015855e-01 2.474403701052706461e-01 9.769680131491297326e-01 3.571291714767992342e-01 3.201391601732288539e-01 6.483811693822527644e-02 6.540778880834928755e-01 7.551441648221086655e-01
8.115841406205390740e-01 6.336289542962395549e-01 5.891533152505052939e-01 3.499497555432246054e-01 2.135830893885890536e-01 5.479581294412552150e-01 3.598266216731503819e-01 5.325022925148863440e-01 5.867152752179801700e-01 1.650055861170538485e-01 2.059017191459300289e-02 2.277942014860743214e-01 5.735411498781746165e-01 5.031607834450386729e-01
5.554226491364858687e-01 6.599486595422152657e-01 4.876667823298725946e-01 4.861506931554603339e-01 4.257833086319323668e-01 7.309003825128501663e-01 6.254338922339248708e-01 8.912888583494704697e-03 5.353260011808735896e-02 5.129525125613201286e-01 2.539323000511771733e-01 8.802682452721387607e-01 2.667140350390784231e-02 7.046129426040543819e-01
1.660211292359990987e-01 7.709938501201335503e-01 3.360591365933298658e-01 8.695972349107803367e-01 2.535594768337227078e-01 7.945215277402879472e-01 4.440119846516177304e-01 2.092400333030918214e-01 1.597664619520032803e-01 4.107489502948551419e-01 2.790451100863419187e-01 6.031804005776431055e-02 9.746133205604989858e-02 7.927291541975894917e-01
4.684970956093390537e-01 1.164944137118961720e-01 9.720505515018352805e-01 4.281227150521704772e-02 2.127490681878497769e-01 7.180306719179677666e-01 5.755724871972746071e-01 7.094607567675548232e-03 4.318959692853333587e-01 4.582086899136470493e-01 1.575697625250349621e-01 8.916993702022637525e-01 5.754256001595777770e-01 3.805998597565786179e-01
1.014675074095534590e-01 1.659557819186283645e-01 3.180432882508626991e-01 7.792474889422017492e-01 5.371427998817430716e-01 1.640818725608682582e-01 3.202921279761123952e-01 7.228088606136833238e-01 6.197593540928025835e-01 9.484141272427673020e-01 7.340781968024900905e-04 2.020745085049675538e-01 3.765068046020892956e-01 7.719627047323528446e-01
8.667811704642950366e-01 9.464727285837701842e-01 8.912352274289138121e-01 2.541636068990396069e-01 4.779871630197244370e-01 5.702374303279361678e-01 4.966061220642855600e-01 6.091036152459347042e-01 4.745512232900901406e-01 2.951090560790596840e-01 5.690392112039011074e-01 9.692175462842852474e-01 3.909191599878767409e-01 6.479597695163279436e-01
4.720465234697056589e-01 8.534059261145865438e-02 1.999901800779460004e-01 1.568291183861614257e-01 8.512987248467516199e-01 4.732469105334787818e-01 8.870892849094904609e-01 7.212646595826792684e-01 2.125267788451737916e-01 4.178569218079049019e-01 8.846597590834786029e-01 7.462940676823719421e-01 9.874396495399995199e-01 2.369575422680425536e-02
3.523490811378974241e-01 9.299900530884133154e-01 7.121702415091204497e-01 3.733306515594592145e-01 7.909695809797054888e-01 7.978844136627548655e-01 3.018062223511921438e-01 4.747123429260247107e-02 7.954091795131268405e-02 2.612691274000210617e-01 1.465248832215668706e-01 1.487972650824673781e-01 9.245066319016922440e-01 8.069545590025045678e-01
8.378813430521736549e-02 8.515070848649564095e-01 4.781428857653468034e-01 6.346204387500308242e-01 8.294064263444701490e-01 7.830413489811429706e-01 3.248984592762060863e-01 7.365844406337693773e-01 2.472696554570735783e-01 9.003872931224036202e-01 3.790941020138631767e-01 5.328384528127556585e-01 2.661033793544043125e-01 2.793344440915456195e-01
2.070219343492170072e-01 7.258434019297275164e-01 6.223054843718730522e-01 1.104855405664119106e-01 4.463122844115631205e-01 7.476083663515445954e-01 8.185250439701730052e-02 4.401323169483309927e-01 5.294829652170358614e-01 5.936542678290815944e-01 2.503040122249774457e-01 6.523165592806763335e-01 8.668118015762192874e-01 6.355620358735273312e-01
