6.569009871581548143e-01 2.353490026477049746e-01 3.141207521297700866e-01 9.446138042544900415e-01 7.451440532875676093e-01 9.731922863227409071e-01 7.789428636381702242e-01 5.399505661096141163e-01 7.528622131543954987e-01 1.110580849398637993e-01 4.923899496463877146e-01 8.360738193223493653e-01 2.634636468204328841e-01 6.226603560577342877e-01
5.597627044188718815e-01 5.830352398465571406e-01 1.521663807542695812e-01 3.067761450127656220e-01 6.472857257949369281e-01 3.670967534523698061e-01 5.445542866279982075e-01 6.582433514044963019e-01 3.376802636288306347e-01 8.130873200034318682e-01 5.843151415341096833e-02 9.817697409319161572e-01 1.547907640368175741e-01 6.549547663527220953e-01
6.665627047192023147e-01 4.254462804448376767e-01 2.481649960921749054e-01 8.402643624531969113e-02 6.771919740712506464e-02 8.276813775037696885e-01 4.592730255123266270e-01 4.219835692623381540e-01 6.447116529482530556e-01 4.527296720834762533e-01 8.045670907493333024e-01 1.034550078861091738e-01 1.540134312392689164e-01 1.292994149419248728e-01
2.583163372035622851e-01 3.446210510399760896e-01 9.247522854956918836e-01 3.452671221172987082e-03 2.572583491579845116e-01 8.689544327479975516e-01 9.221494650250170455e-01 1.388999532640027290e-01 6.958900539258738860e-01 2.626576806664143726e-01 2.487009547029489509e-01 5.310482529554162445e-01 1.244652736737070775e-01 1.023946887016308205e-01
5.454452947021073417e-01 2.386016163094939468e-01 4.156298458144791486e-01 8.245579641108506941e-01 6.944756545646014745e-01 8.204294127577149709e-01 8.080163311073806920e-01 5.359259575691005528e-01 3.066856344726256456e-01 3.010162120640021977e-01 4.449592842502057000e-01 3.442353476579703697e-01 5.053488448619191109e-01 7.174277363139972552e-01
4.632104154134210061e-01 1.695877225103836761e-02 8.047526029063227782e-01 4.339536273885387097e-01 8.255759379177919355e-01 2.683483636368483305e-01 8.726739055317753735e-01 2.948747000973693799e-01 2.154244107642163675e-01 4.257737684426781133e-01 2.427239526775182288e-02 5.928793914546923727e-01 6.607453636679688769e-01 6.793355028712717569e-01
9.033348066827147083e-01 6.333582680278612154e-01 5.816215141993967830e-01 5.223244422463992898e-01 3.855527201758205402e-01 5.900965909066945292e-01 6.339512554592815485e-01 4.711694832882886708e-01 1.906919007796487042e-01 3.440667657183393846e-01 8.090065524377000328e-01 2.823802560528346772e-01 8.802008635241844736e-01 2.799850486868182831e-02
8.366091010423921670e-01 9.679940935712231243e-01 9.536438893292393804e-01 7.962448213243970008e-01 6.207903317911556140e-02 7.597952367618530101e-01 5.836474166014482545e-02 6.347751503529087680e-01 4.677650118674029356e-01 4.115066723334077636e-01 9.239010749606738626e-01 1.149499042006461025e-01 7.123667769095195501e-01 3.334821501344910066e-01
5.300897821848101765e-01 9.586216242384777431e-01 8.029725394989251086e-01 2.010138723627219459e-01 6.008394097806503131e-01 3.607836251330776012e-01 8.821079497676337366e-01 1.607461396775011764e-02 7.545901677824208287e-01 4.670054463520353361e-01 6.722062627492090270e-01 9.442996863949892905e-02 4.366221081363974577e-01 9.524984862350885928e-01
3.366206144211353335e-01 4.186635189922974787e-01 2.000842347907659802e-01 6.055261270132421547e-01 8.803191956615851188e-01 2.631679425796616956e-01 3.714167691098013702e-02 9.532738183941651400e-01 4.792351788770710108e-01 1.325305145167187115e-01 8.969228837473870453e-01 9.233508177107518922e-01 1.768300623843027664e-01 4.195259162996953783e-01
7.053213019224088276e-01 7.885538678935949397e-01 9.536388440131704503e-02 8.217828327237305386e-01 2.189903207623646875e-01 7.766343900303432912e-01 1.454540184778851941e-01 5.794164156754516570e-01 2.896789528017996718e-01 4.597829675373021896e-02 2.989910090493863581e-02 5.834950680195037931e-01 5.386261822758020568e-01 3.662791347442619916e-01
4.895422723529307962e-01 9.814545912798262606e-01 2.156664805311027111e-01 7.069441454125264812e-01 6.402745833630361094e-01 8.190675160138727318e-01 9.411558852552305288e-01 8.799858123021742085e-01 1.906317395662335823e-01 2.053116920096857978e-01 6.734343622845018196e-01 3.600735102382399688e-01 8.903259488894199603e-02 5.784476095261257278e-01
2.958966248921746089e-02 4.478914133843715506e-01 3.996097595185243989e-02 3.161543968442652730e-01 4.370754289515952351e-01 8.753351668642159744e-01 8.653694049146409828e-02 6.655102380931698924e-03 3.253873075855142627e-01 5.515391730381005164e-01 9.540904586533202059e-01 7.247498172723658705e-01 6.452154342187261804e-01 5.722592980823605346e-01
6.149288558807007865e-01 2.429959289215521956e-02 4.053127269620452333e-01 3.894164795907306686e-02 2.819462571842769050e-01 7.377921736751841264e-01 1.624849135433079628e-01 7.038536210500051515e-01 9.761288670481677032e-01 1.900197335569928647e-01 9.820597206462564621e-01 8.040377768309081574e-01 3.541606980730916954e-01 1.449200103833604425e-01
8.325715495185586068e-01 8.184989850195562022e-01 8.363743932594294161e-01 1.516316491026344915e-01 7.155696850498559636e-01 8.535743599625837952e-01 8.275516188845762899e-01 1.361652564367104024e-01 4.622081326792784051e-01 1.732227097905553181e-01 1.098653373208662298e-01 2.729099753339027101e-01 3.643533147658126747e-01 2.380162128496334795e-01
1.164086341970308469e-01 8.731771280338791463e-01 4.606946761491578224e-01 7.775234550482094109e-01 6.129288915581647679e-01 3.783731391555233969e-01 9.647947044916148629e-01 5.482378125872479080e-01 5.807522832234998100e-01 1.850473665799661216e-01 6.727126532688300076e-01 9.572633471075254752e-01 4.893323411688000890e-01 7.961489047721529433e-01
9.517699167744381183e-01 4.261865872520208542e-01 1.902572366174728469e-01 2.496227817333509513e-01 7.901616386962496685e-01 5.553430814804833915e-01 2.604840873275362512e-01 4.022149516017157200e-01 3.079774650295123983e-01 7.270391619309001241e-01 5.096905360832951759e-01 2.458458552026848709e-01 7.724191065951419022e-01 1.572416463864184655e-01
9.124436689056029115e-01 8.896152167324006266e-01 7.452063330852484180e-01 9.480770126791381314e-01 9.981035269435557522e-01 4.062073831376049604e-01 3.260112841950949525e-01 4.280827845884173088e-01 4.728360502865580628e-02 4.013918867713742733e-01 7.994151152448425446e-02 6.710093470738202059e-01 6.697502175552341175e-01 8.710842038935295850e-01
2.905943920408113890e-01 9.044594297193312427e-01 5.571061919948474550e-01 2.310299856071694746e-01 3.003559975730829557e-02 1.270312509998146044e-01 7.038132081672295870e-01 3.165882730333913209e-03 4.848541355402125053e-02 4.583455303883933185e-01 8.749163536170844191e-01 5.978714347916506133e-01 7.561318246879121796e-01 1.456941087226636400e-01
5.873751540790431713e-01 2.106743144379392696e-01 2.865260280741832588e-02 6.240553738091692004e-02 3.664031203857206487e-01 5.131817333580298568e-01 9.846826752220840806e-01 9.057587958851549548e-01 8.150183397023469389e-01 9.499583710180287133e-01 4.526170308072957615e-01 2.184036492965889531e-01 1.773806200901395513e-02 8.209601552488393628e-01
4.390120497818359446e-01 5.086787545891080509e-02 6.645109228445272853e-01 6.986140053656288984e-01 9.655856192055378706e-02 7.688203540619412690e-01 6.570615791194800437e-02 3.939437448459693902e-01 8.582908849511639016e-02 7.598219357423524611e-01 4.632834262002311077e-01 6.856960579894737506e-01 7.034348187326550095e-01 8.678326407234402406e-01
8.615639191615096504e-01 8.838359319272838244e-01 8.524569738000116192e-01 8.677600375507062980e-01 9.333069182354967186e-01 8.011994689528588731e-01 9.184983765821623791e-01 6.633523423309043432e-01 4.992570318503227744e-01 7.410269644020078816e-01 6.218077264786818770e-01 5.250538404678706250e-03 9.314740961170211442e-01 9.512141241676093095e-01
4.591248345126287544e-01 1.459093506946200769e-01 7.697828166861442334e-02 6.802089344642678892e-01 6.788550720786543646e-01 4.050721231656311261e-01 7.904243005261348820e-01 8.073357123608237984e-03 1.552710313224785477e-01 7.191902266010230527e-01 6.339121206451803214e-01 7.802538205565553442e-01 5.691372882486824825e-01 4.178313588932129896e-01
3.485804739172770894e-02 7.633815745689483956e-01 9.673722075163806444e-01 6.586535361558780721e-01 1.611975369615167297e-01 6.688772958852416961e-01 6.901151435858645655e-01 4.673687093628398070e-01 8.958639490530968530e-01 4.492406869804840275e-01 6.390424008933666133e-01 4.465043415862445242e-01 5.363942273031186980e-01 2.439222786638385321e-01
7.094275521089101755e-01 5.739137459898380200e-01 7.523121405185991817e-01 1.615625127221058666e-01 3.265936972312397657e-01 3.064465661464454982e-02 4.849194807454104694e-01 5.735375741247303871e-01 1.602330397908496851e-01 8.350390074861401279e-01 9.842652137775007581e-01 5.451757576296819563e-01 5.747095096443961548e-01 4.969629211171174843e-01
5.457054973239324758e-01 9.514823381302678351e-01 4.255387695394508007e-01 9.184323126269755555e-01 4.894629726992206775e-01 2.671025693999032891e-01 1.807159101066269091e-02 7.541550286365924505e-01 3.714119459468090412e-02 8.226062381080962993e-01 3.049459001610991260e-01 6.087019874783518025e-01 4.375605860741724751e-01 8.134288204619907203e-01
1.288237910647507256e-01 1.482215157922809334e-01 4.838297404756474185e-01 7.733490187531398830e-01 8.261981367172411828e-01 7.349182985022232328e-01 9.082657989625161354e-01 2.145906328398162755e-01 1.528473659001515772e-01 3.896705312731844062e-01 3.681730656517921974e-01 5.816926729876260582e-01 5.001227013948483791e-01 9.342327047069441948e-01
3.096007537244318542e-01 7.751022831350488085e-01 4.762605878720662655e-01 1.209303062380138183e-01 9.665680192964547501e-01 6.133748541163785983e-01 2.089311291968155571e-01 7.044868587613339894e-02 3.928033844135204733e-01 8.235788740564234933e-01 7.004918797666773722e-01 9.813283695190913036e-01 1.039853764656168966e-01 7.598705914306542741e-01
5.279839137261919113e-01 9.173397111353829292e-01 8.942536210550183773e-01 7.824538445639983575e-02 8.985310523730307697e-01 1.482456457510439307e-02 4.881593110392481449e-01 9.789564266923547198e-01 2.727032218521062701e-01 1.434432074624900633e-01 2.634504215085453627e-01 6.297065851808449910e-01 1.089205921008967737e-01 8.655993875728700271e-01
1.438334677502201009e-01 6.942173237413535869e-01 6.645967930799179246e-01 4.923494982034841705e-01 5.321000731228968661e-01 9.655893449461480094e-01 9.461174591320141714e-01 3.993042137182101214e-03 1.631410468951878245e-01 6.356012876349363960e-01 6.647619416285360794e-01 4.665056974688588376e-01 1.010964892939965054e-01 5.221323210931051451e-01
6.369253825584553219e-01 8.422205567530949288e-01 5.009951866933877174e-01 3.359996218959764303e-01 7.267207589931234946e-02 7.113430286802048252e-01 8.916090215659151497e-01 6.135295014384600787e-01 3.717497146897484894e-01 9.325326802075586397e-01 1.091141397777617428e-01 4.906995395412273586e-01 4.359569778816579921e-01 3.034805612224796834e-01
4.992539554650627931e-01 1.978093341154302243e-01 3.823912494382575300e-02 1.357246685882516068e-01 7.318831865124526548e-01 3.794354063534707278e-01 8.669323629263547826e-02 8.224873152421132705e-01 3.183439584203842099e-01 5.257458048258663030e-01 7.904835839308113066e-01 6.959716472448498337e-01 4.814222921735000771e-02 5.702749792157946196e-02
4.267403818518596958e-01 2.715720000344625795e-01 1.670205516136574753e-01 1.304388740477824271e-01 4.833785128559245914e-01 8.354000295235702866e-01 5.690548180160309721e-01 9.982727722140074533e-01 2.083583435461627831e-01 1.047912939833586243e-01 7.898281058102003538e-01 5.692853677712752525e-01 5.964351255234177085e-01 7.314015550837679180e-01
4.148007036783706303e-01 8.157174773851226801e-01 1.114508528461201076e-01 8.260622123326515354e-01 3.986083408236366088e-01 3.424615981510539253e-01 7.465468692526801009e-01 4.558686760654114822e-01 2.373592324558294608e-01 3.781952217091638646e-01 1.808651562685014147e-01 2.437880583325975348e-01 2.330539106451643416e-01 1.341135042121365251e-01
7.344086183615032848e-01 7.632664645592488473e-01 6.773619650180942031e-01 2.455126994021032960e-01 2.963533034159837598e-02 5.763831760463377085e-01 7.675470966320171451e-01 3.636512241989380279e-01 6.431377905837633024e-01 5.024337352510018784e-01 1.273503743313268988e-01 5.994509860817417435e-01 4.258337636531588366e-01 1.514930450197595757e-01
1.321932858552685719e-01 3.167030718199361772e-01 5.600723065203438988e-02 9.442554999162283691e-01 9.329730999209434605e-01 4.445591620625130025e-01 3.599439546213829555e-01 2.595581949879099959e-01 4.029856026308736849e-01 1.745384816435433528e-01 5.297711804863313168e-01 9.927363303192658917e-01 4.235007266613834975e-01 9.410366487592081164e-01
1.038804494162680614e-01 7.638973221309036665e-01 1.660384070203472229e-01 6.246367182638054016e-01 7.814423739998319629e-01 7.182798684631596098e-01 5.720127133016250642e-01 6.807302241052239911e-01 9.044989399074495617e-01 1.123050825865609115e-01 2.648728863388305488e-01 2.491309380132904483e-01 7.556466680635143263e-03 1.622150542741012114e-01
8.303535008391941252e-01 5.612436128793480972e-01 7.920506204938502215e-01 2.019006784767236606e-01 7.104117641175711206e-02 4.784592412412217444e-01 8.824670507909251338e-01 7.253976421107075634e-01 9.293787415836846089e-01 5.830408870309844449e-01 8.986419484736507535e-02 5.027994062374154804e-01 8.015435940651203239e-01 6.609155578513598028e-01
3.323084668554519006e-01 4.013127587841993638e-01 4.464801984011101954e-01 8.640268310457498435e-01 5.229038464877738823e-01 2.310577005144844875e-01 6.951911391900142956e-01 1.475255453273571771e-01 2.601292163232360455e-01 9.807648223780699448e-01 5.370234929825600245e-01 7.569381208467415023e-01 2.259131310842481533e-01 5.984991872274726399e-01
7.010067738555055827e-01 3.138465179875112865e-01 5.176642428236367666e-01 6.590495098080617620e-02 6.201585947725762882e-02 4.768271823866839787e-01 7.982806234058446027e-01 7.117160454917008661e-01 8.878392214563962659e-01 5.622824962298406115e-01 3.889067070109601953e-01 5.813818654179829792e-01 7.515883680210688755e-02 5.830484782743061700e-02
5.249953325050049635e-02 4.463234110107445751e-01 4.981503647700322723e-01 7.980641759693685167e-02 5.503851196974758331e-01 3.141907610208433121e-01 8.202437420878705421e-01 9.929982588661390164e-02 4.494483769283917907e-01 8.985642139242845383e-01 5.083244554782617719e-01 5.590569931129694137e-01 6.031078481303704386e-01 5.029020513002436799e-01
7.979255546497224794e-01 1.211876123981454612e-01 8.154068683601224388e-01 5.238879449299160829e-01 3.938911643773284066e-01 1.546303538644412390e-01 6.172987022234082133e-01 6.492156580809783639e-01 1.733832282476646114e-01 5.839098308030927775e-01 2.873280254734852379e-01 1.049798510553747732e-01 7.927947056057539355e-01 4.033206239455054964e-01
3.465291495304908542e-01 1.980509913787427134e-01 1.199291328214835417e-02 9.347015674494850712e-01 1.865094660510998592e-01 7.333689051447365159e-01 8.937763559161846505e-01 9.178088845026989295e-01 5.664933678605458267e-01 3.176504957177339605e-02 1.803342938064657064e-01 3.899600641022425984e-01 3.592803998795125464e-01 6.539824933282628594e-01
8.965413965687162312e-01 4.331200050414444336e-01 5.838628031857973077e-03 4.467211669661127482e-01 8.600838722408052917e-01 3.067409673525188785e-01 2.137336978263923992e-01 1.926407296735065389e-01 8.742428829375806787e-01 1.955509483972013296e-01 2.153296787361543840e-01 8.645667220282207133e-01 8.212913121419943563e-01 8.185910931444239091e-01
3.851195294048754825e-01 2.813772931195839266e-01 7.248186552731485932e-01 3.599566901743377345e-01 5.315237924642861600e-01 3.277371962934038097e-01 3.846776143717216545e-01 5.066392265964118069e-01 7.556474052076355141e-01 6.530372325655522392e-01 7.276671118521987891e-01 2.029040460400309831e-01 2.952798811562733494e-01 7.658953365466815155e-01
1.370202838357859054e-01 5.853340058133915669e-01 6.599374842759330173e-01 1.657721802206427730e-01 7.404493392573451294e-01 4.544600333138772985e-01 4.994012744665821124e-02 9.247982919098589605e-01 2.446644427412227873e-01 5.308048462354089114e-01 3.243791439677592425e-01 9.492265162149058355e-01 4.704052599005161817e-01 3.333831385611012443e-01
3.295213109394907747e-01 3.274469042115724093e-02 3.036240951164498325e-01 2.215756933009116469e-01 6.219644917173363652e-01 8.525455222256401733e-01 4.407768707339994041e-01 3.080995851553637310e-01 7.729960952001121433e-01 6.922078358769901962e-01 4.415066936249651963e-01 8.013651250656800284e-01 1.811128603374314583e-01 2.357070216075889402e-01
5.267578796552770948e-01 8.181190273310736671e-01 9.155900219786993199e-01 2.713475554404977119e-01 8.795600326390484724e-03 5.279845778095915154e-01 1.510299244176759315e-01 8.190761630957101858e-01 5.487415976692212594e-01 5.501788802831975023e-01 4.381930248875096634e-01 9.007705400770393833e-01 9.089306099343104073e-01 7.286805604509443146e-01
7.452554233149294438e-01 7.685371779225875777e-01 4.221762371585874307e-01 8.860900928521301401e-01 8.455117095422296503e-01 4.137265370807047260e-01 2.510267251763920182e-01 3.466549865845076628e-01 8.178744797583604731e-01 4.707959751905680390e-01 6.943223818120864976e-01 8.733724446585672263e-01 3.514120021258162474e-01 7.520323966494069090e-02
4.646309087504677526e-01 9.115476690906287871e-03 7.190040054311067630e-01 4.937789713993367968e-01 9.694691488780678990e-01 5.913923178082935994e-02 1.761382643008176929e-01 1.666839957281646134e-01 9.994802415515529059e-01 9.364040911271875878e-01 9.691666194006123281e-01 2.757704382573983315e-01 5.348020537910632699e-01 4.180416780250715281e-01
9.137684025173294922e-01 7.099733842757738334e-02 2.623556333895350479e-01 1.217981297924120021e-02 5.618711893693157933e-01 4.193426485625567635e-01 1.598093901304906694e-01 1.880968040369792593e-01 9.021184703660062310e-01 4.426691449180099047e-01 1.372480553076371734e-01 3.444402492607212540e-01 5.533464910438153916e-01 7.184806167531752052e-01
8.768611291883595671e-01 5.684324680647202532e-01 7.769381592479503995e-01 1.651370277984791635e-01 2.811993686609541854e-01 9.651439948907688526e-01 3.168512695083371966e-01 3.776771813252441934e-01 2.069265399074485812e-01 7.018724050568355688e-01 1.550042028718412457e-02 9.409822312120647014e-01 3.663861321492347667e-01 9.194747924772035397e-01
2.241042425766937018e-01 4.222569234698511087e-01 9.201379314957789379e-01 6.637150800940651019e-01 9.086610308863378727e-01 4.330291816356223178e-01 7.945320443111507647e-01 8.712379491987846114e-01 4.072315613102005516e-01 4.619322087557917733e-01 1.073512752432409512e-01 9.911940509823935486e-02 3.875788441295017206e-01 4.467285611148832380e-01
8.837463946183695684e-01 1.072589810376020081e-01 8.503478944142579543e-01 2.696432495120242301e-01 1.897310523357131906e-02 2.720745531596293620e-01 6.076440223063120927e-01 4.877162303137920762e-01 2.349874887477728658e-01 9.480051149133411625e-01 6.859792165249960494e-01 6.238507529344002878e-01 6.367648785998518690e-01 3.863489078751976002e-01
1.938803851902679565e-01 9.169946743676962164e-01 1.345375252825535828e-01 3.394214879286963082e-01 8.070823235847562893e-01 5.820017990037832378e-01 7.030094293111022186e-02 6.465871545725855318e-01 5.607463636768310611e-01 4.341671598952406841e-01 3.140167774045281579e-01 8.795095955690900302e-01 1.876851153734332422e-01 1.492524682637094147e-01
7.914929796272166529e-01 2.513458380493927002e-02 4.523817798172742322e-01 2.584882054580561750e-02 6.956247413308535021e-01 2.210974212305694131e-01 4.360842889833003166e-01 1.179842364533792987e-01 5.931361430264677770e-01 4.840666124631483047e-01 1.508931713606669334e-01 8.406135795573210778e-01 5.245080421447799734e-01 2.930047450240900186e-01
1.814029849272332795e-01 6.083933423367556825e-01 7.895462468420786362e-01 5.938865119171475859e-01 5.940623815232648486e-02 2.468098904005626704e-01 7.348187136705277567e-01 2.213386165457424948e-01 4.022378936418804507e-01 9.313930736446837111e-01 1.545514469348922004e-01 9.790982321980546965e-01 7.399436838917673454e-01 5.900080081221558137e-01
2.224462359293596370e-01 6.656790977777481411e-01 3.496649373241476066e-01 4.768744146842592846e-01 5.217098984314457732e-01 8.066019967875660557e-01 7.814595602126060969e-01 5.585938467412533415e-01 2.533167384504184660e-01 5.119622129947477562e-01 6.055369178593200674e-01 6.307228833412757973e-01 2.841571348839873057e-01 2.720786795873166852e-01
7.751158398432544949e-02 2.098054497670126528e-01 1.030927954090427034e-01 7.379846957136944052e-01 2.319973215931354638e-01 1.450034952186509685e-01 7.813596861821481276e-02 4.001322700852879555e-01 6.186413565844558482e-01 4.004555017707390752e-01 9.224896925881551635e-01 1.084513091489645031e-01 6.370174434110215111e-01 2.818710944103278715e-01
5.575778636374754127e-01 2.131932264601658078e-01 3.525741432298290512e-01 5.930053423205594587e-01 4.102166779935426666e-01 1.861977555983419519e-01 6.650139313644377603e-01 6.823553834503237603e-01 5.464797526857767540e-01 2.489331211199294902e-01 1.835336523756991856e-02 1.425240213893388397e-01 3.235770381035693033e-01 8.243304630232044516e-01
7.269315606586386203e-01 9.255966236374453260e-01 8.088296498868109419e-01 7.444948683766245967e-01 2.786744882580016736e-02 4.419048429952535662e-01 4.733673730447565120e-01 4.006884235845392661e-01 9.165611715650369140e-01 2.568568691208198418e-01 9.802259442393624900e-01 7.818031404137539830e-01 2.685851511556728299e-01 6.689793804059731563e-01
8.228119443958108459e-01 8.085778808019710162e-01 8.297948493553839455e-01 8.536604768798082832e-01 3.941602881472645592e-01 1.305520237685869889e-01 7.123492427196509436e-01 2.018630576367728136e-01 3.183839109338688633e-01 6.049772658314966911e-02 4.693623699845183017e-01 9.693126894332315668e-02 9.510281055091626135e-01 5.288601039360601996e-01
4.533823573876171187e-01 9.168649952004781500e-02 9.710089969392652343e-01 5.813354913160718729e-01 6.218954272317914755e-01 5.435800837820848885e-01 5.817087447562760971e-01 6.024415014768124133e-01 8.458974224094051308e-02 2.562316553427620436e-01 7.485392214078637751e-01 6.781581072029929658e-01 6.290254741895019430e-01 9.623363896111687410e-01
7.772069500277325460e-01 4.926458350726359292e-01 5.261908120575329306e-01 6.715110403926877192e-01 7.113067252824540887e-01 2.063683491996329833e-01 9.518278530911435942e-01 7.125364843555025418e-01 9.292947000077967923e-01 9.267296010324751476e-01 4.178839467688917342e-01 4.759105680368055369e-01 7.821264676616912492e-01 6.277328557367853890e-01
5.001694219688256338e-01 8.944912871235355389e-01 8.805629639087458882e-01 7.352788496801451190e-01 2.254250218949667151e-01 5.969698856507315021e-01 1.385297695773010096e-01 4.351318990410737442e-01 9.928082163934848214e-01 6.917555738209694161e-01 9.678986241378972899e-02 6.102893320234108465e-01 1.598677786691624636e-01 2.915419949807589450e-01
7.384998888457945387e-01 4.257562153709499864e-01 8.480760600727237364e-01 9.376949308503834679e-01 4.755555257390763346e-01 5.029028193423644710e-01 9.068903302991171422e-01 5.498259064744656088e-01 5.360922909176870643e-01 7.028564006447569623e-01 9.111338331078699948e-01 7.349417692511580613e-01 3.665442618444273437e-01 9.699079257989241531e-01
8.062667582638205488e-02 8.892025032088732850e-01 7.405788201067617926e-01 3.101873845727941559e-01 7.821546010771989188e-01 7.083819746356315727e-01 8.723472799498617203e-01 6.215900847593287537e-01 2.073221320947523649e-01 7.151956488036198545e-01 8.452821927035492067e-01 7.696134938952260418e-01 1.407655492679025233e-01 1.422090749891968819e-02
8.416711895071081750e-01 3.903094909633196830e-01 7.122825879339271804e-01 9.953992748466566898e-01 6.633636274178564829e-01 8.454003645402086153e-02 7.455357533262981784e-01 7.926235140928306055e-01 5.568710992884075006e-01 2.952423957577710034e-01 3.552133324696689076e-01 5.593306377075746294e-02 1.642020055410070567e-01 5.914861225012897350e-01
2.586606608183580347e-01 8.428306607254455463e-01 3.725283171683250183e-01 9.161159037049766418e-01 3.230112503196965745e-01 9.941548967311255591e-01 1.594760457943895648e-01 3.362564644614374210e-01 4.271358740967950984e-01 6.985907165897887738e-01 5.812020215287628799e-01 3.478391926862318684e-01 4.178379617253417111e-01 8.043559448409749457e-01
4.972358607166282862e-02 6.958793826646215708e-01 6.759703217095924810e-01 6.460356315491152523e-01 5.284545765047363730e-01 8.204565947314875762e-01 9.589730768553713647e-01 4.656791173965547648e-01 6.577244814165672526e-02 2.977208857399129549e-01 1.555742172029228598e-01 9.925663330824893160e-01 6.720255919109492382e-01 7.367677833387266118e-01
6.698026726095512862e-01 9.494171374360274029e-01 1.289372693698955796e-01 6.135470152585894565e-01 3.620600752365766839e-01 6.653913332772115607e-01 3.942639959396639915e-01 2.678669144577652261e-01 6.359049099013232009e-01 2.749206365756144965e-01 5.986273641966434189e-01 2.316644650987398357e-01 8.369806356991627005e-02 6.696216943437760527e-01
2.600435132461189625e-01 4.583765278611776628e-01 1.545244353053859543e-01 4.830331903819651274e-02 4.759150520659986006e-01 7.725063403861500699e-01 3.041870710237640774e-01 2.868411458083557353e-01 5.107557871249239767e-01 8.704190404400856673e-01 2.499208482033754564e-02 7.808199492351980409e-01 9.636558013675925460e-01 5.324041965149506339e-01
6.497010688223023855e-01 6.258240824431702265e-01 9.991065518511692556e-01 6.337249078221010024e-01 4.543459876621034343e-01 7.232226306042133235e-02 8.143928506027061642e-01 9.846836503133473695e-01 6.112360700350081277e-01 4.007197393269797958e-01 7.683215511693183286e-01 1.426091325851042146e-01 5.982884647254481658e-01 4.469627132824969262e-01
7.328693558862396928e-01 2.874706558709405613e-02 7.960617733080227465e-01 2.804982269121153449e-01 9.319210397931725343e-01 9.322093372165602965e-01 5.988871288595345455e-01 7.113457097946087604e-01 8.410832555680778366e-01 1.584528599462490250e-01 1.044088534132954216e-01 6.567932693283480283e-01 6.211984682681900294e-01 8.056308776515024306e-01
4.378712331889396125e-01 5.982019382384743400e-01 6.405816451035747372e-01 1.776998077477167648e-01 6.270345977556234240e-01 6.542085500106440410e-01 4.160194068017986080e-01 2.352988098430239816e-01 9.558247684221131690e-01 5.294239817423520567e-01 3.322645341376871952e-01 6.204487117354067216e-01 8.658157483741583116e-01 3.035256623572424317e-02
3.473994340617280185e-01 7.998153200886246594e-01 7.750065045438857547e-01 6.496059602129237165e-01 3.288208380473254255e-01 3.674383429272564117e-01 7.681211648291577099e-01 2.351654761960020323e-02 1.761679893074780123e-01 5.826041919592803708e-01 7.382969210279599626e-02 7.839961212674269042e-01 7.887634709190316507e-02 2.306652779351320293e-01
7.264856431761945732e-02 6.612577253229899865e-01 7.967240582111807523e-01 9.609409094441251353e-01 4.308265203358252471e-03 8.972732024554971320e-01 8.544537636911321288e-01 2.763206523023147287e-01 9.585721596182797954e-01 9.183928578831460632e-01 5.501888673601493807e-01 9.847967063923646069e-01 2.809253683090625620e-01 9.057869399561812029e-01
2.870912817041292309e-01 6.916992409464941538e-01 6.160293401340355413e-02 9.729966813478199139e-01 8.126187475571038377e-01 5.021706503362889373e-01 4.916154893487917343e-01 8.712285773721613058e-01 1.092829678632328827e-01 6.050468840957904382e-01 9.438555640313605055e-01 7.043480984925374333e-01 1.374667998286016601e-02 5.955122521855287232e-01
4.757807463630544520e-01 6.673001079501258426e-01 1.759765714164872596e-01 7.177821223260261174e-02 8.160681006334745691e-01 3.382245139229393960e-01 5.792637876915421868e-01 2.286445609359779585e-01 6.467909841373774560e-01 8.163860354568839295e-01 9.927210821533117846e-01 2.729552260476959535e-01 7.654103892717655233e-01 9.437162937438487997e-01
8.878638619788060682e-01 1.040808272830022752e-01 6.574415696154167765e-02 3.081015773655020329e-01 9.542355851440957881e-01 2.803315122576570673e-01 1.913161459182022295e-02 9.377423670461592087e-01 2.296764876698493829e-01 9.346156833923791041e-02 6.621389341403202122e-01 6.223569394420462864e-01 3.265864167139103102e-01 7.241108084382726906e-01
6.741352301295282512e-01 6.439845545686657680e-01 8.470182654692871571e-01 8.366027007819658579e-01 8.160677081274508859e-01 7.398408936533078517e-01 7.257156792547354573e-01 3.617904470367607761e-01 1.219910738023083363e-01 5.580495727340539780e-01 2.619831692331698880e-01 6.447841691138967990e-01 8.140675238286420035e-01 8.067371506411743498e-01
7.635571736657305042e-01 7.800244550818595801e-01 4.118608595419375185e-01 8.083142142711203793e-01 7.315973591662283670e-01 7.521405388879882636e-01 8.097220949522695443e-01 9.164306335832461681e-01 3.313543864479289169e-01 9.819379168459205776e-01 6.000718782124770945e-01 6.445500105328765272e-01 3.182009151762490440e-01 3.036686060511338825e-01
9.696896241604807676e-01 9.751015211258966531e-01 2.842917409097476256e-01 4.857787831552349278e-01 4.382126345869914452e-01 2.850117132947963539e-01 5.970526815729793046e-01 2.229070218128679226e-01 5.442020997439364072e-01 6.438069673941303472e-01 6.522929277883707799e-01 5.488507267504373344e-01 4.085826581980905869e-01 9.291288842568886652e-01
1.149308383408118583e-01 8.791485489194905689e-01 4.761833317167847301e-01 2.931630022240474531e-01 3.481227499496308830e-03 9.497705918402091774e-01 7.500301409586401791e-01 9.912784079776816304e-01 6.543477610892366458e-01 1.374396865776972287e-02 6.995448263198723593e-01 3.841552568842425686e-01 8.362643916497461971e-01 4.083759366422700099e-01
2.311965909055702095e-01 9.252556010483355964e-01 5.944406924016609750e-02 7.429264154967052391e-01 5.521774610660982185e-01 1.631879620104714768e-02 8.498017198244798287e-01 6.420641344189044197e-01 2.622344951609015817e-01 4.181867352435513219e-01 6.975488837447659796e-01 9.664710922432129259e-02 1.273317967616038882e-01 6.296304837336620386e-01
1.699879829321363500e-01 2.886228503076599949e-01 5.831006524352754239e-01 2.574169867858668859e-01 7.972742059751418697e-01 9.055742838619075252e-01 9.502224222150047472e-01 1.967787036412391721e-01 1.205218678752796313e-01 9.088019730680605424e-01 3.391386339776901737e-01 2.821685586428331893e-01 4.481934997089057626e-01 8.570101852674695264e-01
2.863012917168578086e-01 1.984451516803578119e-01 1.974395791451146742e-01 5.500933793479926281e-01 8.103896699520077851e-01 8.298280644219235835e-01 4.943581496859311697e-01 3.065047281667510060e-02 1.488683986641234913e-01 8.671184148577284478e-01 4.821898050989972262e-01 8.933326429925396717e-01 1.313468790372038786e-01 5.446105961555534059e-01
7.702537647787033315e-01 9.764958688872099613e-01 4.482003574326578477e-01 6.059197317903342039e-01 6.304335248650402290e-01 4.960110111393631893e-01 4.932463861480607115e-02 9.872735265564580587e-02 3.401716251474246056e-01 8.205452165807225473e-02 6.999034575431373195e-02 7.884178123522762593e-01 9.974392454305964772e-01 4.952580077652294355e-01
4.943286283737940989e-01 2.756659622551383970e-01 1.840348430391556267e-01 4.262510373155019572e-01 2.518673160663866817e-01 2.182024044360484361e-01 8.673907670919028812e-01 6.687313592916418470e-01 4.739708497978813995e-01 8.115114883563876447e-01 5.468138069851420369e-01 7.194982976295083432e-01 5.838662736085832305e-01 2.914058492805191580e-01
9.329403402800872103e-01 5.233449750209498985e-01 6.674923405136107268e-01 6.773253053931749257e-02 5.999285910742404582e-01 2.654432997854523357e-01 8.723327156238560587e-01 5.928397268903140560e-02 1.647710475591032120e-01 8.520591758528160975e-01 7.580188008218565754e-01 8.200215346515122850e-01 5.649412550454767645e-01 8.577926639630986116e-01
6.594573409675915654e-01 6.348734582472934651e-01 3.620837231581000015e-01 5.571291388977395176e-01 4.714712433339592890e-01 9.039300646688875895e-01 7.313671740171153735e-01 8.583900947612971288e-01 4.365528191642906730e-01 7.902237562009953864e-01 5.421139202081897146e-01 1.996272723904213287e-02 6.460787269182399761e-02 4.570027538987757598e-01
8.326954226574670992e-01 9.962662978529164270e-01 7.203018456840762918e-01 6.024621165502482834e-01 8.816307663894440427e-02 9.640044407327130749e-02 4.167243612532105512e-01 9.329581475358100784e-01 1.130697160794699174e-01 9.677334082458077802e-03 5.005122521344065323e-01 6.873850720766414568e-01 4.634217392419607284e-01 9.987183705881100826e-01
2.707358935113194365e-01 2.843468410994531848e-01 7.733097369917204533e-01 3.568089052170659858e-01 7.393208058809075389e-02 6.833375238632255488e-03 1.933121731511355801e-02 3.928049620727809277e-01 3.496880661576583504e-01 3.802514942673638210e-01 9.167505491032225118e-01 1.205635788919595663e-01 4.698283374668743573e-02 3.278581728023911568e-01
5.046230723896446557e-01 8.804256356844697429e-02 8.396293998620318888e-02 9.996367008540004706e-01 9.121230967458247019e-01 9.071577903174998792e-02 4.994904178634812508e-01 1.482795078746076411e-01 8.626139073848372307e-01 4.762554611482595623e-01 2.071820910329826848e-01 9.597975947754929793e-01 1.577721884324710944e-01 9.313557390175771777e-01
1.130470999622055217e-01 4.467401061354842051e-01 3.348285268389935565e-01 6.558858528490026929e-01 8.739511122547028998e-01 1.222759911451843928e-01 1.749719530346147689e-01 8.723020025292090862e-01 5.479528797177728450e-01 7.850229817632031759e-01 2.325468189804669183e-01 9.201568710560869002e-01 5.535886702646746205e-01 6.481055297650730740e-01
7.572213282155763059e-01 8.655153869437813841e-01 9.542520124902204026e-01 4.632302895063622472e-01 2.829063115894459024e-01 6.689817011309306949e-01 1.144544749002941453e-01 8.983676138563857494e-01 3.903425322998236302e-01 9.988242493842409697e-01 3.064134185540989819e-02 1.857554799681188085e-01 1.852339063237919969e-01 3.555643659405194335e-01
8.047475454405128570e-02 8.774769526551811083e-01 6.438558825438001065e-02 5.521175186605919993e-01 4.832807159614999071e-01 8.375960621669011896e-01 4.648189408350471563e-01 1.655974906368724575e-01 7.481511356714332095e-02 1.589731650297540044e-01 8.745447895094217161e-01 7.265476934787595820e-02 6.569680622578197848e-01 4.529550169788799652e-01
8.982241272818574096e-01 4.947831341702549901e-01 6.368562759765462600e-01 7.532521837657678576e-01 6.382989637132849836e-01 1.357645488024539215e-01 9.045033049392815494e-01 2.878614340659674253e-01 3.311496471975795552e-01 7.934860868986343130e-01 4.818591839089633178e-01 7.635118782163232698e-01 2.213685377793583875e-01 8.498707250129826640e-01
2.113640185463345755e-01 9.282221793465178505e-01 2.262760966567701759e-01 3.251141154947805312e-01 4.234967115471883758e-01 9.430986145246013086e-01 1.798220496726844475e-01 5.977077460953479360e-01 5.004079513474802843e-01 2.640345929754782661e-01 7.876900717545898267e-02 8.480667871209359721e-01 5.334091905326835414e-01 9.017443809036294056e-01
6.316588037704196079e-02 9.585171297510332034e-01 1.425056456491113899e-01 2.925952196014747209e-01 2.979276794076364254e-01 4.119635279021930385e-01 9.173259426237296843e-01 2.676688569784559935e-01 7.760034490788927375e-01 1.268890392155627156e-01 8.857219614918697692e-01 1.582357800498460643e-01 1.085405427497264652e-01 5.025002091113409675e-01
