2.746764628676193754e-01 8.021921301016936567e-01 9.271907702521143824e-01 7.366922367704423769e-01 4.913177647503749190e-01 3.990308678398533093e-01 4.931375679719118832e-02 2.214679470064851996e-01 7.860602432790808614e-02 7.826958421209457839e-01 6.512394029827583974e-01 4.964386270094101050e-03 3.631867009461497986e-03 1.756673998863739206e-01
3.533533235008271545e-01 1.197026753008914035e-01 3.725769635994463647e-01 5.648571156750038513e-01 2.189657078561647596e-01 1.738528172274800276e-02 7.883593861804065739e-01 4.937877155993705136e-01 9.638303282627678215e-01 8.065777398490133754e-01 9.762612475490234365e-01 1.644839123808691239e-01 1.857688877435015318e-01 9.698596799874027452e-01
6.752285079688111757e-01 5.480936899929472750e-01 1.874456892870247637e-01 1.263596392149347603e-01 4.447034474128315207e-01 2.960550906828420814e-01 2.782646573830277470e-01 9.820759125204795437e-01 2.299239441354630209e-01 7.721131716295538405e-01 8.836561735831806041e-01 8.869139516983631788e-01 8.451718551651357103e-01 7.110228674946231786e-01
2.808070077220027327e-01 7.963911036637405516e-02 6.860379515850412169e-01 2.303071199144370862e-01 8.876571072478282032e-01 4.537514014874000079e-02 2.097821780895920973e-01 1.327822456465777012e-01 9.770442182251348751e-02 5.851569263798611642e-01 7.552029356452171216e-01 9.502613687780857576e-01 7.264430657963676374e-01 9.247248582485341206e-01
7.839789370508377653e-01 2.116190645506553780e-01 6.965891296984328962e-01 3.725794070596177843e-01 8.542506329778576379e-01 3.751776317493302759e-01 4.776386992246582919e-01 1.072009388828243370e-02 8.701146763416867103e-01 1.748294438748063673e-01 5.356106217303270300e-01 7.753168833944504845e-01 8.027667977825148071e-01 4.477123339836796001e-01
9.052527360319320149e-01 5.327786774937729453e-01 5.594862587769036111e-01 8.749406084358829494e-01 9.137457887745152885e-01 6.619780745425225543e-01 2.883843169308536458e-01 3.652977132152398498e-01 3.798667429404822826e-02 7.349255857491688859e-01 4.696644451799395492e-01 4.701673849967442642e-01 6.909557303275137841e-03 8.893486932375312959e-01
9.352853628021192689e-01 1.685358616932810527e-01 5.797765831446982654e-01 1.264708553836236815e-01 7.038967320203259881e-02 9.735655172049435535e-01 5.130546698111927428e-01 6.446553327843472792e-01 6.461980637525663873e-01 2.887946327125811008e-01 9.171360414738050082e-01 3.128536329884277212e-01 8.436233062654148185e-01 4.745822851804576414e-01
4.938808628316093685e-01 4.260465152271388778e-01 1.087079674366867588e-01 6.386944852165117315e-01 1.215370623195354272e-01 5.260857689568315676e-01 6.480072370371270374e-02 1.825992769504325430e-02 4.231333081982703304e-01 6.945996853289796436e-01 2.592497672156810484e-01 5.819453949843310658e-01 5.432233488904406604e-01 6.265401877166978384e-01
4.938461010215262625e-01 7.119144487028344903e-01 5.393158446179309173e-01 4.422566143335588951e-01 5.327648824931896510e-01 7.662749141936785469e-01 5.307648240361416692e-01 2.753945709802964048e-01 6.459897601656204857e-01 3.265936458688875055e-01 5.595912807230987163e-01 1.618801896486354863e-02 9.987536032658728136e-01 9.188840615061030226e-01
2.829153346036282768e-01 8.305313561683651535e-01 6.742123520300939976e-01 5.735974422109502147e-01 1.831036695777652490e-01 4.830591763245867254e-01 7.722336062097036047e-01 1.887332959776120145e-01 2.110341129624085932e-01 2.425294703381433159e-01 7.103579871763727738e-01 4.174122496904277835e-01 6.823482062047723229e-01 9.742761070126402245e-01
4.634492004470599502e-01 3.436471303548678247e-01 3.209477093328682029e-01 4.841143658226328972e-01 4.366157848341843950e-01 2.479667724903136250e-01 5.422143934180662095e-01 4.205999979186394455e-01 5.634818835791016722e-01 2.828921271573492380e-02 2.494439861162012217e-02 2.408605960602016038e-01 3.868598981394161251e-01 2.900523284111344857e-02
2.002875573739218984e-01 8.586130793042772158e-01 7.373477545140635359e-01 4.915305277567508790e-01 9.646168732869072615e-01 6.277000126442480177e-01 7.612563660190214687e-01 1.706634878838765301e-01 9.882764862049620014e-01 1.457400143831290018e-01 5.435156540783110390e-01 5.968788454713902514e-01 9.284603182753947692e-02 3.200992093098947722e-01
1.216699458534997724e-02 4.974760081546155677e-01 3.496214154849413003e-01 7.258079276176954142e-01 3.261263841931354435e-01 8.922098066441952469e-02 5.068183363720020207e-01 7.206118376431732697e-01 3.053346076810676823e-01 9.865965407439469814e-01 9.987380278106192666e-01 7.493503417382231246e-01 9.807091918758679139e-01 9.852001615528852563e-01
1.901674655523707402e-01 4.215769379277478635e-03 2.351786473184583892e-01 6.832092813682016930e-01 5.187183805887310983e-01 4.289278963626226293e-01 9.505798099006902424e-01 2.007455126676926938e-01 1.863112099894154161e-01 6.579215640642162022e-01 5.433921230044170825e-01 4.685896224026858681e-01 5.012801403337396877e-02 8.849906716948774399e-01
3.208821197755997723e-01 7.015321246997374693e-01 1.169793601450241916e-02 1.316309475577694954e-01 2.727763136301928348e-01 6.220126908451911740e-01 7.179227829327703425e-01 8.103340462510699727e-01 9.204905947840869018e-02 5.272811758298915352e-01 5.373416986932774142e-01 8.741970684604893904e-02 3.481887003492903920e-01 4.007825296065529175e-01
4.462349802979848068e-02 3.073423669309327533e-01 3.824592313988828263e-02 7.842919126211137515e-01 7.059904256140332457e-01 1.598474925713908590e-01 6.247782953923918248e-01 8.990124753800564639e-01 1.984951709880278248e-01 3.383753660354575921e-01 9.391590559910962810e-01 8.214401674312677981e-01 9.329656851493262071e-01 2.137219884001383408e-01
7.513833983519958570e-01 3.347969820936858021e-02 2.305034870566990968e-03 2.892210614679502356e-02 9.505282374254694355e-01 5.019938067243061575e-01 2.773617301266306789e-02 8.664848374443789858e-02 8.319684931078364931e-01 5.867563236486601497e-01 7.877112675080901738e-01 6.411221388425828449e-01 4.141645084572900259e-01 5.885479828189177365e-02
3.476941643924441605e-01 7.994180689530490103e-01 7.495837449821528553e-01 6.200895342849804814e-01 7.859563111275407188e-01 5.675100144812369463e-01 8.343719038569951119e-01 9.824972348779528186e-01 4.769378065876307415e-01 2.236268176870934710e-01 4.414105041225069304e-02 1.288752567462103649e-02 6.738884542426417656e-01 2.062822929759311474e-01
7.715949752091547653e-01 5.373354548199660297e-01 5.049470265059934349e-01 7.070517672956400101e-01 8.715217189073715121e-01 3.960076903225981937e-01 7.864235865684591209e-01 3.564345824463954759e-02 6.472188620899342881e-01 6.250826817173739114e-01 5.473127407576726666e-01 5.085644861183152843e-01 8.908074810759131212e-01 4.973234702930628970e-02
5.849672191779814456e-01 7.682459946007186291e-01 1.633545307088055676e-01 3.944811198417841336e-02 5.114823737683633631e-01 4.484593357584073514e-01 9.554483897630160483e-01 6.342006559591949477e-01 2.709229369977648183e-01 3.814094499030056262e-01 8.216201368361134572e-01 5.420350522363713841e-01 2.486923015322733965e-01 4.797179215843313527e-01
3.243535816673490668e-01 9.432296809188257525e-01 2.047191535323096279e-01 7.962859608020390612e-01 3.798752623211636426e-01 6.369745143745273452e-01 2.109880354690104598e-01 8.122381050983238371e-01 1.807814683424822100e-01 9.351724063536619447e-01 8.080118858756218936e-01 8.416099003965944458e-01 1.101219476938219977e-01 2.519591261691254136e-01
5.676690567795139586e-01 6.816106017917088478e-01 9.108437522709343925e-01 9.605262618597261159e-01 5.987821982086479755e-01 9.278884055234165595e-01 4.402920868778260610e-01 2.065473642108390795e-01 5.704118473811294887e-01 1.511685612760197417e-01 5.220194992406395063e-01 4.733937509899861507e-01 3.163166816694432670e-01 6.875448866747863041e-01
7.609172425350619884e-01 3.864219348975437285e-01 1.316181178714596056e-01 7.089156305777740696e-01 3.634297251977861576e-01 8.006015843164422385e-01 4.798098608352632244e-01 7.596367523710610969e-01 1.849927999538186763e-01 3.863281167085010903e-01 1.191820708568946952e-02 4.573174967200134278e-01 6.088840116422067350e-02 1.606311294571426407e-01
2.989618349616883775e-01 2.744287118955114346e-01 3.435200596871180734e-01 4.002102663589827136e-01 4.745810883882690678e-01 3.491129278688975823e-01 2.715964078963294392e-01 5.230485307042299636e-01 7.917323154595502510e-01 1.294488100441166800e-01 7.357482368433582165e-01 8.811778016027553839e-01 2.826499485896427633e-02 1.245644421531458823e-01
9.090886064791812160e-01 2.267281011874977548e-02 6.792428570491994000e-01 4.912638267971392025e-01 2.762801652561621690e-01 3.704445532627635984e-01 6.322191813632390689e-01 6.964229989189505421e-01 7.671978318589637302e-01 3.947670564672846050e-01 3.319737317968244339e-01 7.974090151263784065e-01 5.254464019954148135e-01 3.360398942501290342e-01
1.603369816701211148e-01 8.486889003924924513e-01 1.227666481039305646e-01 2.554787851028988976e-01 4.041196369479500561e-01 9.335535522662725683e-01 5.882315628162626542e-02 8.075544327939901956e-01 3.757195006230783507e-01 6.985475269675776033e-01 2.971428264723685597e-02 3.313967412012808200e-02 5.930792292297834001e-01 5.558583354431375634e-01
3.308392752691098337e-01 7.795942238786702783e-01 8.435234867755682098e-01 9.711172038883508772e-02 4.371933605129145750e-01 5.785374488666571446e-01 5.878545201748466287e-01 8.819655243479990192e-01 1.652894786210478140e-01 3.621672199069598808e-01 4.986637152987545285e-01 3.218073215527598174e-01 5.282541734602910211e-01 9.856404992619360872e-02
9.164958099796124413e-01 5.792189749838313473e-01 9.193438527553867701e-01 9.009827893092472451e-01 8.564523215108594822e-01 1.656790109811092648e-01 2.311234534562486287e-01 3.060277762326583106e-01 3.020456385045507952e-01 7.471672574387707710e-01 9.554571190682794590e-01 3.401667630722654545e-01 8.627520645677628774e-01 9.176636550656848135e-01
2.696273981269130537e-01 2.771520390456198024e-01 6.000528808821435911e-01 5.828721158246140677e-01 4.975812220659250329e-01 4.794818796548184769e-01 2.956085587532891745e-01 2.178095538141539000e-01 1.778487519155793617e-01 9.866336562823652123e-01 1.734297697795740278e-01 8.438934670690270146e-01 4.904638952337736502e-02 1.779233763295712256e-01
6.706880553172043236e-01 9.510943786645370546e-01 3.393610719643556095e-01 9.215982400780478034e-01 5.962610967752324242e-02 9.254519591943863865e-01 5.122271317663898982e-01 1.294081730136916741e-01 2.711088312864936567e-01 6.139473057871324135e-01 2.925318046028607677e-01 4.546940289146395031e-01 7.373915893902118768e-01 1.425920551308260675e-01
2.830561802186321030e-01 1.704450793293409427e-01 8.775343891149708364e-01 8.808118748966665690e-01 6.973548069204482669e-01 9.986091810742602215e-01 1.945313953237896021e-01 1.106410175563153908e-01 5.293217949486942464e-01 3.271625822623192015e-01 7.945125985816996472e-01 4.351040540911929044e-01 7.852912269398775180e-01 2.310016899404090385e-01
2.095684098785257632e-01 1.837915943272602215e-01 2.849657512343984900e-01 1.151139913268806048e-01 1.474452701219326478e-01 9.873996598758104648e-01 9.848549481401913663e-01 5.637216134305538251e-01 8.812500700428770317e-01 5.555542461200952964e-01 3.851694851103120154e-01 9.226581723732885099e-02 7.372525577049068302e-01 8.867873789455067435e-01
5.171299969081218917e-01 2.174497281181518860e-01 6.111903298516150329e-01 4.303586162125656589e-01 9.974191667970057074e-01 8.581666196238360023e-01 3.684738939244038836e-01 4.666618377142506269e-02 2.895047953358820259e-02 8.604691825652295289e-01 3.826655208310854039e-01 4.687737600481459710e-01 8.372215038443310275e-01 2.900748086707342077e-01
4.085324584397561631e-01 1.255009179563212340e-01 1.618714113126140663e-01 4.895875455073511739e-01 9.529981040238211243e-01 5.875719785916888593e-01 5.382422540515060527e-01 7.146225693923795586e-01 8.108954456016087553e-01 9.927309463912636911e-02 4.163272304869342078e-01 9.905579112245024298e-01 7.684256833806867304e-01 7.351375080533503192e-01
6.638796574161115460e-01 3.041388138806933039e-01 6.730822043415151112e-01 6.492124401876964157e-02 4.719997328273204396e-01 9.036023988354147107e-02 3.993535925913604956e-02 6.174180781398996842e-02 4.800410266450307883e-01 4.836680876837738952e-01 1.650446677887145164e-01 7.890478735713344349e-01 3.070027349705078956e-01 2.043129480140359888e-01
3.338856068834796798e-01 5.651467224593200722e-01 7.481410411760954782e-01 6.151058427875882861e-01 4.726318448756408053e-01 2.765452437111756145e-01 4.387634221240699350e-02 3.220615701623084082e-01 6.715721670583220115e-01 7.722122045726559358e-01 6.960153507573788589e-01 9.351379929930802026e-01 8.905579139573049918e-01 5.592126872884624067e-01
1.693321750280537552e-01 5.395721320921337272e-01 5.032531762443241963e-01 9.467116749720894120e-03 6.690346293059536986e-01 7.660584734232770421e-01 3.222997466136816591e-01 8.857070863265814609e-02 3.728272975901891773e-01 2.496153733670039010e-01 8.759988820025906842e-01 3.414672539662361173e-01 7.251078659749284894e-01 8.909454983219566859e-01
7.997907242254276294e-01 4.626096731910641635e-01 5.523428387806220696e-01 9.746872223911027255e-01 9.161820713993831244e-01 3.157855120288390882e-01 5.896393794822408774e-01 8.632066555921478201e-01 9.208830113215633606e-01 6.102855391401957874e-01 5.989626975714356094e-01 3.897310429542923949e-01 8.229594373215529668e-01 2.282656476539602908e-01
5.544454046186531038e-03 8.750545857449695264e-01 4.204325220904743254e-01 9.934174555968288134e-01 7.990400710174232479e-01 5.526808670411549329e-01 3.867884874632881997e-01 9.428902857795682380e-01 9.285419735461535318e-01 8.417165574409846140e-01 4.306863255785844391e-01 1.698173235780867651e-01 2.286273529240434588e-02 7.068118176400393082e-01
2.235579744709863537e-01 8.048044942371895827e-01 1.925462477250285964e-01 1.792055811589163827e-01 4.407385767249686337e-01 4.831231302690740526e-01 9.851545543780578784e-01 7.457927212497433844e-01 9.089795472813186894e-01 6.943456738078834789e-03 1.679093338665624824e-01 8.212268621422321724e-01 5.934790416261999102e-01 3.704138967142840411e-01
7.009284108944261460e-01 9.716779190795419296e-01 6.765834189060149217e-02 8.730791743235396529e-01 4.032917584839823544e-02 1.530353002495532522e-01 6.072592620084867887e-01 8.756407740638423309e-01 1.296430641483874435e-01 2.694216205201321879e-01 8.949472490934344826e-01 6.346427373373606518e-01 8.890682730537002865e-02 7.042325987937925191e-02
2.068596053867552964e-01 7.142846406012967053e-01 9.980703968678161786e-02 3.677070486231047708e-01 9.068653845274605718e-01 4.422653670607435972e-01 3.242350758513168341e-02 7.362655610176332965e-01 7.642847366350797866e-01 9.669472653438018206e-01 4.070564953078542603e-01 6.921786418757516213e-01 3.216727724548957834e-01 7.460761553266204160e-01
9.937496223942338114e-01 7.955894499417515142e-02 7.908832616514008818e-01 6.904495846195449760e-01 7.697896158585452175e-01 8.200534369582247463e-01 6.802890829500297665e-01 7.599080121320113124e-01 4.477451855644399847e-01 5.708970147091282366e-01 1.176728433250213701e-01 1.675396943191399535e-01 4.962553767825979012e-01 8.110199526860603081e-01
5.484236715594625888e-02 4.469065865550014838e-01 6.012661420789676692e-01 1.504436116972125426e-01 5.301841223698836592e-01 3.700923901031073493e-01 5.691136687601658917e-01 8.757737891040123790e-01 8.365848530728374755e-01 6.867626580441338335e-01 3.244556713534068049e-01 6.142792830510542812e-01 7.495041554944096296e-01 4.400789494847078265e-01
2.844917553224974860e-01 7.891352236751975058e-01 5.663835453090525496e-01 5.289754328729523447e-02 5.317014267277515582e-01 1.538267548564045129e-01 8.301055235862762061e-01 6.002126281090551796e-01 8.679495756280628527e-01 3.710737818419151957e-02 8.599862182946521605e-01 7.706078005118330854e-01 9.753324262320240967e-01 4.839029324723479464e-01
7.775566069894023213e-01 7.084363822412762524e-01 4.452443771266987316e-01 1.162411368516023114e-01 3.226865909683049871e-01 5.299635347017968012e-01 3.601816542683511368e-01 4.351040193955816315e-01 2.906406862379510292e-01 6.240125076006381999e-01 6.804439114552492951e-01 5.091744847898266313e-01 3.300261379509610293e-01 4.379263504135580964e-01
8.786936191420501308e-01 8.882688252118076111e-01 4.694949168833119080e-01 7.876886302407117846e-01 2.293578670066934722e-01 7.305255549024231021e-01 5.491875875236376103e-01 4.441227887286797182e-01 4.565180384200359098e-01 6.838130957089725293e-01 4.245599214494055751e-01 4.692843799652763881e-01 6.718723576043430512e-01 6.178726177875506487e-01
5.487724657290050656e-01 6.756789308523067916e-01 8.983352642869533167e-01 3.900574685679047970e-01 4.749380478535247807e-01 7.366824686428650182e-01 2.413808676123748720e-01 3.437519021160518884e-01 5.533744749139661856e-01 3.472565440879582521e-02 1.726475459513494570e-01 5.083012678659322159e-01 5.429058788604300689e-01 1.324949237366557231e-01
3.547423050130162903e-01 6.416634148116205916e-01 7.474721200872724847e-01 2.391688341031332765e-01 5.583495051989745273e-01 4.510009752337624800e-01 1.672563247565743705e-01 7.868674746809614096e-01 2.151125859827008879e-01 7.432801257855046195e-01 4.897402283552444446e-01 6.325182298484010035e-01 6.934678443917240420e-01 2.023800523682948160e-01
1.531773099797367754e-01 1.098653377770700823e-01 5.320526222286501294e-01 2.836020025264683886e-01 3.179108975402824555e-01 1.142493691365087383e-02 5.373017637185706352e-02 4.020533789782507750e-01 4.212139220602354461e-01 5.543319517864239154e-01 3.938699930924599579e-01 2.832371556360416820e-01 8.384743543707389168e-01 2.903802982751801931e-01
6.485585945855854018e-01 2.398363347364264042e-01 5.527986586108379896e-01 4.689306091593451464e-01 9.326259222410444583e-01 8.057616776347443777e-01 6.210075908871087735e-01 3.342327637178882371e-01 1.298910834083599752e-02 1.318997061911347801e-01 2.804454972434264892e-01 6.172950539449998386e-01 5.017953159714603206e-01 6.598632435528926088e-01
6.743174758859529216e-01 7.487237306103486922e-01 4.029625377893506499e-01 5.442603554265045274e-01 7.944135350790869632e-01 4.878919059545506753e-01 5.829583207358178809e-01 1.696488489155578705e-02 2.036017673749838108e-01 9.339681170681136679e-01 7.333972351251949462e-02 9.438460005543193310e-01 1.863735368044601159e-01 3.374187024186896533e-01
4.671461029585392000e-01 1.697336331627196104e-01 1.829442841880659643e-01 8.253422129927943107e-01 3.860372205029954928e-01 5.931298208149784479e-01 7.877729220243473440e-01 1.530269047176416874e-01 9.725026787434868369e-01 7.973184567423075020e-02 4.554310374126095962e-01 1.571556732129395506e-01 2.136249994433168098e-01 7.506428846897154061e-01
6.946844353628445212e-02 9.739267351914884241e-01 7.442319240317224471e-01 4.872613057138138748e-01 7.942329643854492138e-01 5.305310226618176195e-02 5.083829909083198428e-01 4.223764902223400286e-01 7.905861955370963035e-02 1.442027949354465211e-01 5.805664517996371732e-01 3.197617327305640744e-01 6.835073153729021023e-02 6.094235626278132756e-02
1.212967393408108663e-01 4.110880583454723514e-02 8.520072291454515723e-01 3.014608656986548230e-01 8.271244884496820049e-01 2.357940548747644582e-01 6.283459741038622814e-01 9.749731897995065344e-01 4.945120368217108542e-01 1.093211578207968770e-01 7.301166326134878037e-01 3.012518124614016468e-02 3.751596905628943324e-01 9.388156148057578143e-01
8.850976764334782532e-01 9.379339202517467111e-02 8.586292458890053547e-01 5.192188712687487717e-01 8.950978114847097933e-01 2.577400199330892594e-01 7.194094324894951820e-01 1.271431142201477904e-01 6.733824627185490685e-01 7.418430241356446242e-01 2.641959552670561928e-01 7.048590357877939638e-01 7.369425571876269121e-01 3.558156617039563985e-01
3.419672888617297790e-01 8.642176817584334980e-02 4.273400207102061588e-01 4.603671091879798505e-01 5.758729393480321868e-01 9.042065977036596314e-01 8.387768419539584075e-01 8.730083259384506800e-01 7.728404383638016739e-01 3.001645845914518995e-01 2.762360419787621701e-01 2.085601272449999488e-02 7.448029341165862682e-01 3.048331975526483717e-01
4.019132212653525604e-01 8.350362768520175338e-01 7.964710412461953881e-01 7.545387969245349602e-01 8.418738766412519059e-01 7.603935975685692794e-01 8.506928896628707104e-02 2.121277158298104926e-01 3.973894007801852535e-01 9.620276351564845951e-01 7.443254796278534480e-01 6.233711247706399394e-01 9.849598286998857422e-01 1.449411598864801531e-01
3.154562464634727004e-01 1.544517324403005265e-01 4.680646356499835736e-01 2.861654891537038781e-01 2.318636999895704598e-01 4.164688950832591274e-01 6.491720793979857129e-01 6.714125437086226889e-01 4.201245285030217325e-01 8.953406960106996548e-01 6.316971861657005860e-01 3.619796578222000960e-02 4.049384114129805923e-03 7.457545081358712968e-01
1.448726836631661907e-01 9.238598072870605193e-01 5.284603069360486183e-01 1.311331923382089704e-01 3.361165457004169355e-01 5.602294414472507311e-01 6.667018460336668895e-01 1.450124275005828522e-01 1.264759235364246726e-01 4.216016639149369194e-01 2.212419197909034629e-01 5.416196394451989748e-01 8.056268724320159169e-01 3.045692917539817302e-01
6.629464101939772647e-01 2.058910626853551751e-01 9.260981657081842622e-01 2.832614234830489464e-01 6.245497675503219881e-01 4.390679854952387329e-01 3.433605197389821839e-01 2.677505232770173160e-01 8.039984612128810992e-01 8.494492924125586208e-01 2.847844219848799652e-01 7.818650160971142293e-01 7.317812472543061553e-01 2.965754975239709434e-01
7.845869275367980400e-01 3.634138619643680901e-01 3.411511392173450785e-01 5.161805294219937723e-01 4.434291500222671267e-01 8.828736971332568073e-01 9.733052073801717885e-01 3.732696200273218912e-01 2.385365762588296246e-01 8.615698341486781597e-01 3.600906353033745955e-01 7.216910871974124841e-02 4.463571126790296661e-01 6.048625585016090822e-01
4.542630123048815305e-01 2.780135776576109219e-01 3.611530932948541217e-01 6.893843083634814128e-01 1.048444726866881727e-01 9.912196652293968624e-01 7.052694083630386412e-01 3.025318045558248459e-01 4.427937755870076098e-01 9.177593282920895046e-01 8.239234774907284731e-01 8.841625152425011125e-01 2.018272237988470996e-01 7.905483024743443776e-01
3.082374596334801486e-01 3.766988349419952975e-02 3.505563860366722739e-01 1.790785560022046807e-01 3.872180743056513608e-01 3.724292550126000467e-01 4.704140159586450709e-01 8.941153578547134106e-01 3.110001680376207611e-01 3.868792194694328224e-01 8.797527926552629607e-01 7.940170725491257908e-02 4.092567072453900945e-02 4.626986890482603920e-01
4.632046923957242601e-01 7.114591674465782223e-01 3.787632852111566528e-01 8.451206908414743424e-02 8.390718893025086444e-01 2.631443589695282581e-01 6.622003908842268860e-01 2.516823536236034720e-02 9.374013182446497838e-01 8.443128005646372003e-02 2.091989107503871015e-01 6.960119549813292839e-01 6.349551335821599363e-01 1.883868760720774915e-01
2.788269665851510482e-01 2.805911328124167659e-01 8.221942417374069612e-01 8.718055639999532369e-01 7.733762258200711504e-01 5.412775815174259986e-01 3.530188343789584238e-01 3.119085494793341073e-01 4.801169989762185120e-01 4.609878013592618728e-01 2.288392731667932001e-02 1.654439592267117343e-01 5.729178156670551303e-01 7.051344209120756767e-01
6.939404977432439559e-01 2.739761468295325297e-01 1.216640763938071634e-01 9.935297756048074858e-01 9.425396948459267010e-01 8.880656243358797663e-02 7.909942697767939901e-01 2.752678066171625471e-01 9.645585210407318089e-01 6.977067845955865488e-01 4.319284822470397245e-01 1.420399071319043971e-01 9.975255973701806500e-01 5.087528128825352658e-01
4.987729072467236291e-01 6.780788927245601228e-01 3.765978988478337897e-01 2.552974267268980357e-01 5.011045239792104589e-01 1.960158714730170226e-01 7.307221965576748968e-02 6.329162551352454091e-01 9.539892054360452622e-01 1.996467250307729646e-01 5.699226451421112172e-01 3.136816532278874359e-01 5.030520871721902987e-01 5.060389874341862937e-01
2.983967930105038135e-01 1.717730858023953644e-01 1.556499372447073259e-01 3.446241369020076606e-01 6.913974509033496973e-01 7.345772924525828529e-02 7.623319125138030561e-01 4.962615567091666069e-02 3.619159152522122280e-01 2.284620088691502460e-01 8.735803391126408801e-01 5.124267406759550614e-01 2.697679918579840574e-01 3.805045913114969425e-01
1.060429893016967551e-01 9.772818519776127477e-02 8.207160067327484709e-01 8.921363761903442491e-01 2.658087679540183101e-01 7.316186001075646317e-01 5.124003608986406055e-01 8.153024071156944608e-01 8.166350366483778878e-01 6.576134025629396529e-01 3.649414532468735484e-01 4.960203265520777283e-01 6.326027219773503463e-01 2.628506472659899451e-01
4.283489286460262502e-01 9.417298996984746484e-02 3.462938255154444089e-01 5.145288732009548616e-01 1.105231561937591866e-01 4.726122592128280120e-01 6.424486048365828372e-01 9.476713467203201624e-01 9.605681016948820483e-01 1.672161229178225073e-01 1.257280752963445547e-01 9.816835764554615595e-01 1.891690564423862408e-01 1.374816688283928556e-01
3.474503371562680520e-01 6.144644214728823828e-01 4.098076732512369036e-01 5.285236251028474497e-01 3.087379958566729421e-01 4.564461974770960273e-01 4.975538640458759820e-01 3.570143632922757604e-01 8.147124407244178412e-01 2.313581576990548783e-01 4.495781704529584477e-01 6.556450746625349657e-01 4.168699480139130831e-01 6.881602684185350594e-02
3.802791050711357146e-01 4.852302663315166686e-02 5.213750517096875647e-01 6.110532143082586520e-01 9.676455979823214149e-01 6.758359490168981409e-01 9.321168300725387601e-01 2.362060593603600989e-01 6.567778729320624675e-01 4.140728799375367197e-01 7.593915599798789495e-01 5.482916946797283808e-01 1.167079287333203652e-01 8.920604164135839120e-01
1.664125655080483934e-01 8.996236092855488531e-01 3.340497396870424351e-01 9.282389866809214185e-01 4.211853548817197090e-01 8.067550732311793427e-01 9.572914119188480342e-03 6.138044644600014754e-01 3.192546543083161215e-01 3.960884210658546234e-01 2.724531955236157987e-01 2.375144816459757724e-01 3.095935883899768593e-01 8.439071733062565306e-01
4.589203030678471462e-01 7.271624453523848342e-01 6.947793382752647240e-01 3.029831054041509653e-02 3.914070067147601417e-02 4.739715036311185070e-01 7.110661539229358175e-01 5.840152851026850778e-01 1.420550318191997619e-01 5.502229910556214465e-01 1.169655201232931985e-01 6.910287541148416590e-01 2.430703528661321000e-01 3.325865830828242942e-01
6.469237333026026660e-01 9.899977260407430979e-01 8.520643148567610403e-01 8.904123294832521074e-01 1.924936191494119875e-02 6.973197556571615330e-01 6.137339778651078603e-01 1.424442536926892044e-01 3.838574083844803475e-01 8.131261409589385369e-02 1.554971921298853310e-02 8.318590148997100364e-01 2.815684361840301575e-01 9.585409107381105409e-01
8.200732758236162212e-01 1.441363696747144374e-02 1.533764755800322011e-01 1.971914801207687029e-01 4.283478085059221341e-01 1.076217528263401224e-01 5.502611465237595700e-01 5.818906417427164302e-01 6.897049696074225578e-01 6.289580242380480302e-01 8.835659020257742302e-01 1.401246460646266012e-02 9.620915040070889823e-01 1.778020745459997221e-01
6.921671860761693384e-01 1.708550849551694339e-01 7.315800731068291540e-01 5.425024867420825680e-01 7.692550363486813092e-01 1.916719649770575185e-01 3.150101833745629909e-01 2.616088248409875749e-02 8.541624239417744402e-01 3.960248334493753353e-01 3.159975798210745701e-01 1.577766740955812708e-01 2.823561939925186559e-01 9.313023135952496201e-01
8.465303844151976786e-01 2.439846170743570353e-01 9.924571690726459172e-01 7.993659441221723227e-01 1.080691080438456186e-01 7.629179870075268877e-01 3.110082059628090922e-01 2.935225171186682802e-01 5.483866106167709642e-01 7.680258222488313136e-01 5.739731774973725331e-01 9.536312613948224604e-01 5.708535140024808552e-01 1.179505192026262250e-01
2.644781082004187267e-01 9.593958933961734825e-01 9.381208904182164465e-01 3.814313184481775698e-01 4.525169635877765995e-01 7.677501142913428778e-01 2.010295017571269716e-01 4.419610042389388038e-01 6.374276179620084193e-01 9.045169046466413620e-01 9.304523108395410524e-01 1.351572536067443542e-01 4.280585796306920487e-01 6.230535198736952829e-01
6.482146532109667181e-01 8.934651734929557332e-01 2.329903057142931333e-01 1.940362099657579886e-01 6.351695806543220524e-01 8.533348705004758505e-01 3.748427431623373440e-01 3.808444622368639676e-01 9.091995710204155978e-01 9.903017633407675824e-01 8.726250931851892156e-01 5.929958812854319028e-02 9.248836296393171397e-01 7.219999408190739265e-01
7.134805343730968863e-01 5.267237263024537874e-02 4.969008828959450286e-01 9.102187415564994000e-01 1.297926923541594668e-01 9.245680277881590525e-01 2.545559484804997830e-01 4.671145337499279515e-01 2.132895068971770725e-01 5.830821868387172646e-01 2.286759382360292747e-02 2.332702146335664528e-01 3.980959283528191506e-01 1.148724214728522597e-01
7.705300800726944122e-01 4.682454889740954584e-01 6.835419883713121925e-01 1.511407498795080961e-03 1.792682376538645705e-01 4.092922942224100913e-01 4.839194208375631190e-01 3.150093800802764576e-01 7.195827301491527495e-01 6.350257809736730152e-01 6.550982348770284514e-02 9.237861046093333028e-01 5.425864570766758543e-01 5.637257190787154926e-01
5.384834455979131684e-01 3.105728328479095968e-02 5.430285043689514479e-01 9.071495204828464720e-01 4.061909825165799237e-01 5.221762973381913753e-01 2.535527815010697461e-01 8.003533706663643610e-01 9.798013765227859828e-01 6.280714864560053012e-01 4.617718652674860369e-01 1.756067869425359529e-01 4.375570296050949048e-01 8.129721642753598987e-01
9.704107709468642318e-01 4.055751544512044005e-01 4.807580472877440725e-01 7.559208647625561550e-01 5.041283801577829404e-01 5.939379883027746665e-01 5.467405684822731482e-01 3.305749914738308481e-01 8.152406050726490605e-02 3.808687842892800601e-01 5.598968798035537375e-01 9.632741847336889762e-01 2.925827940593702658e-01 2.806523286169791964e-01
4.408490797303552533e-01 1.987126317766961803e-01 4.740909534615345144e-01 1.475820673201800881e-01 9.700883939849992421e-01 7.167786909104882920e-01 1.959707818196551043e-01 3.828802253695229307e-02 9.497429391489249362e-01 4.827420974302882861e-01 2.887537920951180892e-01 9.157286144340686107e-01 9.351137598990113542e-01 3.060873827510202094e-02
2.329837797516265407e-01 8.382690380039751199e-01 2.871820628150264509e-01 5.361069639195844561e-01 4.255344832294971624e-02 9.292564493792342395e-01 7.846113277249507911e-01 2.821070745649180145e-01 5.839757025640612831e-02 4.785900869142076797e-01 1.773825776622828254e-02 4.592024774103183882e-01 1.221956478781934807e-01 3.948285055425420076e-01
9.829615062417107474e-01 9.161458574831597979e-01 3.486742431560149180e-01 8.665739692268638050e-01 3.066372463224150691e-01 8.455886558442995415e-01 7.018747859858073257e-01 5.459787843746578551e-01 4.251512457550561397e-01 9.610963970606296591e-01 5.899147596144330707e-01 8.659616420549869353e-01 4.769446069563176849e-01 9.685240391399535520e-01
8.424554590962158862e-01 3.344903066345900067e-01 3.742921587775492887e-01 7.512387421825036382e-01 3.401392469017702203e-01 7.534535601590341969e-02 4.619762236735525107e-01 2.644449649181178641e-01 7.208287139115270303e-01 9.152989942037340620e-01 1.737427138207907618e-01 1.287893506544967037e-01 7.690623028753741375e-01 8.906253302152936646e-01
4.901237687750193972e-01 1.103884760468731852e-02 3.904583423159910804e-01 9.799112369026465874e-01 1.141571896001929431e-01 2.020702251897240620e-01 4.028768995725376945e-01 1.339029397689192047e-01 6.486298093082217830e-01 1.237937431667776034e-01 3.200765189100677199e-01 2.378807572705050610e-01 6.708157378625971834e-01 8.983749537819939457e-01
1.000711014543179678e-01 5.047980615445345487e-01 2.761864044051222100e-01 1.814175219667903960e-01 2.974992770480455739e-02 6.602095834224100956e-01 2.572146773231205330e-01 1.974570241399198345e-02 6.957662427878722466e-01 6.522651118606492826e-01 6.386982256202301533e-01 6.876581214735540959e-01 9.176109684966717861e-01 7.488288708024363194e-01
5.096060009162095561e-01 4.408166035887965961e-01 1.487986954474842527e-01 8.760099055095749154e-02 5.877554136088312120e-01 4.434949142423183499e-01 7.219781635402311437e-02 9.052956376387726323e-01 2.407452085152675947e-01 1.113373066250855636e-01 1.318831808614849832e-01 7.536694757178737936e-01 6.824280174945376309e-01 8.011347705069086222e-01
2.577380537776260416e-01 5.618225652487799371e-01 6.510515624205437391e-01 2.154287229860250008e-01 4.205405776415105379e-02 4.468808701275375217e-01 1.319044997988354506e-01 9.158684049838972108e-02 9.290501830309121356e-01 2.527712201425795779e-01 1.504842611530237129e-01 1.148763389980133054e-01 8.653314042365027881e-01 4.416044377660428566e-01
3.871702631785718385e-01 5.881400135604031298e-02 9.129126494792270119e-01 2.361872394637885009e-01 8.851279908128198981e-01 1.058641015044110567e-01 6.940608779178075727e-01 4.366514890593899967e-01 8.582298824631717782e-02 2.608795018933405263e-01 7.374008620862438912e-01 8.314451865054063306e-01 5.544728227957076427e-01 8.248004871615618461e-01
7.530110364784914356e-01 6.499060195606645163e-01 3.633654944700979161e-01 5.252469995867999897e-01 5.698851099462585168e-01 8.381138282816924523e-01 3.068619145713260554e-01 8.603462681574723936e-01 4.727761263610517073e-01 5.201505970841782123e-01 9.965439929795382179e-01 4.187280004324649418e-01 3.545478664975716399e-01 4.722312402878969806e-02
5.766749454133586195e-01 3.729019646322840886e-01 8.397862383404571807e-01 6.021144396903806983e-01 8.164057207914239278e-01 4.566306736337171213e-01 2.412720580059491970e-01 7.322166624195334261e-01 7.561505591452194475e-01 7.682557095176695272e-01 4.704953651484934385e-01 8.654237014491883428e-02 8.274450781795033016e-01 5.409532288547603818e-01
6.884001673541850774e-01 5.008509397649002493e-01 2.347168193668038860e-01 7.925667898756016960e-01 3.694860506841707304e-01 5.631741451108688290e-01 7.913499355052828754e-01 3.315654035134247835e-01 2.514518226986759419e-01 3.342840983890006390e-01 7.161293117376904549e-01 2.475004773389745116e-01 8.436729366609996283e-02 2.907051388251058466e-02
6.020478820939504372e-01 3.819904625664567455e-01 1.269995084730818347e-01 2.339291993496610544e-01 1.792094195785324251e-01 4.412106243608417966e-01 7.673734110159564636e-01 2.624739429235605215e-01 1.617784938952798734e-01 6.027517863908227191e-02 1.870013107210289904e-01 2.059637984809179478e-01 5.648549613905817779e-02 5.306741928745909442e-01
2.228500381815060605e-01 1.698130752478265171e-01 9.455292741270295842e-01 3.839569630688643986e-02 6.647865447696676977e-01 6.615450325376798224e-01 3.409604020305173622e-01 2.959793720712180498e-01 3.899559136106957036e-01 3.435999422596426323e-01 5.123595101502781413e-01 4.280800473920485238e-01 2.307295786353239508e-01 7.413886363032952120e-01
7.822845208956856755e-01 1.848722379429410534e-01 7.974413422755864955e-01 2.226884432237080658e-01 6.091039757440482871e-01 9.862515312748058038e-01 6.478109196136840886e-01 9.764896569040926178e-01 7.977713035407774100e-02 5.308896737476151984e-01 7.534143987522963215e-01 9.860698908491331016e-01 6.574907016762456813e-01 7.770765442495719544e-02
