7.775123276591344723e-02 1.110916949991458402e-01 7.778399590948900100e-01 7.201418103439244378e-01 2.197160700128522048e-01 1.859495137684201715e-01 9.438936415837528848e-01 8.116674818696553162e-01 5.165575941121084425e-01 4.888960597434869326e-01 6.077158722333502183e-01 5.752286015426664179e-01 8.715795903695421343e-01 8.325557167528679914e-01
9.541615425845966225e-01 9.864763674948814343e-01 9.529343366334424026e-01 2.037528570383128068e-01 1.099696753521076653e-01 5.046761015418899099e-01 8.927582872456674146e-01 8.690841958134555290e-01 3.953241678465934106e-01 9.223987371944615266e-01 4.960076716806087749e-01 9.802953479709536344e-01 3.491395988846027754e-01 4.126934157242948542e-01
1.738780313463380578e-01 7.343235293280920839e-01 9.512809650182288967e-01 4.597548139110531062e-01 1.619223778614500286e-01 6.855913691186347192e-01 1.099905663674118905e-01 7.400503781274518911e-01 2.194530357569490775e-02 2.789927909999804223e-01 3.733815269464186848e-01 1.885208240604041574e-01 3.456938883258093842e-01 3.337274972392324512e-01
3.538633748253734446e-01 4.411508036759999030e-01 8.655376212498218091e-01 2.659421103071568648e-02 6.671699375108431918e-01 3.214847155711235693e-01 2.124729798661126878e-01 2.313566158377681203e-01 2.926962776497018526e-01 1.616225670157955818e-02 9.974281305151905253e-01 3.611568684817864083e-01 1.371370450173696742e-01 7.840506991203166631e-01
6.290889016713793191e-01 5.821633604824854036e-01 8.033119064769362883e-01 4.512823213333856387e-01 1.750167635457373638e-01 5.607155126315332971e-01 7.613124409195876074e-01 4.446595495064397108e-01 8.225795839581357960e-01 7.195459888457156339e-01 2.571544459065757682e-01 8.198942054749059904e-01 6.084720000191491396e-01 5.527002572201595854e-01
8.511595613489568724e-01 9.647988711931321237e-02 7.534622072591626862e-01 1.481514844602538350e-01 3.264603880517124024e-01 6.922927213693305104e-01 5.936118373074220633e-01 2.716470745810622978e-01 7.514143355237059563e-01 7.880573107771506880e-01 5.856919648149809809e-01 7.069316600934022476e-01 5.312905318984292302e-01 3.108625710344422588e-01
7.443268384176985331e-01 5.601455324633963784e-02 1.707778378383778550e-01 6.072265673582931678e-01 4.926155283163390353e-01 3.692062494833353581e-01 1.507758403774375200e-01 4.194330378156727601e-01 4.561658938425811050e-01 1.370534881748360911e-01 7.894380821444056950e-01 3.214889823599483831e-01 6.434095752546393765e-01 9.666480141982505270e-01
8.111822819998070200e-01 3.534235065865605208e-01 5.178215101741796556e-01 5.297813499233862133e-01 6.327837673876468561e-02 2.481450227968508004e-01 7.573362114320056904e-01 7.199979898823590796e-01 5.061096459381219104e-01 8.210514419045182866e-01 3.602310073022106929e-01 3.109068958568058649e-01 3.490138570712425503e-01 3.772586642596493789e-01
8.924892435515644484e-01 2.334696761275856236e-01 6.933353095192538174e-01 9.081222691327710539e-01 8.649272946983279642e-01 6.615343192836456998e-01 4.780643992783574214e-01 9.359725927832788228e-01 8.492460298883167669e-01 4.564918950048952873e-01 2.011180486046588722e-01 5.093503166099673241e-01 4.718148533803379063e-02 4.999763610829960347e-01
6.082631118775283507e-01 9.488595093802798530e-01 3.455299603016580567e-01 9.898829726627030867e-01 6.249972851828916598e-01 5.002371907313751809e-02 5.183039288034823056e-01 3.286377241915982017e-01 8.364012490092890273e-01 8.053270983871185784e-02 2.164184310007508660e-01 4.947459697720517635e-01 7.092084903573643295e-01 8.981848988115512800e-01
9.561704247093503195e-01 3.701913323971236514e-01 3.856034715189655682e-01 4.075571362402596876e-02 5.421701671611581785e-01 7.643474376221379707e-01 8.768995596412416660e-01 7.879710700718745020e-01 1.275175215603829848e-01 7.083493570087303626e-01 5.028651044934082659e-01 1.364780509660734609e-02 8.476367295459674711e-01 1.230243642116561897e-01
9.652168739798308028e-01 2.897546998221004477e-01 2.046811194853663807e-01 2.247222711131015016e-01 5.227105007938981363e-02 6.126903565567467513e-01 4.179128994266767538e-02 6.405914728156347770e-02 3.752642283188979411e-01 8.604148952840816600e-01 6.851351009851207596e-01 6.518278693394713441e-01 1.284965683924339519e-01 2.637808222848521122e-01
5.533097599891084739e-01 5.983981687552817341e-01 6.798126862098745615e-01 4.594300828760796707e-01 3.289945257179730520e-01 2.659135316711180863e-01 4.163986698409977150e-01 3.611890575377070256e-01 6.235948742891708196e-01 9.540139782641301469e-01 8.745811599469875963e-01 3.007774025453939792e-01 5.108742222041040559e-01 4.693049774243218675e-01
2.318108730407665297e-01 1.043416555773728494e-01 6.186144235761943388e-01 9.776022743306125307e-01 6.213778306424556641e-01 6.528640670090073428e-01 2.576197698861810714e-01 9.156367241132082890e-01 7.381942841996191884e-02 5.758437794293675971e-01 2.446037835724748088e-01 4.306098116090614214e-01 5.051752683262427102e-01 6.728791851391158207e-01
3.406172107306293384e-01 2.125816002789308046e-01 2.582036361100281674e-01 3.200880042513689627e-01 3.527939073303597572e-01 2.571719867713521124e-01 5.085966012756635291e-01 8.514593672029450167e-01 3.398402754213017962e-01 6.631449889613491022e-01 9.196777559239854849e-01 1.080376777734963767e-01 8.425369577034490520e-01 3.261560585582834459e-01
2.632519665771210216e-01 2.406958610524297937e-01 5.959662541527721569e-01 3.224698533630933062e-01 5.013391123818671247e-01 1.261289376764046510e-01 1.784522949938172065e-01 2.782087944608701013e-01 7.437512836476385392e-01 9.350106792171671843e-01 3.847071653332201358e-03 8.152680711798110380e-02 7.438971898180124498e-01 9.039952696738101645e-01
8.597525548808364615e-01 2.102832607528226649e-02 2.907916549515131566e-01 6.770199532779630491e-02 2.065923898370116696e-01 8.340672138559324100e-01 8.301945406012704032e-01 7.082038956785848827e-01 7.101743792053085702e-01 5.777080121637179211e-01 6.286406939183424303e-01 5.802360246446529590e-01 6.328779194647728978e-01 6.393676003342074754e-01
1.619721320514873053e-01 7.725160315504427944e-01 6.731720924027794206e-01 1.190983550737262364e-01 4.863192124901383195e-02 2.897578510273571828e-01 1.197854700530815997e-01 1.066300509147485309e-01 4.402662232886900284e-02 3.176996497243780304e-01 2.344365125856802123e-01 1.449253130273479018e-01 9.101335553097364972e-01 3.917912700681607241e-01
5.752320637882470944e-01 1.674554163365438164e-01 9.486370298983779481e-01 9.516032827981388831e-01 7.488628982109536425e-01 1.728708433313781434e-01 2.014467709192353517e-01 4.399398406837515818e-01 7.044862766036320556e-01 1.217443516747954702e-01 2.021999203566487990e-01 2.670636648301405458e-02 3.365156161563603865e-01 3.197716653294193634e-01
7.188345963381951309e-01 3.144444610611308866e-01 7.303008240863096967e-01 6.533883345109458007e-01 9.124695680276962984e-01 3.010586889444543113e-01 4.183009942845987705e-01 7.066323464156175627e-01 1.843477782733340398e-01 8.589506634160637422e-01 6.574464352655998711e-01 4.134325121069769571e-01 7.183617098043791893e-01 1.081002010795456547e-01
1.133684273285905375e-01 5.330200271210050467e-02 4.285209139016203927e-01 2.887353112202936112e-01 6.182955697722686272e-01 6.542247460103208789e-01 2.536331424707497506e-01 4.755622699632694461e-01 1.113123102191474478e-01 9.914161125375789974e-01 4.643304905634534352e-01 7.360986394952167000e-01 1.653915600385286178e-01 2.063428431079737946e-01
5.882491867244482586e-01 2.779220315444622669e-01 4.818401088017052469e-01 7.596154184020303957e-01 8.779275981932106454e-01 3.218250213994162667e-01 1.282203809870742228e-01 5.413575470258003008e-03 3.264179542441166815e-01 2.957699518703192920e-01 4.910711117264907610e-01 9.336329584242106794e-01 7.422820134634084965e-01 1.538223733738823817e-01
4.645096652168898554e-01 9.801402787009146911e-01 8.628489027780079645e-01 1.107046274977419031e-02 6.700504293180786775e-01 3.745782016631996614e-01 3.040136180748701511e-01 9.973708034836720193e-01 7.694636429692722768e-01 2.673125928228052839e-01 4.650604427717419664e-02 8.522644381284804060e-01 2.051286976137486340e-01 5.198722152432705412e-01
6.832949844676917683e-01 2.035726651075004945e-01 2.344684416754130307e-01 6.003825892435685763e-01 5.099753724708042668e-01 9.045769357299419111e-01 9.284472865303622369e-01 6.581861159783453097e-02 9.607558205635599036e-01 6.209169914215113550e-01 8.081803030018830380e-01 3.384677924881893674e-01 4.082211218812499265e-01 2.333777495306503802e-01
9.782586991421575728e-01 1.823382681832020902e-01 5.739872231595420926e-01 2.140269966471515239e-01 1.923266721245678879e-01 7.958961180149051184e-01 1.967676065740519009e-01 5.170856602760908194e-01 1.058736295195595867e-01 7.635600773958794996e-02 2.048566587283606744e-02 7.768413897186217110e-01 8.579176472407468168e-03 7.434798667421993468e-01
2.770176221621372115e-01 2.197415245116035587e-01 5.310853390467769053e-01 5.380037907555765830e-01 1.047933927432607160e-01 6.131640141741334649e-01 2.164312930161244042e-01 3.473423183606546560e-01 6.308807801764698686e-01 5.247791719079930584e-01 6.403627591142100339e-01 5.340537260392339558e-01 1.027845611432299799e-01 2.892827582520717256e-01
3.306720241664219406e-01 1.736544316395747245e-01 2.177104501556390570e-01 1.851683720815011647e-03 2.329685045167781965e-01 2.206369210399105052e-01 9.345273018867117365e-02 3.113495796357369505e-01 3.597209236581530023e-01 2.323737282671570759e-01 1.372268729758727712e-01 2.045907317230263311e-01 9.333225744271441693e-01 9.006205727015144102e-01
3.673862046195597308e-02 5.591230234608505212e-01 4.986580332858562281e-01 1.875038220703504344e-01 7.641234532211784725e-01 5.425263851660548919e-01 4.293393522739796797e-01 7.741454146990182084e-01 3.812605927048663412e-01 5.262262531691082046e-01 1.916036816315533908e-01 8.477947323540412361e-01 6.246950327971438899e-01 9.169644751977158448e-01
4.626178723579869034e-01 8.716606210351951489e-01 1.412268694629237320e-01 4.846568908692220345e-01 5.209778957242153785e-01 5.621977951906935722e-01 7.865590010035841129e-01 8.065893682215912186e-01 1.269014799470173926e-01 4.938121573580933621e-02 2.509069270485604353e-01 8.335294991285202570e-01 2.942818650198478769e-01 4.772262905982179726e-01
4.739680318253381985e-01 9.328112143939871759e-01 6.737334748625657399e-01 6.769896172922512667e-01 7.542963669080882116e-01 1.964339965781194408e-01 4.717268574239763534e-02 5.790798809957381499e-01 8.101530676386936580e-02 2.962196195474045002e-01 6.920996037766699027e-01 5.374826884232115631e-01 8.688176521379907813e-01 9.687291131132301780e-01
7.792286649114864572e-01 1.086275819070072757e-01 8.720595180407821889e-01 8.677850048298109131e-01 7.337542789582227609e-01 3.360443172706031323e-01 7.367619505746819675e-01 6.295076967089044961e-01 4.833546640856452026e-01 1.594232081742552598e-02 9.580275868183939503e-01 1.354590952614748156e-01 4.959666450064931231e-01 1.968130944352792788e-01
8.767783760044085550e-01 6.398624501094550832e-01 2.670823943503348730e-01 3.990130322521386885e-01 6.562503625411371111e-01 7.692457852946460450e-01 8.478239884801095361e-01 8.396465696022045178e-01 7.787425659785381926e-01 9.281790742655298132e-01 1.547294551306921395e-01 5.317015894127863351e-01 9.931582324260925798e-01 6.790222634263121115e-02
3.928847221620024310e-01 2.616773802398920656e-01 9.530526868779443106e-01 9.981933096023356544e-01 6.088535065594090634e-01 5.539594862231045358e-01 9.471540487735350400e-01 7.725276429117025057e-01 3.227454081562242116e-01 5.676466618949461695e-01 9.495613075765727551e-01 2.826481958346186429e-01 7.475399016202999292e-02 4.467997203064200118e-01
7.346457826450264461e-01 3.131179889848045850e-01 1.597133302825307632e-01 5.558686637176935008e-02 7.275537368480332612e-01 1.693159675131264974e-01 3.247350982476290282e-01 6.430516863916572179e-01 7.252728774702161818e-01 4.258979487945510067e-01 9.395364777410859514e-01 5.826455049073051562e-01 9.195289574761124074e-01 9.672489288257430928e-01
6.784978461844001218e-01 1.571121957736796304e-01 4.549109108978066640e-01 6.746997612880135664e-01 6.028005154604088034e-01 2.928766184956790308e-01 5.213310172854163094e-01 7.042584737817529916e-01 9.798017549529078885e-01 7.405687510107719085e-01 3.675286555885364237e-01 3.262107057044271174e-01 6.281025641466935205e-01 5.096748845919882864e-01
9.769355890622458682e-01 4.609591580281213741e-02 9.554837865885653647e-01 1.196337188100904392e-02 7.900633455022676443e-03 8.447042118064829186e-01 9.162150614363402390e-01 6.851451112448674330e-01 2.706049435534616521e-01 7.215425885244878268e-01 3.380719733175902020e-01 9.556576154127927047e-02 9.571800075444201195e-01 3.404849782090545451e-01
9.088903288986630580e-01 6.825522110050753488e-01 3.029223435335112180e-01 8.425222027177310391e-01 1.505074061121198792e-01 5.069914853043948622e-01 4.835708448854456609e-01 4.223802641358826993e-01 5.598845441686612912e-01 2.423346917515436516e-01 4.113263583348040209e-01 5.295203843163029944e-01 6.848399168749299548e-01 8.793610021328686077e-01
4.547891808784878531e-01 1.079227363122723382e-01 2.557023874283214093e-01 3.712610062928294319e-01 2.591956808103835774e-01 2.104136545355965726e-01 5.895848089765043376e-02 3.997485184361968535e-01 3.017703870638882568e-01 2.193234300883264432e-01 2.282752228142748141e-01 6.469662571501271220e-01 4.504533021898193823e-01 3.471484103960819079e-01
3.897575657632978974e-01 6.520717854764024324e-01 7.310497026433826484e-02 5.565980866091900792e-01 5.151987334899453819e-01 3.468041813398420325e-01 5.248457565378008560e-01 6.296499465232839876e-01 1.443931269823436336e-01 2.030199461902660873e-01 4.776111000533455053e-01 3.343347192108110377e-01 8.520549674749283708e-01 1.142844718153546157e-01
8.368379987633084438e-01 8.369097278314513444e-01 8.307451071331397596e-01 9.665402184236130401e-01 3.251021506049220910e-01 5.769424547040250539e-01 9.976109640008707924e-01 7.052440783494428045e-01 8.348517198954574781e-02 8.389215748420403296e-01 2.827011787571487300e-02 2.506001273604763213e-01 5.328185141108028322e-01 6.131728833195154715e-01
2.847101451054582233e-01 3.900031479142891389e-01 1.823186613097471653e-01 2.418612816765509654e-01 2.235005402149222720e-01 5.553853085271951429e-01 3.657580126199289072e-01 3.182201324513584950e-01 2.077936802006729033e-01 6.826243425098121875e-01 1.756410581835735618e-01 1.132961518153045022e-01 9.436521583152424064e-02 2.406553653641113621e-01
9.744164032974955703e-02 5.768261708251860576e-01 4.561415681071043782e-01 5.586805797590207456e-01 4.255414026836529251e-01 9.561531832393168617e-01 4.448127757287348993e-01 3.406223074235947834e-02 8.043413183822446522e-01 1.896738016777548275e-01 4.808733679957785112e-01 8.449034492888807257e-03 2.821948243812665291e-01 9.863964609576412190e-01
9.307312927111571765e-01 3.015891229515015315e-01 7.414438711744499866e-01 3.120757821727087045e-01 5.600363695379273477e-02 8.259292617674668380e-01 6.565177764651188852e-01 6.242163057860614650e-01 8.877585227133839574e-01 6.018601448139991872e-01 8.831884448340175942e-01 2.239454549758563839e-01 5.215145706663723013e-01 3.480201267639155827e-01
4.550755972039203234e-01 6.317840244131113225e-01 6.906744145766180454e-01 2.592337908011184133e-01 5.985209980059589263e-01 1.252739962668191209e-01 6.920252348097702955e-01 2.052368063685870991e-01 7.383117860180457015e-01 2.740943830050657226e-01 9.347632480601888449e-01 5.146828310682860508e-02 9.669556417978610874e-01 6.973240677537465571e-01
7.434115843678514857e-01 8.506716047339643039e-01 4.443138345977759585e-03 6.720947675898880647e-01 7.581208767214615563e-01 2.749623616505434409e-01 7.433763522456398043e-01 1.936585383329598731e-01 1.782902856617888387e-01 8.926053138446661261e-01 7.650853673008837230e-01 9.536357411672489182e-01 1.142573837459903707e-01 6.828889068358611203e-01
7.928580437963975713e-01 7.406920933327807433e-01 2.265452100519492751e-01 1.279824325759743031e-01 1.927425868894777627e-01 1.237843890042257256e-01 5.968613476572057763e-01 4.443976135270437666e-01 5.357157428970064084e-01 1.256452888264247836e-02 2.899078195717205153e-01 3.812197263433775296e-01 4.207727939747361035e-01 6.932005057098519218e-01
8.984817305776635621e-01 6.580114971042086980e-01 6.914087108821818095e-01 3.655990547193953555e-01 2.963018263779692019e-01 1.616953963808676065e-02 6.008366131950577671e-01 8.816917500315210043e-01 7.660224206748744713e-01 7.753407919911602386e-01 2.619192756847277259e-02 7.384362384681004698e-01 5.217626799829988560e-02 8.890379395010239438e-02
5.746445929097748762e-01 9.128510123029193180e-01 5.501889484976008049e-01 2.675057395252403714e-01 1.031537448110516619e-01 8.017730540432813635e-01 3.132002273630014599e-01 1.709612806459982481e-01 1.017516910279822051e-01 8.933460540413392659e-01 5.396231742027729483e-01 9.066052369154937729e-01 2.725180685006795001e-01 4.813574908489128834e-01
1.691354758277436865e-01 6.595146394285966718e-02 7.779310520488185166e-01 2.614723499572119136e-01 5.494690898710958837e-01 8.419017256443774855e-01 7.208721549410890272e-02 6.371259825120585418e-01 8.017345444602160809e-01 2.518980594309379040e-01 4.466159683662466184e-01 8.799246556640909489e-01 8.103454027120760017e-02 9.789841908537755266e-02
6.196422125522275115e-01 2.758899422101881438e-01 2.462920538741126819e-01 3.675111356247724448e-01 7.158359905705521387e-01 4.573519870587453573e-01 3.705234380698504415e-01 8.599781861779157710e-01 1.963838659355520155e-01 8.292820913563663243e-01 2.928151557358940060e-01 2.349916992261309456e-01 1.805632106558059391e-01 9.034465809261643665e-01
5.777073204300975373e-01 7.827618786193756284e-01 5.979659551807670059e-02 5.255759441971947776e-01 6.414814756045649213e-01 6.361888249344984647e-01 7.026618719070494290e-01 7.373570920136293116e-01 1.716694834584175933e-01 2.744836881703621723e-01 6.417470511499276942e-01 6.836219051617123954e-01 4.158794432683423636e-01 3.353393893918054092e-01
9.268809761553590265e-01 9.073381679114778109e-01 3.413099304186405503e-01 1.333036146642073705e-01 6.438498494235672664e-01 2.928951558905049657e-01 1.082930894464763094e-01 3.390422962415942099e-01 6.698248071159597083e-01 6.064392311720945283e-02 4.593605630902852788e-01 4.179547394987569442e-01 3.230839983013563677e-01 1.225555921617795807e-01
6.817269154653734509e-01 6.859493406059719023e-01 8.834640776719986377e-01 2.654183167951316147e-01 2.607559627824493909e-01 8.270454437460148522e-01 3.620256384316279386e-01 5.342608917511133537e-01 1.292403167604389003e-01 8.354922442980194930e-03 1.191253577807982467e-02 6.663702847675584406e-01 7.672734801502589796e-01 4.449826309573028382e-01
2.378907901670089808e-01 5.624493466588543766e-01 8.041824292884663938e-01 3.425297445498525217e-01 6.656193409556145912e-01 2.121946738486097939e-01 2.982657769341061638e-01 8.487022146830403013e-01 6.804586635270385431e-01 4.381157922339136146e-01 6.805647944815819139e-01 1.412127344054803224e-02 1.462985175366275925e-01 1.535199692090046808e-01
6.812434899989371351e-01 5.974048905285034294e-01 2.745948617022407889e-01 7.006167891595285191e-01 6.002320596583213819e-01 9.174043720619047271e-01 7.547604317600349333e-01 3.555234978222632236e-01 4.042370506693168108e-01 2.239420154263226381e-01 5.968604375161055131e-01 6.390445043376227208e-01 1.301317262652338380e-01 7.760097748247273275e-01
8.605480056931139599e-01 2.235959714026761747e-01 2.928233398622883676e-01 1.892969210996077178e-01 8.535048304647252504e-02 2.692132155930636594e-01 6.615189759070145836e-01 5.349197581271833979e-01 7.763568037089367824e-01 5.614598941296453649e-01 6.660192927214544367e-01 8.027459252407888046e-01 9.789329079215745022e-01 9.956128884888343356e-01
8.039993853732163576e-01 8.650413857583373334e-01 6.069165109361662758e-01 8.075858845714721790e-01 6.083685045243759637e-01 4.221797094326279476e-01 2.989014043192369519e-01 9.828164062383781818e-01 6.330866485605812777e-02 8.050414418582380049e-01 6.963532429064327456e-01 2.403121266454523175e-01 6.672292312674128478e-01 4.282739565313409269e-01
8.024512192227020169e-01 8.731314003043043614e-01 3.959322160838976146e-01 3.948255207464002048e-02 2.052372762117424809e-01 3.640512866504574951e-03 9.816462738945319622e-03 2.310021784179815407e-01 5.383983244476805430e-01 3.422459486790724315e-01 7.733030254030297534e-01 3.591206944736198281e-01 6.684618699077166104e-01 9.743909016193459394e-01
7.263532805592509689e-02 5.063334268622077250e-02 5.338545244034579307e-01 8.597131659427222905e-01 4.308156490279738682e-01 8.535196449895563475e-01 8.641656385287892483e-01 9.916160929418059711e-01 5.419766144726779755e-01 8.479339340586947715e-01 9.632168602680024616e-01 3.907071517777290781e-01 8.374992822524343072e-01 2.625935883665913018e-01
5.865403437927088071e-01 5.039077862376036832e-01 4.520334925390701031e-01 5.492094146630840390e-01 4.360426030224281435e-01 7.016166070414278089e-01 9.520987307588435478e-01 4.871571347803232976e-01 4.498730848445722241e-01 2.834884120277040287e-01 9.691052779719893095e-01 4.150671296154372358e-01 7.985095111935129886e-01 4.120639948621928061e-01
7.199182065015273801e-01 4.604006430650736670e-01 4.216247880869373743e-01 8.108132105117893396e-01 1.903166765682198225e-01 1.060633408591287186e-01 5.103666522538053973e-01 2.995435712341217860e-01 7.012570989400875865e-01 2.109268403183409690e-01 5.096220112425861037e-01 6.339882587396507008e-01 4.228233682614241928e-01 9.628116349994408907e-01
6.593174985091369011e-01 6.198406676496313050e-01 4.142173490091383137e-02 1.119807993525379075e-02 6.786598014044704641e-01 7.556706826325874093e-01 8.983718986953157515e-01 4.965677896938962554e-01 5.357677696451090821e-02 1.879885474353777397e-01 1.611142446857285471e-01 6.892421884804855736e-01 4.243515707974037099e-01 9.654358228582022861e-01
5.341824397701537830e-01 9.262418788168605976e-01 6.120208822488720779e-01 1.550332834872052423e-01 8.735144972964326016e-02 5.844316023775383284e-01 3.353292003881713779e-01 2.775764211623245048e-01 6.283919420110688492e-01 7.212274322870565468e-01 3.820074824962478299e-01 3.150886376353956297e-02 8.689480090639731813e-01 4.658977768669952946e-01
4.812950881317458185e-01 2.421974256336106857e-01 9.638843773004048820e-01 5.703452874138178474e-01 3.995779983800840096e-02 9.931045554838742184e-01 6.282050264870033818e-01 6.140445195010613144e-02 3.982752718513682400e-01 3.202560111462680048e-01 1.328131671805806713e-01 4.076213457225198455e-01 4.136871286037626660e-01 5.407954094785007992e-01
2.443175759528918300e-01 7.954146375502267885e-01 2.952179528627794092e-01 3.724622437857727508e-01 8.211654936237056113e-01 8.875507518001153340e-01 3.465552847466886188e-01 9.699248308826485809e-01 1.435804229239071583e-01 7.608912073620978100e-01 4.397044840595019100e-01 3.306577279084687015e-01 2.229416455274370046e-01 9.962133515396885963e-01
1.232808894577422931e-01 1.798100741848408513e-01 6.044830044387228263e-02 9.489519022958154970e-01 2.522469553707146206e-01 4.182232641491177016e-01 1.975976282910371085e-01 3.703880012368619967e-01 4.356718776583546893e-01 6.657149415871012055e-01 9.618501928590593719e-01 1.056072466563194867e-01 7.589611329570316034e-01 5.376170563439160999e-01
9.613861681798123726e-01 7.869576194373216760e-01 3.912740744805818238e-01 3.368100882221281012e-03 9.848592378143147252e-01 4.793168994511866066e-01 8.958369559413461580e-01 7.962717273979429411e-01 6.164603477395707021e-01 1.329605343326137890e-01 5.286576082276530641e-01 4.540494495438586187e-01 1.199991356101159923e-01 2.149515670781996235e-01
5.294214623374398077e-01 8.503546114723125049e-01 2.383035680697620506e-01 8.281198145962388457e-01 3.731185250472884851e-01 2.476997877340306742e-01 2.080147375322378700e-01 8.405549037476317542e-01 8.644756410603228192e-01 2.365119756375850812e-01 9.106441751943683549e-01 6.890309627661864722e-01 9.314718873897552820e-01 4.455303747529056890e-01
6.270861763547697088e-01 8.635870460736213561e-01 6.450614308456765755e-01 1.711425388103461342e-01 9.140023456487416098e-01 9.211070124505577050e-01 3.130010203196278429e-01 1.616499330298155623e-01 5.929476348215986237e-01 2.737668025033827002e-01 9.372980472589956813e-01 1.835771892162372243e-01 1.916340093913995180e-01 3.575628227049879593e-01
1.329758516714553140e-01 6.145954035616352229e-02 1.393531107579129014e-01 4.825150670240344608e-01 7.283820892636917455e-01 2.962461355051185796e-01 2.521047781744740757e-01 5.435124817186910429e-01 9.430912322830659056e-01 8.823551273802024975e-01 2.098587229475701310e-02 2.343650765191142016e-01 4.624372054110010843e-01 1.977544401622655101e-02
7.374969377285862659e-01 9.236819551443247178e-01 7.735339688164510896e-01 2.357286749159527295e-01 5.661871336632167129e-01 7.980760901200256718e-02 8.447952448111212265e-01 2.291920226163070007e-01 4.845915785797128006e-02 6.377685117103621959e-01 4.062665029654954907e-02 5.777746480300846033e-01 2.606121367183340531e-01 3.727801076273911107e-01
6.413934371843985627e-01 8.266156195516334293e-01 9.923621307179641970e-01 8.051304112037301897e-01 2.280516805185954787e-01 9.337671366895740066e-01 3.601694934835375506e-01 5.427364249290012044e-02 9.528450779807086102e-01 8.856673730246307219e-01 8.584141874570909714e-01 4.868290673589363848e-01 5.268674377872855086e-01 5.217506147343786704e-02
8.260730177555662967e-01 4.943157003967918461e-01 3.453554269933922782e-01 9.394119848276464291e-01 9.842660298664160923e-01 5.359334862753152295e-01 8.949310180428846628e-01 5.552833098771551290e-01 1.649660550271140336e-01 7.003116733924337201e-01 2.805661942659924968e-01 2.970698891279865972e-01 1.910140005079706826e-01 9.778676055846069470e-01
4.269858840304646685e-01 5.158576317215368690e-01 1.192521638900567726e-01 9.902561997473394717e-01 5.931016614952080435e-01 8.349591926406743081e-01 7.708326509174285857e-01 7.108987498664393057e-01 2.481303486725566776e-01 5.282605090401915060e-01 9.888800433189659511e-02 3.808745702266996824e-01 2.231405523607992158e-01 3.943352695779595019e-01
1.541390745352285707e-01 6.143014936032749063e-01 8.461869718108028238e-02 5.506991412132318242e-01 4.290290049749591050e-01 1.923285846342558392e-01 4.555079808024639076e-01 7.486478482895044806e-01 4.887338057586332329e-02 6.135311269936460921e-01 8.015523692571313585e-01 6.779119310185758307e-01 4.211586353474623401e-01 1.091739864336150889e-01
2.527767956969010354e-01 3.053767326368537205e-01 3.998319649905706097e-01 9.191513606697914174e-01 1.492862849563252325e-01 4.000492012215106641e-01 2.597321132193838311e-01 3.025603556485602086e-01 7.215611491357690754e-01 7.403532969386505957e-01 5.658802853370942243e-01 9.908871874906123312e-01 6.107332386055934759e-01 1.771645644385100304e-02
2.533202153527452927e-01 8.928334965871040918e-01 7.620237780355784141e-01 2.948059208016976518e-01 2.809583112460045662e-03 7.494181177761166657e-01 6.553410210539116765e-01 4.469202862670154097e-01 8.584064040966044029e-01 7.300400358462521000e-01 4.875956558024244769e-01 3.776179926245833984e-01 3.678208473403961065e-01 5.870091953064341395e-01
3.311179444458890453e-01 6.997424790735847777e-01 7.064834208291882467e-01 3.349977833732814547e-01 4.313585286631327342e-02 3.933038529342044454e-01 6.692019796279907728e-01 8.368993948994435383e-01 2.321079718567049532e-01 4.862038274361990542e-02 6.324927951398462422e-01 9.677007640891325257e-01 7.093610157922325410e-01 4.616337826488445817e-01
8.282997333752250002e-01 4.404990668289003874e-01 8.324036852689126187e-01 9.930943053560392642e-01 3.375326603982764517e-01 6.417387493965766021e-01 8.709044024220727875e-01 4.636211431068005817e-01 2.390293476371277981e-01 8.553369960732689625e-01 5.907152445392641615e-01 8.826156350367690973e-01 9.661632272119617948e-01 7.690768073973318630e-01
2.946268890196326318e-01 3.172155088957053781e-01 5.922713909089027950e-01 5.650421463270467459e-01 6.637446347087500031e-01 7.757713447201490808e-01 6.786098921517402793e-01 5.784347689737384668e-01 4.527216243964217179e-01 5.904949748502437146e-01 6.270523599788696556e-01 6.856885007832499435e-01 6.076396334547052858e-01 8.483464782897987000e-01
6.174292671074047556e-01 7.586790871292885541e-01 3.152599462082731341e-01 4.977601235220993070e-01 2.606552185966271029e-01 2.079209791015402820e-01 1.765804639912649243e-01 5.869588475889109258e-01 4.169121587426167785e-01 4.482498674400383631e-01 3.832622202053379556e-01 2.237444796439169714e-02 7.639085089078664348e-01 6.762397622306063338e-01
7.696414535500173404e-02 2.327814031828534524e-01 5.481486452526702635e-01 5.365146411456657161e-01 2.107503284121573506e-01 2.133772625394394495e-01 8.421244993220337038e-01 5.020018161484322006e-01 5.640868757041664905e-01 6.371994831017565586e-01 7.531201002312098991e-01 6.655652157608832331e-01 1.756363082718883639e-01 2.109119925056432976e-01
7.934201777867296856e-01 5.701894077030422725e-02 2.540362264215213495e-01 9.488823190469317659e-01 6.425240245199601574e-01 8.153465980204794850e-01 5.218382164397690204e-01 7.595282035639739915e-01 8.610174767467879686e-01 7.232599911161355921e-01 7.555197839234291113e-01 1.590648909706188219e-01 1.416685750153842127e-01 5.242207780207381873e-01
2.464351784307233784e-01 3.806707486100180393e-01 5.243291656564731396e-01 8.741188503023765710e-01 1.005831612529739516e-01 9.859021090857801317e-01 9.292347052009263253e-01 3.029728980643642267e-01 5.695806706121080421e-01 6.845114352304376704e-01 7.291109960636131815e-01 6.351952043489564881e-01 3.014592969240018627e-01 3.186620500771769615e-01
2.847916534265496624e-01 2.204602880653431241e-01 2.003769079704981193e-01 3.379275617549997168e-01 9.074944225259435893e-01 5.414092720560388372e-01 5.396789619198563148e-01 8.355049989510177078e-02 4.174125460674614763e-01 8.323092867706383124e-01 5.327130845164035344e-01 1.960767716005255012e-01 6.376666394540336791e-01 9.620629212613664993e-01
9.024237313268593796e-01 3.153208867025681927e-01 5.675597761587876100e-01 5.852759374278667659e-01 6.733070265463151349e-01 5.235757127317184345e-01 8.369154816035162536e-01 8.439985056302556909e-01 3.559093842080984782e-02 9.878720985023087264e-01 5.289059705390286581e-02 1.016892774735165261e-01 5.573174533003808495e-01 4.887014521148029811e-01
2.464840181747921521e-01 9.105601230734002849e-01 4.696046754224986186e-01 9.029716669022065378e-01 4.817493652521984693e-01 7.692470654317850043e-01 2.587149077960614330e-01 6.530376219330270571e-01 2.773688212195820624e-01 9.716051787152033548e-01 8.570203943736741659e-01 2.988936024061307206e-01 3.238514299246189054e-01 1.290087126477448276e-01
6.523580713871288683e-01 2.570030284218761674e-01 3.958654189296589854e-01 5.384392734814513748e-01 2.229803839078612349e-01 8.628478498751057657e-01 7.249168170937059230e-01 6.809592867360012569e-01 7.904157475303329461e-01 8.971856481144580009e-02 1.817970209134084358e-01 1.438862259947948363e-02 5.418844506741700151e-01 9.606075955264411492e-01
7.942609767389966491e-01 8.998534830507787241e-01 7.976374456985867445e-01 7.507132671630172283e-01 7.731980721800574274e-01 1.644580334152357937e-01 9.462791123886826750e-02 6.715059835281634859e-01 5.235903735751832322e-01 4.579127313466270222e-01 4.974850970009456752e-01 1.751246342004413314e-01 9.536363298332433125e-01 3.139970247908682177e-01
9.503910766324348280e-01 9.667760444314270618e-01 6.967428662103763992e-01 9.839393760020116453e-01 7.718886634349358955e-01 7.260046202161263285e-02 3.374506181909977531e-01 3.144267839124259556e-01 3.878053164922804497e-01 5.975942989273683725e-01 4.256037875848259766e-01 3.268633569316511389e-01 1.174263635710730558e-01 9.448761044786454510e-01
2.819587138471858490e-01 7.603489863451915465e-01 3.227296966854606985e-01 9.971238722181430258e-01 7.559265032094224512e-01 4.987627455099632456e-01 9.641789460537191214e-01 5.301934740010936231e-01 6.461754994529707030e-01 6.567004589714546814e-01 6.311387517930733271e-01 3.061707755572681267e-01 1.190680910326354924e-01 4.668079493284331694e-01
8.542795306357553464e-01 4.182293820170657206e-01 3.296911099286901070e-01 9.747219952704326840e-01 1.649091332355155926e-01 3.229076618175419355e-02 6.681868457491837443e-01 1.400492322875065421e-01 4.514876388628407122e-01 2.715715671024854228e-02 1.053124349025297279e-01 9.664264403502990097e-01 6.277267311527153781e-01 6.725643802471175103e-01
4.039870621471407519e-01 4.616046685861679988e-01 3.453527760015758785e-01 2.824310473320820192e-01 9.770423140602901846e-01 5.657509690184904239e-01 9.292614102799784392e-01 6.663139884565013604e-01 6.189691077413042031e-01 6.028586389877297336e-01 4.745021597308581862e-01 2.566286107953728024e-01 3.846349750693058844e-01 2.991997235038330594e-01
3.375219351703029336e-02 7.369497123783750325e-01 9.271124534893615543e-01 6.400164605811107243e-01 9.623447419096321509e-01 6.226726288690853650e-01 4.621614875941948419e-02 9.816398100863197307e-01 1.157185336572128520e-01 6.056278316183021371e-01 7.189606219718456259e-01 8.272799958887494531e-01 7.128687953626473561e-01 9.720378751630934788e-01
5.248275770328216794e-01 4.684087518666169014e-02 7.254714608397262454e-01 9.380190820119606032e-01 6.897724412296463159e-01 2.224393624736030750e-01 5.930809997365196207e-01 9.086809524784354997e-01 5.702780581469435450e-02 1.367536505699489258e-01 6.465433730349645636e-02 8.264983739581212019e-01 5.843023091554682136e-01 5.151388581959389645e-01
9.064984301178367065e-01 3.965902768388021027e-01 8.451434014491532309e-02 8.611175436321067966e-01 4.252581097804387644e-01 4.993419814555470904e-01 5.856190316246305816e-01 7.952001000099311323e-01 5.461877113080941815e-01 5.364558357547579703e-01 9.636044625281947607e-01 5.469270246684427850e-01 9.745896689994767437e-01 7.980273498026468904e-02
9.044198587970342373e-03 9.236405655818861193e-01 9.224884442172077703e-01 8.553991883373655014e-01 9.920435412820718390e-01 8.132816448782265173e-01 1.546528160838306354e-01 2.002028316548465359e-01 9.553215738624132314e-01 4.603512505237965513e-01 5.456909709734097946e-01 6.830304538288469729e-01 9.861817181591330250e-01 7.522489552071672803e-01
1.440019033023286488e-01 5.657914980212260803e-01 7.957440807116061832e-01 4.922233627447382132e-01 6.937788256118657682e-01 9.086144888572227352e-01 9.195869176146397317e-01 5.986294633674567045e-01 3.861513827560263401e-01 7.609839217985414628e-03 7.760719622647216376e-01 4.572845725397174377e-01 1.456217962583533643e-01 8.651305024815293399e-01
4.217444287478278042e-03 4.307894664772362603e-01 4.729895552681854243e-01 4.893715979837176544e-02 7.382235219571375850e-02 9.947869938161194581e-01 1.971606807223734714e-01 3.674734503777606909e-01 1.965335449043656979e-01 4.830004400730339986e-01 8.369344324534191415e-01 5.732091329207759101e-01 9.979821604955054770e-01 4.144270949821342587e-01
9.556141805811340095e-01 6.389072708543186430e-02 6.239144073732312279e-01 5.565813051627177543e-02 1.930991929131529172e-01 3.913193468665413510e-01 1.807602588450304415e-01 4.929344422996015940e-01 2.953351468198328611e-02 2.968847542988177768e-01 4.470989054179497213e-02 2.422945341606063119e-01 7.285105036819383706e-02 9.527752409005880718e-01
