3.322395710759473708e-01 3.571359331443357821e-01 4.536994053417393591e-01 2.511707238086436922e-01 6.937652378998337976e-01 2.073686385344483130e-01 4.543738227306692856e-02 7.290719486452368336e-01 1.296730250253772532e-01 8.286910317603485288e-01 1.849837494749191347e-01 3.327157192065961500e-01 6.255564960554261811e-01 2.843797236473805112e-01
7.586288688747487852e-01 5.471227193391802190e-01 4.597896021467595684e-01 9.304229869377552697e-01 1.360106424651419399e-02 6.486879169359728303e-01 9.357343161174730417e-01 3.828546771438390284e-02 5.198748300273966505e-01 5.547626701059483745e-01 1.697423751459513630e-01 8.145553942119596602e-01 2.334402314302467252e-01 2.483132954984491603e-01
2.477393315084552849e-02 2.290608376159877224e-01 4.657258495596572345e-02 4.037101606169642976e-01 1.652677650304432699e-01 5.808461831544387000e-01 3.719572088740299431e-01 5.446949775094801494e-01 6.562629316023804726e-02 2.295338829699583583e-01 6.458715646095516405e-01 1.779079683594460004e-01 3.295654199899368253e-01 4.200264440747517591e-01
4.526166159892203167e-01 4.148646953382237879e-01 1.027551807092770275e-01 3.470884599258475811e-01 1.205931997371778586e-01 9.047940376853063071e-01 3.555044188068408051e-01 6.846886907875124884e-01 2.308976966824429766e-01 8.201994201226374681e-01 2.634275011995342863e-01 4.010332227706180364e-01 9.534698217638378770e-01 2.273837392816043801e-01
9.026002098324951151e-01 2.823179335213021890e-01 1.437059253468853104e-02 6.451104700534846526e-01 3.421199169964294073e-01 7.959546453652914799e-01 5.529394636059108414e-01 2.721486992175767838e-01 2.857963329463554247e-01 3.636043115208926757e-01 4.177908844039551761e-01 8.548078761967216055e-01 4.558590302373477510e-02 3.777089704123344216e-01
4.934682392504274873e-01 9.457137573059948288e-01 1.221711225593752337e-01 6.605357988852659235e-01 6.545072434669614303e-01 7.456948231272623184e-01 2.592397042787675243e-02 4.012300388162456377e-01 1.295487788216782565e-01 9.609045465088740245e-01 3.622212597360219277e-01 1.969786242321569514e-01 9.300639215045958252e-02 7.442028866422337741e-01
6.130236996256637205e-01 7.843301085517396798e-01 3.388240499989823018e-01 3.489513745216166196e-02 9.848021199152984240e-01 9.781561661611787306e-01 1.495970884764551423e-01 1.215041239891535563e-01 8.647035979833858077e-01 9.671134860522290211e-03 2.174370662168569890e-01 1.341511240806959604e-01 9.555990748050751105e-01 2.742436134475396692e-01
5.218489030562580844e-01 5.087753165574626646e-02 5.554235406969935118e-01 7.307967527668102203e-02 9.744972157099128784e-01 4.042066623401682213e-01 8.746309694903173781e-01 9.953340574069081681e-01 4.385622868881378089e-01 3.094696658568107939e-02 9.854147541864765047e-01 5.177378453679715165e-03 2.119410298197210718e-01 8.017659621514292567e-01
5.290634084947645199e-01 7.407198030105297537e-01 1.038550163583578101e-01 3.688158172095001852e-03 9.646146757515837722e-01 3.608709912288763366e-01 3.061858544541451455e-01 8.235427076631621768e-01 6.698061402709243328e-01 9.839617478749570489e-01 5.368825913553183504e-01 2.516263852872295814e-01 3.503237797275503551e-01 2.622915262386871227e-01
5.138675374789388739e-01 9.286392212833707305e-01 2.245205656591654497e-01 3.571031958343031665e-01 9.497778429458205718e-01 7.469119823451715323e-01 6.167004655642738253e-02 3.043660343150091929e-01 3.255327297110948148e-01 3.362616280564253435e-01 4.307734186611580363e-01 5.420522009735688762e-01 2.200281916497145440e-01 1.814717385342403677e-01
7.478646250148921482e-01 7.601434590136335601e-01 9.271905849220648532e-01 7.697262171615310011e-01 7.077555559183557055e-02 5.821888595217274975e-01 9.463971017930830065e-01 2.008331345914475818e-01 8.650130889742742024e-01 6.003155919990211808e-01 2.727623165749847312e-01 5.784211359142047426e-01 6.804960754519090438e-01 4.740544821245756824e-01
9.292065536698136397e-01 7.033132199404923401e-01 3.364644462466371833e-01 2.782582467310612540e-02 8.436092648256066084e-02 5.420022860541415799e-01 4.256109260828557783e-01 6.240344091067402399e-01 8.303230097655478481e-01 2.039925433538872790e-01 5.739220697880466071e-01 5.804613876026741837e-01 8.104644934767435416e-01 2.358896595324826428e-01
7.361354503289067042e-01 7.801335127281538995e-02 9.294837374652187290e-01 5.218997367394737630e-01 5.517004367523883346e-01 6.160008353744353959e-01 9.554424537341454915e-01 2.817251327875809341e-01 7.932292641364344643e-01 5.067468389155611597e-01 1.431180041839557049e-01 1.938722452766989957e-01 7.031626419972016873e-01 1.187216656726195474e-01
2.159631114754267944e-01 6.480029427974163259e-01 7.502559016083770738e-01 8.766646296197867505e-01 3.718673038499813455e-01 8.244085178562129412e-01 3.443798750421027677e-01 8.751689371670910988e-01 7.300395591413851859e-01 2.447485968096080322e-01 6.268838292335698892e-02 7.117449002016525972e-01 6.592338814888770715e-01 8.051327421455395372e-01
1.066102193318458902e-01 5.064246678914519073e-02 2.148403424715787935e-01 4.100468007039280716e-01 4.908358673727034605e-01 5.972619654042455872e-01 2.813560354248854090e-01 6.732889824214394192e-01 8.232905566610082548e-02 3.314153509449327961e-01 3.561426469086118596e-01 1.696131262893069147e-01 3.209358865410771866e-01 6.382655941943776723e-01
4.207518301902953839e-01 2.434830509292648104e-01 2.040425265853157422e-01 2.015407733883143315e-01 5.391219635549092670e-01 7.399929248721036634e-01 9.810060945484738726e-01 1.925898762476457859e-01 2.748734268740857800e-01 1.828951655637511831e-01 6.854122500203629897e-01 2.813977896809340962e-01 5.339120069174713157e-01 7.566841655521776566e-01
9.967678884724524568e-01 7.735367653376770125e-01 4.183438419900621374e-01 5.547024865794814019e-01 7.929351405292899280e-01 8.145769915036792375e-01 7.812800302244974349e-01 5.485159070336400600e-01 4.493041941773917580e-01 5.162553011855497420e-02 6.033417353118107895e-01 8.162823824762864833e-01 2.526276472837952758e-01 1.475981459047165378e-01
2.719325330421097364e-01 6.687053058334784250e-01 8.675331719946013376e-01 9.905459886600160857e-01 3.373455697030752765e-01 6.838871473921473987e-01 7.664823237851575710e-01 4.991754788232145579e-01 3.762865904283445584e-01 7.901254970001538869e-01 7.669206912333421666e-01 9.696635179433213958e-01 2.700458419852036496e-01 2.397022962171062588e-01
6.042218819760097892e-01 9.842875515715806545e-01 3.213147472647005509e-01 5.577218912324966027e-02 3.798244466950949638e-01 9.409268867944654557e-01 5.131290016058306369e-01 4.482794584280889172e-01 3.790753184777571061e-01 4.890482282514277967e-01 7.640870995296131785e-01 7.567238751604923319e-01 2.050785521495980257e-01 1.697212346512125825e-01
2.078548001687399172e-01 8.821094480614254385e-01 9.068414537300835132e-01 5.639532823966095787e-01 2.817488726550037015e-01 3.023655359380161833e-02 8.096941559800433508e-01 6.761719900769961322e-01 3.046450940891253234e-01 3.885557192215178812e-01 4.898506720824721272e-01 2.995521138147738682e-01 4.575960073827034513e-02 2.100831290252840322e-01
6.325999325375697424e-01 7.952672175729047499e-02 2.404287889055435334e-01 4.399905750114522229e-01 6.784684697796529163e-01 8.535891226862082348e-01 2.590351678261058055e-01 1.613800108654578347e-01 2.566110294628227706e-01 2.129638889821756642e-01 1.532612236448155363e-01 2.616319918106059239e-01 3.258069871655595584e-01 6.812152900527501664e-01
2.382346373069432754e-02 5.111416658262135648e-02 3.265775525539987845e-01 9.686175475133163015e-01 6.911533738933935966e-01 9.142361535829733876e-01 9.082446896513074464e-01 5.107300161746247680e-01 1.810077196646353581e-02 2.797652899473331845e-01 1.005262359033097797e-01 2.869355166862115336e-01 8.094296178458554314e-01 2.453232097070354722e-01
4.870687414834585782e-01 4.746254557008903197e-01 6.146475592181014358e-01 9.235877275236725747e-01 7.268713306993362933e-01 8.614842198415968433e-01 8.147173378282580591e-01 8.929399535668579579e-01 6.110635518015095080e-01 2.932716405085057376e-01 6.209791135626361314e-01 7.155975074705459571e-01 7.894822554273974724e-01 4.283108051592057208e-01
7.256081485999438252e-01 9.048299633129162078e-01 5.234117765721247872e-01 3.058148565666070073e-01 2.393843899272406484e-01 8.557758489913026567e-01 4.853611453314391477e-01 7.397141429694544801e-01 2.261609143741165617e-01 9.805715142224860070e-01 5.999588033739824411e-01 2.808172406822749823e-01 1.842637561651576661e-01 3.360351335913517312e-01
1.097643778397000558e-01 9.005975516227839872e-01 6.219301392707397014e-01 7.182594539786573140e-01 8.008932913313046020e-01 9.156753418991646631e-01 8.050020122352165020e-01 1.175690468456399573e-01 8.427114729059407283e-01 5.558828593526153883e-01 1.615579265118716190e-01 7.214028599691811872e-01 6.273922319942192294e-01 9.942145619380297061e-01
9.242938474350084199e-01 2.098650431570421304e-01 5.551323286688054637e-01 9.108097344011342189e-01 3.552703444291698265e-01 6.093416637078512554e-01 9.820251800270329845e-01 2.767942109250147720e-01 7.358037486416622031e-01 8.615339319779486971e-01 9.867937905290670164e-01 1.022369700613066090e-01 1.555198866944561553e-01 7.407352325404248372e-01
9.529867871355922615e-01 6.833710105866168671e-01 5.916004507943921631e-01 5.297266977632575369e-01 4.630971234870718822e-01 2.778192963910020019e-02 5.049326071369487634e-01 2.074807316760125531e-01 8.353978937486893352e-01 6.914160454314466353e-01 8.356327244836693202e-01 3.026778058946231198e-01 1.201436479063416884e-01 1.585803510861755194e-01
4.133423526225540323e-01 9.897045751869418817e-01 5.614212271394974918e-01 8.763587032097082119e-01 7.394100400067195045e-01 8.276655746307299832e-01 4.110070614885424911e-01 1.689663683899712554e-01 3.543747092167575108e-01 2.483613054856825819e-01 9.310742820016348897e-02 2.674288831802368316e-01 4.389154032814475137e-01 7.363564104426045809e-02
7.759657986820640563e-01 4.923414410720665657e-01 1.031226747668789745e-01 6.549022968782614029e-02 5.300653403342872050e-01 5.352463494516462861e-01 8.835769070459279506e-01 9.455128477348757610e-01 4.665519664512718379e-01 4.482315424677146831e-01 8.804250955434099746e-01 7.778123249452844057e-01 2.408393619538620190e-01 1.825377175581054390e-01
5.640059728065003330e-01 1.274789694026556841e-01 4.796643105974192078e-01 2.157468279706875602e-02 8.125834044037163473e-01 7.805591982736189705e-01 1.410407744472869096e-01 2.339404226911268037e-01 9.136853546700323125e-01 7.722939408108053794e-02 7.436466751261210373e-01 7.369271780823016815e-01 2.553957929667063365e-01 4.095202071569609137e-01
9.798937871768587105e-01 6.435767029040668774e-01 2.859779747570775355e-01 5.299842344826282137e-01 6.242118364273644415e-01 7.956558638300945674e-01 8.062117264642287839e-02 4.249841366401397869e-01 7.585815633366328470e-01 1.945197202773255585e-01 5.906935397231669604e-01 1.459203166137168495e-01 1.377370092997014517e-01 3.941176678258049293e-01
9.378456065035345457e-02 6.094096118259513251e-01 4.513025594717849920e-01 7.300990684174039069e-01 7.466533475748593496e-02 3.346037358315268051e-01 6.843861260723620443e-01 9.870559975473915948e-01 5.008178346013423266e-01 6.716947079964579181e-01 9.929387351710790011e-01 2.289834999301367802e-01 3.565558561157476936e-01 6.003950639889366059e-02
5.686380704161965172e-01 2.790147665017995715e-01 6.252317903439132962e-01 7.620785510727799972e-01 9.720130877921971946e-01 6.290546269010651725e-01 9.765492407200256908e-01 1.803912156498990171e-01 9.184826362480058570e-01 8.533829006070903223e-01 9.373953926719350571e-01 5.327879640225063884e-02 3.766616533820341672e-01 3.495569201432160433e-01
5.045477490424549183e-01 6.916865991213512199e-01 2.642771310564071552e-01 4.876687735127067658e-01 1.487874291859484499e-01 6.044665599566605430e-01 7.323201977954143516e-01 6.728407015643461664e-01 2.042080280506478607e-01 4.690152357974682884e-01 8.564597872793455746e-01 2.043006757828630393e-01 2.520613907655672170e-01 7.786051335942266727e-01
5.437651302407998655e-01 8.655721262078255318e-01 2.873657388768341425e-01 3.335900389508461572e-02 5.711794097666750281e-01 6.044625001400384390e-01 4.099550263534056382e-01 7.874983104269692724e-01 4.871850754824949004e-01 2.412315526439418045e-01 6.310788566153657797e-02 5.557829566652773279e-01 8.066282505716049211e-02 4.688290061161705102e-01
9.148135942528398123e-01 9.416687586331402571e-01 4.435206480885759417e-01 4.017197771801783723e-02 3.014841737686037026e-01 1.987232896274125915e-01 9.894072450474578062e-01 2.150865528728647114e-01 6.056505997194384650e-01 8.502677599416839094e-01 5.059294771215233633e-01 2.468180053676660712e-03 3.895394167626119453e-01 8.278235403697713490e-01
9.743608249188220327e-01 6.208473355712782471e-01 2.036717985787098728e-01 8.156865490374596295e-01 6.682140433612677732e-01 8.235642236386400139e-01 4.790748902354322603e-01 4.072111107195630630e-02 2.880693883617364559e-01 9.190841268600369318e-02 3.106848394906390753e-01 1.457383057875353272e-01 4.078633118965827586e-01 2.467601634213493211e-01
3.081843227073338687e-01 5.311910504247308040e-02 1.402587325972406429e-01 9.947026579159792270e-01 2.506698717501517626e-01 6.840911326035339357e-01 2.929093750991585976e-01 8.171487611954715291e-01 3.760049342243442227e-01 2.173762167454593719e-01 7.122527225625114866e-01 4.829460262762693690e-01 6.955799791035629509e-01 7.858925766244239108e-01
1.900431239381593640e-01 3.595161788580092388e-01 3.636961612766265173e-01 5.294489491069067633e-01 5.751870688946768562e-01 9.605125772933246209e-01 2.414557913209181006e-01 7.400332012191870312e-01 5.119548213586001539e-01 4.749820750404482039e-01 3.483837174917645552e-01 9.609762391117415703e-02 5.168799352670492286e-01 4.524806927203339768e-02
2.647517663309280067e-01 6.098649531551546543e-01 5.084009940521987403e-01 4.299883615499870970e-01 2.090246245833460303e-02 6.099982272010163742e-01 6.090868494778716169e-01 9.364697590644076586e-01 6.430182336486776062e-01 5.104940295528100913e-01 4.881247519840747895e-02 4.647722030140859495e-01 4.774478478274727378e-01 2.339025879631517757e-02
5.006571960467145477e-01 3.593195339842054636e-01 3.331063460300166534e-01 5.439151079911281883e-01 6.646814609987660161e-01 9.994432385811898856e-01 6.095362585205398309e-01 5.841247128278388434e-01 5.921685901084607906e-01 4.519894379921707284e-02 7.871407257895420839e-01 2.460880773765451446e-01 6.707490033902869797e-01 5.858085876916064860e-01
4.506587364124141626e-01 9.809866202468924268e-01 5.913101789791780361e-01 4.322800919453350099e-01 6.797226195922390080e-02 3.882152463719098501e-01 2.397829703642273547e-01 9.714250292357208272e-01 1.311273458682798987e-01 3.334830126160467367e-01 2.591831817317902242e-02 4.000222933715490425e-01 7.459572034718550126e-01 9.892662110936362163e-01
1.074799054607333826e-01 2.984974747330713107e-01 3.513312676722784023e-01 8.363742735902320868e-01 2.551248019729424055e-01 8.270536299743590503e-01 7.433248744279599141e-01 3.815376307163598213e-02 1.708452742840708138e-01 1.054844480912461302e-01 5.019756170638888237e-01 9.412050618209750752e-01 3.147336775399012243e-02 8.385345459365601828e-01
1.849444209765251923e-01 9.126896948873514104e-01 2.100908031645033480e-01 5.190694443264237679e-01 8.240568477762484356e-01 1.036158186507885048e-01 4.215781278164597579e-01 4.315306472401667648e-01 4.219122448672644188e-01 9.318402073818381481e-01 5.085277001696866250e-01 2.251651387963645723e-01 7.152175309468898901e-01 2.723976863463890563e-01
4.127068467042825928e-01 2.097129985788912521e-01 1.093356800635914006e-01 6.121809129929917104e-01 4.506698481328789141e-01 5.496363543563195231e-01 1.635252083686471458e-01 7.380058418721048286e-01 1.607904370495382151e-01 9.624129485175324517e-01 4.430731308804308766e-01 7.990252008926660432e-01 5.364259986653575618e-01 2.263580075750899478e-01
5.865398250085750442e-01 4.246057143793748878e-01 6.858668503706053521e-01 7.165819638757668919e-01 1.922693902606453786e-02 4.221384103474622451e-01 6.397458322709848044e-02 2.531501627816807876e-01 5.736342189298143657e-01 8.524162881559631533e-01 6.738293709534248777e-02 9.642259640966125422e-01 5.552857396725137118e-01 2.659569823053921089e-01
6.483850385477285538e-01 9.043558565184640630e-01 5.747149241490462357e-01 2.827986023642753421e-01 8.433039056737955397e-01 7.882286957884914180e-01 2.437779446348349310e-01 9.816577035067496348e-01 1.489082718812742012e-01 9.901604780168018483e-01 2.494269622753696458e-01 7.967118702125725038e-01 9.381934685803049456e-01 1.856306427542664395e-01
7.039255388978082895e-01 7.917820973968247023e-01 9.254683871544142626e-01 7.139447114155034191e-01 4.289960102026417754e-01 4.735191924008914643e-01 7.183833174044798042e-01 6.052949989391658292e-01 3.653249602979842248e-01 6.944752779789088448e-01 1.282989805222233270e-01 1.186826576156695401e-01 7.548151756880879804e-01 5.206327289241776679e-01
4.341551724471022222e-01 1.732702560628376354e-01 9.755847365777962077e-01 5.672107071637515485e-01 9.879666266486158976e-01 6.281492559360624117e-02 4.468696164893374290e-01 3.885690357351239133e-01 8.867766562623584647e-01 9.921695737194364817e-01 7.498029412413810268e-01 7.001745367143925591e-01 4.695297695371852820e-01 4.804130187685939912e-01
6.877629981675906778e-01 7.042959159391143364e-01 4.015771428350540795e-01 8.091716239009649758e-01 3.773394479612404151e-01 1.229405669893167685e-01 9.563492565165436776e-01 8.188511936828483107e-01 5.692610625002644253e-01 4.252260387479954717e-01 3.037157021843857052e-01 3.324677631782037013e-01 4.646990703151459012e-01 7.788016540820458244e-01
7.711566136119474280e-02 2.965054657542616212e-01 6.703698873858334739e-01 6.926169335068957933e-01 9.697722869608209617e-01 7.841222393211141339e-01 2.594747923611279150e-01 3.255712710122222742e-01 3.627551878271085828e-01 5.354415352086971946e-01 6.993576650926102145e-01 6.507678900940827571e-01 6.767002630758522930e-01 9.384546441111655257e-01
6.797581117261488615e-01 8.002189131321274518e-01 1.401149721283347915e-01 9.111873315503070669e-01 3.346961702989853515e-01 9.099030646047749915e-01 8.055262971647281223e-02 8.477942368040778387e-01 1.704921374791001920e-01 4.123259808512865776e-01 3.514006930118319660e-01 6.059272876723614809e-01 6.591409960961893688e-01 5.554982473065692705e-01
9.971793504566655031e-01 3.902494675338887831e-01 3.174934416880504928e-01 3.744026650473536444e-01 5.345036100384770172e-02 7.193531729839028888e-01 1.406614097488112503e-02 8.887703135749573935e-01 4.376947320344067860e-01 3.502415728057625133e-01 3.327991724455502398e-01 3.051888847593158260e-01 8.549180907660525186e-02 4.230320443532459285e-01
5.788269919257085228e-01 7.524948693306158232e-01 5.923003008775020728e-01 5.731104386476798540e-01 8.523052006432413341e-01 3.002061158137749874e-01 1.913045638679300442e-01 8.709135195197446055e-01 8.917238648339468332e-01 5.848189827868904844e-01 2.853775653638013221e-01 1.952344930178906424e-02 6.660383881133145056e-01 9.693621766195569256e-01
9.914148316006284878e-01 5.231765004556654386e-02 8.557899108712521130e-01 5.347690413275277832e-01 9.093062233092106261e-01 7.819579141378872889e-01 6.147593797516881509e-01 5.840822588377838631e-01 6.441589075234733786e-01 9.392795789615259183e-01 3.660978314959186797e-01 8.685026008644320950e-01 3.424404417307395088e-01 9.478609324170588213e-01
3.188219828036076287e-02 1.395044882106494244e-01 2.745498997471983449e-01 6.786008141280577277e-01 1.813336585505102017e-01 4.961931329590480999e-01 1.822095917880304228e-01 8.888043401186717096e-01 7.392090809402843687e-01 8.157919248566840587e-01 3.849206501661958102e-01 7.758406835225850617e-01 3.340102024240902967e-01 8.731479691639221219e-02
5.158738510608463779e-01 2.855433711944521669e-01 7.579251735832748249e-01 5.488109963195658692e-01 7.736264264120641387e-01 7.351720937744795625e-01 7.732028456105071168e-01 3.984067208311670161e-02 2.923513840343157089e-01 9.261047491978111612e-01 2.556127538467584115e-01 5.519377063443385856e-01 1.421004476353603385e-01 9.738993760982106451e-01
2.558744469404463651e-01 5.020352301855858235e-01 8.206713475640730060e-01 7.744661284000363688e-01 7.283252589097959362e-01 5.754598927533847164e-01 3.836840453999370570e-01 2.890848768891534082e-01 3.841191250008418878e-01 1.948166801148486504e-01 9.360016629851430903e-01 9.003145222997430697e-01 6.913076083621295664e-01 9.077054294769931753e-01
7.703391038727396278e-01 2.575733852526589374e-01 5.817751353598696884e-01 8.270827217931547848e-01 9.095727911488351580e-01 6.802228862470645065e-01 7.743167562280459659e-01 9.818004606240250398e-01 3.762872941978545605e-02 5.922988082886740946e-01 9.827487124587275247e-01 3.745318802971696615e-01 4.026929046690330694e-02 4.144779976239618691e-01
2.444613708305087840e-02 5.390683200643713313e-01 4.591287390193891094e-01 6.824973005615936339e-01 3.403595602836354539e-01 6.679129697466599236e-01 9.357484349230633658e-01 2.121203636588719910e-01 3.075545511223695128e-01 6.590338148920319439e-01 7.160908251802116098e-01 6.666932987737768102e-01 5.412835956494785883e-01 7.664192902329348689e-01
3.305789324511558824e-01 6.139748286350977802e-01 8.080998855091630073e-01 2.436013171855072601e-01 7.377435502248617105e-01 6.524216021829709611e-01 7.768818495521293555e-01 5.624420813784072326e-01 2.530242240271830534e-01 3.952923355279791551e-01 9.781847170287338855e-02 4.042772441740850597e-01 4.459726569874900015e-01 9.591389549646990309e-01
3.555143929701205519e-01 1.861717538276648209e-01 3.700714956054299565e-01 7.912764950716714152e-01 8.189602142805242346e-01 1.131865896945393191e-01 3.945496991551222798e-01 9.807913025338518276e-01 2.802126477407853589e-01 9.660382649428345125e-02 5.977488319363978286e-01 2.140198204201848586e-02 1.867611893206603257e-01 5.826594314574754518e-01
6.869146731866746514e-01 4.640206090414532580e-01 7.616771480452318999e-01 1.246421553916839953e-01 4.356936416262451317e-01 1.625189615854482073e-01 1.727783973715573129e-01 2.623430092250222945e-01 5.383880933769248367e-01 6.607741688206772990e-01 6.729122929591900837e-01 3.184209950800347411e-01 9.438110294118104981e-01 3.445150370408093243e-01
2.167689363700785465e-01 9.618261672347392377e-01 3.583476899404557381e-01 9.980887455422164933e-01 4.778136151196706871e-01 6.858461782627733871e-02 2.009546248304160398e-01 3.308916215143720141e-01 2.712846192583495686e-02 4.640945180089128819e-02 4.325968566102493806e-01 9.055662361796018578e-01 9.817287955461677651e-01 4.824285433016867186e-01
3.199892015802542344e-01 1.818345363024957972e-01 7.044403375453354155e-01 4.345391955546472618e-01 5.346040400956270089e-01 5.146690070448503018e-01 8.109838006647052122e-01 9.621232344593584340e-01 6.745331563051586432e-01 4.550472964565300815e-01 2.775551969272802566e-01 9.204730172259297794e-01 3.006030305224289823e-01 6.260570239435871986e-01
6.348024801111611382e-01 8.365157462294364743e-01 4.810477068516134658e-01 9.211650573772982575e-01 8.253431045412426004e-01 2.821505648776782005e-01 9.552852632114270381e-01 9.311925401795225765e-01 4.310436661155691018e-01 8.148638622367989637e-01 8.275371821007990736e-01 4.030168262219535613e-02 8.097363162464648045e-01 5.259517550695816945e-01
9.312956319949738937e-02 6.409558511742246001e-01 1.084672305192061481e-01 5.086880167817589005e-01 1.987184417167567885e-01 1.919293572973000961e-01 5.597248917346372421e-01 7.543995927956460568e-01 9.785301930341924193e-01 3.994298679325528623e-01 7.656676005103567606e-01 6.980273843524842370e-01 5.739507080713716070e-01 8.476068756879111543e-01
2.110204786944460675e-01 5.486758889693772456e-01 2.453515877502168152e-01 8.452247060546216328e-01 4.713982280196358232e-01 6.678760136674777304e-02 9.373497647830841828e-01 9.210475203531589550e-01 5.444231863877930788e-01 5.057667062495532218e-01 9.672455702521371990e-01 2.494471585937325653e-01 3.062430601684812403e-01 5.253203950963252211e-01
3.618980812559535742e-01 2.348813170746337775e-01 6.725737488366888561e-01 4.771188558507756250e-01 9.783922050084401523e-01 8.764344367236213129e-01 5.476363903698284741e-01 2.558153077185087998e-01 3.690722438927845905e-01 1.952391085373176294e-01 2.360416365735852340e-01 8.061169565659849212e-01 8.941257771677703081e-01 1.415632355920076746e-01
5.278306629558152663e-01 3.947173154335337220e-01 5.746332148807572482e-01 7.451731643245383951e-01 8.271276156437209481e-01 2.049746224756546775e-01 9.429166690123221839e-01 3.052519015092423071e-01 7.379620034334988254e-01 8.746944803357625808e-01 1.724270730380259575e-01 6.215581969964989462e-01 5.145968829453205773e-01 7.556018842737128871e-01
9.728717778290763007e-02 6.819933454220156177e-01 6.536996197399742581e-01 3.849068657434591145e-01 1.040823388230482927e-01 8.875279094806909352e-01 3.674745337222385944e-01 7.214909296849997267e-01 5.608470249912861361e-01 5.942847445641963322e-01 3.287666284014882923e-01 5.164861423177921074e-01 6.851517637628105062e-01 8.824902515740314923e-01
5.668065309284726627e-01 3.115134797523473331e-01 6.861107926095880716e-01 4.040974356898854314e-01 2.376263214583884675e-02 9.454757946276322045e-01 3.382919099414991582e-01 5.088676680377354211e-01 9.309177902946779160e-01 5.139629289202873874e-02 4.174895741251072323e-03 5.952834514762852525e-01 4.986331556001405430e-01 3.092931921866753919e-01
3.476120910846838274e-01 2.131218995692939489e-01 8.364918967063510458e-01 8.472584527130626597e-01 3.617037222753822778e-01 2.969240167203235359e-01 7.299136120074798395e-01 8.254207323217922498e-01 4.672440024372993550e-01 8.226179871479345485e-01 3.825354012567260265e-01 8.233931317392427784e-01 2.387448785827251951e-01 7.426816630093242555e-01
2.875898083157286678e-01 3.246003953713796353e-01 8.432166771770110980e-02 5.136630855587132061e-01 9.421130173957681375e-01 2.100652561168315779e-01 3.924064544219281192e-01 9.859639801514263890e-02 6.668322193249770491e-01 5.433638886870748586e-01 3.152774525297145081e-01 2.771892949670855533e-01 3.261432740261042129e-01 4.681688617127741647e-01
2.807620764934719571e-01 1.432822287074755341e-01 9.973429788176502164e-03 5.177743405814517752e-01 9.159124561581869495e-01 9.696249638645306757e-01 7.469310803021131928e-01 7.649997116007040132e-01 8.980908363712422071e-01 2.763552129090962595e-02 6.906092028788546333e-02 3.662384167146285341e-01 2.284183271341971855e-01 6.328774116419281226e-01
3.105153227737307287e-01 1.120547892838583692e-01 9.543538605296487676e-01 4.030600820874782331e-01 9.434470043630962532e-01 1.704764507286760100e-01 6.298459034820936830e-01 7.592392079715903908e-02 9.600576873800000799e-01 9.610373402995742165e-01 1.202616863723433571e-01 6.225332637730267571e-01 2.629394244984544216e-01 8.060959224608170715e-01
3.853558323053118961e-01 1.863574334192132920e-01 4.475009823677059684e-01 9.083518465091381389e-01 1.452552425632342992e-01 4.387375706627794081e-02 1.126836591336063398e-01 5.733042160193431158e-01 6.387121970436778762e-01 7.241848620504248712e-01 6.455664560992795398e-01 8.261256388542689288e-01 4.071544358393094365e-01 1.251594995589444537e-01
3.170531216705598787e-01 5.332909341875811116e-01 5.665954690492810419e-01 3.135445292625207436e-01 2.042112921938454839e-02 8.478818242728696220e-01 8.710820648446798709e-01 4.714738438097044737e-01 9.733334157569585310e-01 7.967527509649046102e-01 2.665505988080966171e-01 1.621054221483241298e-01 1.417325366005346421e-01 4.561643596159181691e-01
3.539240066932987094e-01 2.967025151958788687e-01 8.096685320667783570e-01 2.715555057393527205e-01 9.594035783129576389e-01 3.619913983521217959e-01 1.216300217871305600e-01 2.011536205328389171e-01 7.904128646231666222e-01 8.692554003230434923e-02 2.553770888936364170e-01 5.715020131906423106e-01 1.962207310608403699e-01 6.003879360790906894e-01
2.266448186053515723e-02 8.607220480883508440e-01 4.021793679744548600e-01 1.823236642200419810e-01 3.889570187434499005e-01 6.126992738821378515e-01 3.596587939026520964e-01 6.017460784259395234e-01 9.323042109443065995e-01 3.002920837575262514e-01 7.319582647574740530e-01 6.946764343542616293e-01 2.414562187484780020e-01 4.269384282159841559e-01
6.203851585362717413e-01 7.140500398370778212e-01 1.216606719531526659e-01 1.645379328443545841e-01 3.940216358999001356e-01 2.951988633137664353e-01 7.967190449148403575e-01 5.572193217598091497e-01 9.512661568051034022e-01 1.064488683732256469e-01 4.876813027298745329e-01 5.255454702824436941e-01 1.193152771392389511e-01 4.718838606474587971e-01
9.298055423930238206e-01 6.338654262487849467e-01 4.015379334701476566e-01 1.890417658391592148e-01 3.431015365465597267e-01 6.873608100833827894e-01 4.785900655859084418e-01 9.105294691476839564e-01 1.238413335427624995e-01 6.750125909866280249e-01 5.239494008633253097e-01 8.616941589410648250e-01 3.956932550588765363e-01 3.092312006200030883e-01
2.406200341927821063e-01 6.741007762279382920e-01 7.063519066085810483e-01 5.639864143206811953e-01 3.544784428103292528e-01 2.894541612334413649e-01 4.298061968135193922e-01 3.267635055898351348e-01 1.279462230730900041e-01 2.300646619105437551e-01 2.178470689937437310e-01 7.156942388418129353e-01 5.052091145587856991e-01 8.658912776735784300e-01
9.794365268193702123e-01 5.506774263825716664e-01 3.628869012164483987e-01 6.127079101347059353e-01 2.540260713387495484e-01 3.731392976682356144e-01 8.407655620743251790e-01 9.298487089248606008e-01 3.880190680651932622e-01 6.368651402806576600e-01 8.669617633235328080e-01 5.791125593815309447e-01 2.619991434994979329e-01 5.115453649488694854e-01
7.466883026029074166e-01 6.959838138551264208e-01 2.742416573299402138e-01 6.084761987441995590e-01 8.593370779985054497e-01 5.207064588167750196e-01 9.142340394261517789e-01 7.769915583080008181e-01 7.068614897077788450e-01 9.430027859492065012e-01 5.938892455221873590e-01 3.133244779366251009e-02 4.615913648991609719e-01 4.578410404898488606e-01
7.096309754046019602e-01 9.571682727307913030e-01 8.603711876009693116e-01 4.892707149711766901e-01 7.083733495522475110e-01 2.893449453285080741e-01 6.677214888768506773e-01 7.687519265622237974e-01 5.375211856570687452e-01 3.409508252088817581e-01 4.270787281561789772e-01 4.165765401421465119e-01 5.913459701401310165e-01 4.120623789923967273e-01
1.632209430041442477e-01 4.561234181294748780e-01 1.485478905372672465e-02 4.348051143870556023e-01 4.662605912992751067e-01 3.569135119635589160e-01 8.619347125223242312e-01 5.319049583761675803e-01 9.937951748838492749e-01 8.050080474450532764e-01 1.252042196101879057e-01 4.838240426732669519e-01 2.817542784968409819e-01 2.194810720088132827e-01
3.663718426153967922e-01 1.820122560188067729e-01 7.475309185846634730e-01 4.558768032443217821e-01 7.959303089047480295e-01 6.768854330592943835e-01 9.301962188361777573e-01 6.645800893180120461e-02 1.153277166665993558e-01 6.640881381096219727e-02 5.196541404117107632e-01 2.080207587260167745e-01 6.164047433962627220e-02 2.053015476938859774e-01
2.111124797406129794e-01 3.651259365707194560e-01 3.867493300133499901e-01 6.949171454472102827e-02 9.244159592300907891e-01 5.838785459544868495e-01 9.501008270701092329e-01 6.537754949972196528e-02 3.282104099240313877e-01 8.075981788746370293e-01 1.639140103479740374e-01 5.078186910932528386e-01 1.449825648690790114e-01 9.728980721047640889e-01
2.896268282287751683e-01 9.942312749788990711e-01 3.674947903192494758e-01 2.532685050582513808e-01 2.073239743233348253e-01 5.687965887693238187e-01 2.987278031429287939e-01 8.877767008400100357e-01 1.084199880123285498e-01 5.830144634493548139e-01 3.280904484265576571e-01 4.389785585713911198e-01 7.662674806711200493e-02 7.768305461520925714e-01
8.449255807997509971e-01 6.032711013844674897e-01 2.309919422661231847e-01 6.692183233320400104e-01 5.077738459319386388e-01 8.135402849686836912e-01 4.474336473224516109e-02 3.584507449266508550e-01 4.772697519556075019e-01 8.635804664934599861e-01 4.273747069158768674e-01 8.897159445919321508e-01 2.808100414799741262e-02 1.423634265334100535e-01
3.887590704048725643e-01 2.773579012195537263e-02 7.232713492594472493e-01 7.634478801096713507e-01 1.764425988197102502e-01 6.585858213393384064e-01 4.297984205820681858e-02 5.978162564940915358e-01 4.245431943290952637e-01 9.049467631962597736e-01 7.175786881946466522e-01 4.688277375292643212e-01 8.992640841796893936e-01 7.415643594364598190e-01
8.696371760062637790e-02 9.920075458103609911e-01 7.221683750478067321e-01 7.969143238325595568e-01 5.446053947871010159e-03 2.490096226243575517e-01 2.187237124458307758e-01 2.592320199941131609e-01 9.224392692809080252e-02 8.595969512929861889e-01 1.580735403114025273e-01 6.262542015310766930e-01 2.853305507426961984e-01 4.038003688699900451e-01
6.034346835019733790e-01 5.844667862661914182e-01 3.186271356075818240e-01 7.267205988594224175e-01 9.360104681715143427e-01 3.432480513561092517e-01 9.307331420222811902e-01 7.929342116306260513e-01 5.579637018149572469e-01 7.157525144935525940e-01 6.746751160518258406e-01 7.410993081158412377e-01 3.801057337509858858e-01 2.184667700887754638e-01
2.264592291860938467e-01 8.169891036638274873e-01 3.957869534618851937e-01 1.005404171792561030e-01 5.914603438255372492e-01 4.245715520592034942e-01 4.158446803151414350e-01 8.769190533950834698e-01 9.570158798853819482e-01 1.925926031056308663e-01 5.650241861615088457e-01 8.501859159972414703e-01 5.500665379546562095e-01 8.002188237781310276e-01
3.404616914196924027e-01 2.026949443232417547e-02 9.109611063688383137e-01 3.207054792178135605e-01 4.829794362733460522e-01 2.695600890360120294e-01 5.016366774263815165e-01 4.296120177696225451e-01 1.374050891998171986e-01 5.150839345275676218e-01 1.645095604731698913e-01 7.026065741090253836e-01 8.485390564176165107e-02 2.939978141714818527e-01
5.334439241008677168e-01 3.727359092666323592e-01 7.624468567325115576e-01 6.525845253273195867e-01 4.453697369657868554e-01 6.673092708223629099e-01 5.355466406168059024e-01 5.158144953449256276e-01 3.535446718651078513e-01 4.653876617324252951e-01 6.798141168887861241e-01 6.088081842592466542e-01 4.059373394112603117e-01 6.310040391120896874e-01
6.187806622421239133e-01 9.907180416085350494e-01 5.927180813795751568e-01 3.144203266732982227e-01 5.011477822755552314e-01 9.276035453564085431e-01 9.977466166824926486e-01 2.171947732529793118e-01 4.975809169055156467e-02 9.858584484914652002e-01 6.658892744015614262e-01 9.282039695177348726e-01 6.356618020117325019e-01 2.848730955963690858e-01
3.429801156036463849e-01 4.883068640212595568e-01 5.121250147699086819e-01 9.216360494021038630e-01 9.668860201653859399e-01 3.760962476044549252e-01 7.256911433267350109e-01 9.928497207742184028e-01 8.242291080457254671e-01 9.476847189775354785e-01 8.799609434328996560e-01 1.700983246986687014e-01 1.069535138304800181e-01 4.348863173078495459e-01
3.230948030563278728e-01 7.498750353035645855e-01 1.465087201923022109e-01 3.689165332037370737e-01 4.561472517244808955e-01 9.176031840941867301e-01 4.061423445728129522e-04 9.345194662289102450e-01 1.839328422877440916e-01 6.710325266631868013e-01 3.035819571925820748e-01 3.337290115237915300e-01 2.286651774959884698e-01 6.341001058968774862e-01
