7.825750703222378313e-01 2.995965650984215856e-01 6.521362169351430094e-01 4.691147859284093835e-01 1.168334569175102589e+00 1.310467203904114752e+00 3.622333099969126113e-01 8.526917172050961502e-02 1.305829250642122297e+00 2.169723762466042039e-01 9.763926952863439368e+00 6.171702710485870158e-01 1.719088365634543342e-02 3.917603394406915518e-01
8.574411157594422628e-01 9.748670960573979638e-01 4.927567449737464411e-01 6.606495552745800248e-01 1.613101899123884797e+00 1.346978403776110111e+00 6.292958742303090824e-01 1.549125825084387287e-01 2.690000192117124822e+00 9.825155618728350637e-01 9.850207960639490778e+00 5.741380339290640400e-01 4.851834465142576547e-01 3.933681406919232321e-02
1.004163069757072896e-01 7.446424650198461004e-01 6.810584504703709463e-01 3.031842174084178332e-01 1.294813746537824661e+00 1.247139443648462631e+00 1.003678525517132519e-01 1.869827716163623144e-01 9.621618264666682574e-01 4.262362250123364893e-01 1.335641863030304499e+01 5.429081949647258654e-01 7.600174435324250077e-02 1.726546057648026267e-01
8.550140393893298496e-01 1.237137751759537080e-01 4.095897657592322272e-01 5.684104131672796933e-01 1.506132492967691139e+00 3.609081283585473532e-01 2.834910693310748186e-01 2.038924037766934316e-02 1.238611565150199656e+00 8.790160426936982629e-01 5.678541865515765785e+00 6.977464210604498174e-01 9.769815540263807052e-02 2.379329102024437537e-01
3.456142994150646075e-01 5.261820891317534610e-01 3.025446637140608575e-01 5.999341012168054599e-01 5.560420501595565446e-01 5.078442060119990886e-01 2.288311164166696721e-01 4.032784342674107791e-01 1.864231020440764830e+00 7.624280497205376816e-01 7.155246362484312783e+00 8.207804204961939298e-01 5.021224092231713065e-01 4.446990683720435933e-01
1.310763414068354671e-01 3.431955581476107131e-01 6.715317061349531658e-01 3.026439093489871057e-01 8.367466099380501676e-01 1.205992374001891632e+00 4.389027976573947054e-01 5.730464842247600527e-02 2.025286848086936597e+00 7.132380478259177092e-01 6.562565420612862965e+00 7.910386872506356415e-01 4.090757105166329954e-01 3.520492236270606479e-01
5.143154057752106212e-01 4.367889437154051091e-01 3.411729217949764914e-01 4.293734243870274137e-01 1.042675455609294977e+00 1.467017854353352524e+00 2.318323979992244210e-01 3.611689289664000713e-01 2.890805315826016297e+00 7.297659922751165151e-01 8.025306243667021278e+00 9.484375837369185547e-01 7.324119260647460328e-01 1.585268799929477335e-01
4.022273346959767126e-01 9.532456237848927483e-01 5.909486745787810857e-01 3.131243630458412364e-01 2.957539431375267647e+00 1.326727372877766487e-01 7.527981766521389950e-01 2.566141147425051172e-01 7.858666893710271051e-01 7.678253915622957892e-01 7.706143351019521859e+00 6.425908381595746288e-01 7.023955617625869952e-01 4.558289272787856283e-02
5.659258379895784064e-01 5.064687985185049035e-01 3.696087729000036570e-01 6.172355068564967517e-01 1.069641970812447607e+00 7.948688519892918025e-01 1.840934409060481780e-01 1.728597512487577703e-01 8.551180552696378001e-01 4.629166989137563082e-01 6.706050760683316625e+00 6.320315633345702233e-01 4.141698275977626631e-01 7.173683117690991817e-02
9.718574267487138929e-01 9.723576520957644131e-01 4.704423418882519581e-01 2.264231349598858634e-01 8.438257108523573580e-01 1.213195898086961488e+00 2.244157908997408968e-01 2.362916707721618992e-01 1.896160922707955887e+00 3.387051803019784924e-01 1.432901248505440606e+01 5.726017465011561391e-01 7.824829610237631350e-01 2.808643927465142021e-01
8.888427746612429514e-01 2.265957559095703733e-01 5.732604958635327819e-01 4.720187854136541628e-01 2.217335700564719847e+00 3.476594793286966190e-01 3.988691303093571117e-01 4.373025668306842473e-01 2.350665171196096637e+00 1.816340190735549753e-01 1.312641331560584845e+01 8.043797002573044308e-01 5.981877424965926782e-01 4.914142224075704890e-01
5.620101764065124073e-01 5.867889213224125600e-01 5.934782801558463605e-01 8.663744810519060646e-01 6.528709673420766135e-01 8.064498953202723364e-01 5.666526402366074411e-01 2.654388021358316530e-01 2.109037396151824062e+00 6.250092658916315269e-01 1.459174629578257054e+01 8.899394615252917973e-01 1.629467562502619205e-01 4.555239551438662327e-01
2.900905722436240008e-01 2.551994572350441137e-01 4.008464795172977935e-01 6.065485307153670735e-01 1.759235833488048462e+00 8.879335684828404407e-01 6.802378475645849409e-01 8.128528249536098871e-02 1.465275066595388198e+00 4.348687429221183010e-01 1.268060079023251774e+01 5.831022489386388230e-01 2.355591853636835459e-02 3.702092296802636517e-01
9.268012257619463456e-01 2.429016784977502119e-01 3.489702759279341704e-01 6.399073720495612738e-01 4.877771518994246103e-01 1.035177708063293567e+00 9.423280653945980134e-01 1.019755934232497024e-01 2.507047946564420204e+00 8.227009381861467574e-01 6.116375288058236492e+00 5.172157174490022991e-01 7.526150961485434943e-01 3.142245695296828206e-02
5.033215743083770954e-01 2.917279288964461093e-01 3.831550787053101814e-01 8.479794080071270113e-01 1.554056242454220582e+00 1.308325384501222599e+00 2.236635210046006295e-01 8.144306689108297970e-02 2.941975255578276549e+00 2.668403223371806354e-01 6.260809119330181360e+00 7.548618501737904829e-01 1.993730006214599615e-01 2.990015947980341759e-01
6.746836000562868030e-01 2.397738429512600300e-01 3.130365744964724306e-01 9.932552984531634044e-01 1.128019892783646561e-01 1.206698377634120689e+00 1.155897609553539346e-01 2.997079739148287292e-01 1.950770095726925168e+00 9.900694288855771408e-01 1.176753773774280987e+01 8.515624109993066293e-01 3.621243626572331342e-01 4.979600901243696337e-02
2.124813374559330614e-01 6.225335904229988282e-01 4.049837807203777174e-01 2.374578460923749135e-01 1.092472916762493806e+00 3.211059144948200106e-01 5.938611020413068209e-01 1.953583271449900460e-01 7.101023913347201955e-01 6.507349934795253477e-01 6.671380573197989605e+00 9.639843897096469494e-01 1.868020933206483436e-01 1.002627441202207648e-01
7.830681657709862575e-01 5.168298702186771010e-01 3.493648490913348059e-01 5.009373475534165676e-01 2.833609868067561433e+00 7.448512361905584855e-01 8.387798012156473249e-01 2.358773008628981260e-01 2.285315383022630265e+00 1.754424431809790685e-01 1.488920092946677798e+01 7.960558935853891960e-01 3.051713303837453872e-01 3.761903760781577510e-01
5.646007990170978097e-01 9.736738704244599640e-01 5.100105589081728175e-01 9.229755952461634605e-01 7.682361948287743658e-01 1.989201409025005973e-01 8.881533830668605356e-01 4.787331323268149141e-01 1.653570880779009933e+00 1.919031663871961779e-01 6.039782168261628392e+00 9.338011813811559758e-01 5.068350351206715176e-01 5.175886766597798810e-02
1.692028593864157715e-01 4.452380456116513674e-01 5.921975791476232764e-01 1.640720145013496167e-01 2.520103342113897860e+00 1.987764125718674280e-01 5.232886422904677870e-01 2.391457707431115520e-01 1.402634798532357951e+00 5.097802095525068022e-01 5.597013387354317082e+00 7.157600690203312910e-01 3.132098510455441631e-01 2.250580365517932946e-01
7.444798756130011075e-01 7.641446825328492842e-01 5.375294334986773226e-01 4.996820105386537980e-01 2.973502564871983722e+00 1.760486787594727764e-01 4.115295225396289336e-01 2.899597879205438322e-01 2.233374057952943303e+00 5.125870416376158145e-01 1.478554397846646928e+01 5.684906233006641330e-01 1.285212533077462749e-01 1.016874996549509275e-01
5.344516863067115819e-01 8.414471641433262095e-01 5.136313932373961499e-01 4.534281039444153505e-01 2.350675428724591232e-01 3.789433896414108327e-01 8.526098409836980752e-01 1.208619590671120986e-01 1.871605581966982346e+00 9.271734003986984440e-01 1.343530808318259595e+01 6.904587634329506507e-01 7.532328335750479997e-01 1.457339746037205896e-01
9.922411854102916040e-01 6.558876661419195120e-01 5.170734034328003936e-01 2.811350732931913177e-01 1.600222265057443582e+00 7.014927066620556539e-01 5.722874807049652679e-01 4.845918498950869679e-01 1.888733043836287928e+00 6.376918173432380987e-01 5.151222962656991200e+00 9.581538146539432255e-01 2.456176760048085772e-01 3.574381749887460824e-01
8.934378545408604433e-01 8.470811301618973443e-01 4.443791041203535852e-01 1.124531849881962170e-01 1.810581475277566188e-01 1.174354643033367562e+00 4.910558886801824618e-01 1.637443231307440517e-01 1.350809872533770051e+00 4.381561219460763379e-01 7.436351297704540286e+00 6.168510063548958700e-01 7.200021385449114630e-01 2.510662438044082290e-01
8.687383381084859968e-01 3.003466716153757599e-01 5.138246617798210014e-01 8.309073744703864284e-01 7.873451429246329791e-01 7.843415732566715315e-01 7.910928195491447878e-01 8.871872714800356496e-02 1.698555257229662052e+00 3.685735657709250379e-01 1.276785068679469504e+01 7.651103462799948574e-01 1.839709445177964420e-01 7.883902020188608695e-02
5.992097754316120239e-01 1.471077946458297092e-01 6.288268210661269730e-01 7.358697171620610655e-01 1.988468971452410861e+00 8.772168005755919262e-01 2.731575455383641327e-01 3.217168956891926501e-01 2.184876878909145947e+00 4.394642029250150905e-01 1.010758705305497429e+01 9.396873680497740411e-01 4.381204722953512265e-01 4.308817476643582722e-01
7.980248231898936506e-01 4.971122001265643187e-01 4.289568881257299626e-01 8.845790035127297779e-01 1.222695894554051144e-01 1.126644483720696366e+00 3.960355406048321480e-01 3.215483069330923871e-01 2.708001386384740528e+00 8.008004079684036824e-01 6.783764731714975404e+00 7.954312190760746137e-01 6.762068008075806658e-01 1.261947006511049130e-01
7.491820391788576172e-01 6.751194257445931601e-01 3.788667146257876372e-01 2.665205265248070665e-01 1.909021405403671823e+00 1.235683911049153316e+00 5.413062996585420450e-01 1.192796776200543835e-01 2.675540358567920496e+00 1.559463779688352592e-01 1.078448611580601657e+01 8.868584062326405615e-01 7.581609794292574200e-01 8.715104543442066254e-02
6.167196485311571275e-01 4.925750252669842677e-01 3.806653489628483156e-01 8.635461384675500174e-01 2.958237999190318934e+00 1.329353262309079353e+00 9.345625204793144292e-01 4.491073050745018058e-01 1.234506954754490238e+00 3.354527997369370906e-01 6.159054580158405123e+00 9.014424706060746306e-01 3.066483068107475445e-03 1.771956852103460239e-02
2.618938348540481575e-01 1.891164013045533721e-01 3.609811763370920357e-01 5.562756542128982629e-01 1.707483786316495777e+00 4.512696650690722899e-01 3.757131947509927405e-01 2.785537246793127752e-01 2.551376388741379841e+00 6.702775674842237352e-01 6.167651875520126836e+00 6.256625860383313587e-01 1.221611636281945135e-01 4.000311283749867775e-01
1.801379527268694158e-01 8.122597680516777663e-01 4.248566636573298250e-01 8.714862285207179982e-01 1.027807827398971030e+00 1.264673177158270878e+00 9.836058927253719109e-01 7.154737926052262553e-02 2.249849129959330618e+00 2.078346540730390268e-01 8.988911549119011468e+00 7.382413532047954474e-01 4.845691972977337336e-01 2.419123941949601619e-01
3.834463285220716111e-01 9.951733101104770496e-01 4.606677115849540649e-01 2.157469901644041566e-01 1.077332665573275339e+00 9.224204573250150974e-01 3.076673177149239491e-01 4.822764318375876158e-01 6.402233634644292071e-01 1.517980371210849166e-01 1.435785693456961809e+01 6.209632474010576830e-01 6.651101539800954310e-01 2.495930896602255589e-01
5.344956856263556322e-01 9.202288595442073005e-01 4.662524979075037268e-01 9.027928504412173760e-01 1.199855373954919591e+00 6.151557809347438788e-01 5.462494887780817709e-01 4.967822542276598696e-01 1.224576674913950614e+00 6.752261170205020591e-01 1.038041409652943692e+01 6.255514685348453341e-01 7.125989505353341746e-01 3.353974029526769485e-01
8.149620989554600126e-01 3.866559234417191737e-01 6.833371524643175876e-01 1.133142101631653686e-01 2.059422041286459670e+00 5.450544199837242809e-01 7.577887167596575324e-01 3.982709052433628938e-01 2.558425675826443868e+00 6.109651423564127493e-01 1.041437479920855935e+01 6.555707709212532652e-01 1.215375966318248124e-01 2.166705315241710395e-01
9.557048728858905662e-01 1.404347549136993611e-01 4.820846426825005082e-01 6.836366888362309657e-01 1.693602805164975189e+00 1.058324955984413451e+00 6.826144158151165042e-01 4.382828735937868148e-01 1.305521340966798949e+00 6.059297792119701098e-01 6.671482738984469307e+00 9.463825898593292152e-01 5.266713582057896970e-01 3.693417856191779092e-01
2.378512219926817717e-01 2.895739481658623493e-01 6.108957357969495572e-01 9.593594624531591730e-01 2.485916444365513733e+00 1.150935468498865744e+00 1.960587322844282721e-01 2.708193105011854618e-01 1.284370980701072362e+00 8.829173357485654572e-01 7.445903646773151863e+00 8.114975167124176547e-01 7.526587396917077122e-01 4.222493482280076371e-01
5.836933067523221164e-01 4.411480407213097532e-01 3.922973878577928897e-01 3.096033482071307019e-01 2.657522830473902364e-01 2.094214182870277330e-01 1.552524504437411412e-01 6.670215537745614875e-02 1.646995516640188839e+00 1.042024724965976978e-01 1.375353951689955245e+01 9.480425098498437286e-01 3.311141804663483290e-01 2.021903646426115586e-01
2.870413425209589198e-01 7.503191661952234304e-01 5.119037449576475662e-01 8.699484935781784944e-01 1.451736563772541677e+00 6.986507937504786714e-01 9.718291913660658254e-01 1.835259041427738935e-01 2.875661909390281323e+00 2.495389782577649429e-01 1.348034286615602539e+01 6.956264904973270546e-01 2.791408805252647007e-01 1.019939822633669085e-01
6.235780396090432331e-01 5.787839202015169215e-01 6.827646663542616956e-01 8.349708717789757761e-01 9.737696708420167102e-01 3.677916093531348185e-01 8.032293924655635742e-01 3.505553018092496531e-01 2.953834537605548594e+00 9.615826636401506589e-01 9.279058722819929272e+00 8.516351799510339937e-01 3.426433679751438310e-01 4.918914222673975017e-02
9.512860075835530838e-01 2.108940898786112461e-01 4.050836296508097401e-01 1.955930188595798591e-01 3.488499148382394610e-01 1.310579666940121069e+00 2.156461265014140705e-01 6.433045559184276396e-02 8.599953539952427395e-01 3.269807453502814876e-01 1.099967137852010701e+01 6.032089019721128542e-01 7.962572458502144013e-01 2.434427182979744531e-01
4.147490144216585684e-01 3.042265052576446083e-01 3.273686551994007821e-01 2.287036044987166283e-01 1.535121057064237737e+00 7.270964746105721410e-01 1.763504899246977620e-01 1.743006472122873296e-01 1.383669375394781964e+00 3.368689269397602826e-01 7.154324034000556054e+00 8.258914726761084069e-01 2.620392265472951676e-01 4.094287196500123738e-01
1.856541357920134250e-01 3.897388454060644047e-01 5.675590590195802587e-01 6.357086912713421079e-01 9.440681850110951290e-01 1.460274283571936005e+00 7.760493958743642784e-01 6.884775819877439473e-02 5.080586472064103631e-01 6.632310976993986973e-01 1.331735557880344167e+01 7.364882989001162450e-01 4.510034969491896195e-01 2.681360748162820995e-01
9.193749775534900692e-01 3.269041879345497836e-01 4.162859405833871373e-01 3.545878266830005954e-01 1.976210224309744024e-01 4.059071421443204430e-01 9.280462553216453081e-01 3.593074327678841828e-01 9.848169381120431831e-01 1.960328802810729631e-01 1.418976266596334312e+01 6.673845453260227600e-01 7.283888722630055268e-01 1.036622767340196899e-01
5.774154434805359726e-01 5.434829340524627295e-01 5.674282903064247208e-01 8.520232110435667083e-01 1.861158712006516947e+00 7.197071913483694683e-01 4.927018280837759390e-01 2.773347187919292800e-01 2.085779900761798533e+00 2.629915053605098585e-01 1.103904400594045399e+01 8.967193390999772529e-01 1.248087186171338570e-01 1.793549553038959465e-01
6.091055331451666888e-01 4.975710176699641440e-01 3.660772233463829295e-01 8.407820935732078782e-01 2.491776009951463866e+00 6.427403546964822745e-01 6.821263296500462703e-01 5.552610976629744621e-02 1.900356533281669424e+00 7.985301855010613625e-01 1.252377109913081199e+01 7.064351783211787472e-01 7.706476384417083603e-01 4.567054859255780253e-01
6.709426762291583746e-01 6.448809773549416535e-01 3.969315966665368234e-01 9.439652415616148762e-01 2.530804245585916323e+00 1.416607865148763468e+00 8.271208498514668328e-01 2.371793380965145637e-01 8.325196790161619731e-01 5.921682011137049395e-01 5.926641254128539593e+00 5.911913230372509709e-01 1.637944597297274762e-01 4.634470691091586714e-01
5.063357923225345614e-01 1.739190607070765227e-01 3.811306359181300674e-01 3.607487317271785843e-01 2.233059438459394364e-01 4.426348694422853614e-01 5.319103360821429982e-01 4.492780962446329962e-01 2.410937999492005268e+00 6.669301951054387168e-01 7.005272937495593766e+00 6.460956423308950036e-01 7.729604139314151245e-01 1.294493702243606215e-01
9.579499766418851925e-01 5.552778806858238436e-01 3.349502497074193230e-01 3.477589076796325784e-01 9.426829488389524281e-01 1.477656393166245863e+00 4.903092942853792824e-01 3.131052797569769952e-01 2.020873369375816964e+00 9.442474325768518417e-01 6.164523872728001841e+00 9.754964105754547754e-01 4.088787180029758439e-03 1.869132346902190045e-02
4.401304005018595866e-01 8.843407532585878528e-01 6.315865553620330086e-01 9.968044695014598444e-01 1.357178570553116748e+00 6.202650767279886956e-01 8.898126590760710997e-01 4.890261534059681114e-01 2.795177712346832433e+00 3.942769932656989829e-01 1.464957038628613439e+01 8.748399467894030224e-01 7.469726113611524498e-01 2.466727996531273281e-01
5.990233172487513524e-01 6.011304123840089941e-01 3.816491177376366561e-01 7.761741951934110206e-01 2.956562120647951097e+00 8.872944313170855191e-01 2.661276713522294224e-01 1.093269984774960374e-01 1.726722436907905722e+00 6.132162600998259938e-01 9.554173626889795656e+00 9.558039976101910806e-01 7.892533437635922411e-01 2.690897449056026125e-01
