5.703619524489900172e-01 2.553376948371429700e-01 1.862638149785817987e-01 7.673650476055435821e-01 2.877598263949654456e-01 9.378277617935341093e-01 9.868647776568636454e-01 5.458704647311991565e-01 9.990207375465879336e-01 3.814692096648196751e-01 7.748810916686077466e-02 2.375145512195978581e-01 8.284990375033078891e-01 5.945277456894587642e-01
2.096162606620708413e-01 4.599704514478809569e-01 8.850804316565099583e-01 2.126358266528809438e-01 1.295332855591049270e-01 8.959944891247491050e-01 8.328521000824302689e-01 6.387491439817716277e-02 7.506973065036521842e-01 1.452274666822545024e-01 5.838863179205109333e-01 2.962859556727985844e-01 7.123611317940027332e-01 8.240732870563604040e-01
5.586487107011987030e-01 5.102438468493564194e-02 7.532778071528364316e-01 2.297953194588708836e-02 3.643867681170060990e-01 2.829666774783626826e-01 2.213443520296558553e-01 8.412629022994917438e-01 5.602810831202852393e-01 7.412880299470362422e-01 2.717542342015544232e-02 7.390609501901937994e-01 2.424450810978152626e-01 5.642273158614705686e-01
5.663318443797153989e-01 2.758319464104290741e-01 5.567186888908655096e-01 5.412842633987237084e-01 9.457132053831042162e-01 6.912003518843760075e-01 9.698136510419725909e-01 4.861986210825361976e-01 4.249749321153172277e-01 7.506949914846964278e-01 3.228610079114375697e-01 6.051114255712191081e-01 3.424025243451259692e-01 4.121880170318715786e-01
7.786197086571082782e-01 9.863847540250273438e-01 7.339828151642816545e-01 1.169178936835062466e-01 5.935833614037318018e-01 3.211222519369243411e-01 1.647496667365492273e-01 7.989066742493454720e-01 1.568462339380412018e-01 7.265763373868130426e-01 3.036468599273346447e-01 1.683085231525713876e-01 4.940853251265224788e-01 3.188841657199834589e-01
6.318679420673984914e-01 4.131145006291320199e-01 9.851803931481037946e-01 6.215145560539391267e-01 9.236951994968289892e-02 1.719135597577230445e-01 2.243329352869939397e-01 2.302821019633061184e-02 2.947774459902937627e-01 4.839587692725191292e-01 9.439501054640861977e-01 4.293459336747815769e-01 6.871501003301044852e-01 7.187589799401687962e-01
9.413613289541591378e-01 6.960190671372653570e-01 3.510433946478228595e-01 1.665550942136063695e-01 6.877062632915231788e-02 7.712329054740253431e-01 3.322932926459620795e-02 6.996850053585356166e-01 8.956851966815377875e-01 7.817423554315318102e-01 3.776619140501952243e-01 9.231328525818580655e-01 8.784272828192785099e-01 9.430573167030915638e-01
9.999112956016646958e-01 5.051755714532368824e-02 8.345434420282531462e-01 8.865292487447330450e-01 8.960466993152327309e-01 6.797380509088392087e-01 2.700324362274654222e-01 3.517840119274101562e-01 5.108059911714438739e-01 7.016533946835873392e-01 9.329896090620946048e-01 8.618993197857205413e-02 3.889879137229512729e-01 3.056633755359629001e-01
2.666720850000235954e-01 4.132950148175695837e-01 2.480088537834476137e-01 6.070175837261281293e-01 8.449641852206584147e-01 9.038762705520296814e-01 7.929065695864174756e-01 2.589121531084260797e-01 3.156975528208989523e-01 1.686196269798989622e-01 5.375966652666830381e-01 5.402206019872090037e-01 8.305589430442009702e-01 1.590416419346646348e-01
3.954010356324124675e-01 6.683294151168064356e-01 4.132073145500306799e-01 7.882809993057846576e-01 6.680416425007410508e-01 5.213471590747964513e-02 8.827121259190578995e-01 5.158021817001843257e-01 9.994284988144247484e-01 8.509955263482960053e-01 5.716342916967283028e-01 4.145181937691122531e-02 5.339432263393815159e-01 2.384350493972893226e-01
7.342469439709626844e-01 6.912044832568652319e-01 7.262646322560286638e-01 5.319549703966236498e-01 2.013645818725373626e-01 1.052621881498834178e-01 4.606545910323045501e-02 7.108526000348190932e-01 2.571858954547842080e-01 7.282144590174340903e-01 7.546057180380579821e-01 1.083026390186249133e-01 9.119022761519220976e-01 7.780014514668901482e-01
7.929575438970756229e-01 6.894630741482890013e-01 6.412597357433131862e-01 2.182999626937243143e-01 7.401750726540198277e-01 1.930432285513018487e-01 2.416803972218319885e-01 6.386969183697844832e-01 8.647149516763648069e-01 9.320649530143531036e-01 2.078404938400748581e-01 9.950046881646523733e-02 9.385869240621645959e-01 6.504030243506769837e-01
8.715267033568021571e-01 8.484587425591982868e-02 3.663992800029927110e-01 4.347406490146309421e-01 3.187734761211575840e-01 5.383959019305784022e-02 2.225055543438790862e-01 4.448086828373223334e-01 5.639137522174412220e-01 2.276974903424232588e-01 2.384510949625050502e-01 3.140645647142406016e-01 9.077330784271785413e-01 8.095993565574883810e-01
3.634559189551778147e-01 9.130718227845371349e-01 7.638969993465061226e-02 6.794671884736136480e-01 9.634419449016545789e-01 6.283907701204063390e-01 8.619361062309776056e-01 3.277299164437560419e-01 8.456807553671815691e-01 9.055476604736563129e-01 8.962536399225939920e-01 4.666794115270611609e-02 9.699577191301049783e-01 7.721107717532699199e-01
6.122948639681109473e-01 3.147566215600121620e-01 7.469629812361286980e-01 4.037803970672391163e-01 5.667387688817894231e-01 2.269043362608598180e-01 9.958168611810093163e-01 1.732859725877882173e-01 8.516254490962515966e-02 7.898018869279747056e-01 7.380967933328611563e-01 3.164994442795410201e-02 7.829140008298463016e-02 8.856635892711011149e-01
9.183808069246035544e-01 1.941534276601647457e-01 3.963636920128603691e-01 9.979015978061058778e-01 1.863459764978203648e-02 7.118588634653749692e-01 5.905344180222635853e-01 2.898656419697769326e-01 4.925332794369270406e-01 4.705510770250688202e-01 9.700367339042926806e-01 6.162302547928184548e-01 4.590748818322276659e-01 9.711362160341523442e-01
1.678389026544208074e-01 1.601610281558150106e-01 8.942017817950335123e-01 4.444510322001301583e-01 5.215212677654501583e-02 3.082730591370356210e-01 4.882756275159797488e-01 1.780608325022684513e-01 7.360120490999380038e-01 9.609262015841182336e-01 4.239440049948238753e-01 3.570913073615350486e-01 5.731618868443351111e-01 4.046816108175594895e-01
5.629287740495014791e-02 4.094805475238642023e-01 1.579391534040582856e-01 1.417692782469924806e-01 5.726952341369799804e-01 3.834487333660180353e-01 5.118594749230529484e-01 7.878532779468020442e-01 5.347278919069247127e-01 9.321698271657039570e-01 1.114006781143966895e-01 8.553271994264725064e-01 1.255188458801126394e-03 3.199881518959379889e-02
6.211650282709486603e-01 7.330589673925138605e-01 9.308063248400012535e-01 5.264183557114893164e-01 3.706770204798669477e-01 6.152291183125137009e-01 2.593007935436937306e-01 3.112487877944836168e-02 2.115261487687254416e-01 3.872161364525090743e-01 6.754862953187764640e-01 7.995044796878271187e-01 2.792850796002022129e-02 2.200260756665215478e-01
4.297506235080592596e-01 7.025363127499547611e-01 8.412674579005914310e-01 9.134695914816801654e-01 4.659482582695805286e-01 6.105025732249264037e-01 2.038994628980903556e-01 7.406808291401915101e-01 1.974328011149280027e-01 4.769101858534192662e-01 2.840304205573951357e-02 6.794106981640504195e-01 4.188327971171523778e-01 7.204448216944991934e-02
4.615614130994782904e-01 2.759497866883481310e-01 7.526282847919810726e-01 4.474754069700314085e-01 9.423439657031750238e-01 9.785211523365732189e-01 4.062771787381387334e-01 9.806817917609268465e-01 9.106793958890950780e-01 4.907487485164030439e-01 3.939754951156395624e-01 7.436053559162166815e-01 9.792107263780559512e-01 7.010030472697057480e-01
7.476388100304394158e-01 3.072884009885141765e-01 5.659705358347810744e-01 2.634169833578868802e-01 5.051840836443992622e-01 7.262085091648224910e-01 2.786537645055623402e-01 5.863947655318039187e-01 9.440412644921807317e-01 5.468485726204191932e-01 4.503934043310005020e-01 3.988326013066445519e-02 8.914869218643511894e-01 7.835175084994142614e-01
7.545057439868221305e-01 6.573230222782074916e-01 9.838387779686339485e-01 6.592776222363561089e-01 2.385429163165813105e-01 7.052979575053954786e-01 5.080716330388134194e-01 6.071328612586405216e-01 3.558609736287432490e-02 9.877317827699078068e-01 1.647502276453619574e-01 9.827617391212617459e-01 7.070196551333766122e-01 2.617941773477445722e-01
9.146536122136181834e-01 3.240947408037585520e-01 3.942039432311597036e-01 9.134528927966757417e-01 6.633120798086544756e-01 6.123706369459380738e-01 5.552934034185446066e-01 1.548478319759341026e-01 4.424368008159557109e-01 5.060711602717932189e-01 1.074603441615731292e-01 7.190330048633377658e-01 1.011448914217762951e-01 1.228510600315907419e-01
3.473177916922329800e-01 1.774356968404210422e-01 6.427931850540556935e-01 6.636683785031001204e-01 6.002637401304927733e-01 7.542535520139371785e-01 4.335207214616803029e-01 5.348606946054432765e-01 5.542601310911068335e-01 4.545613537088977196e-01 2.741070954473238119e-01 4.875161419416202957e-01 7.834268575919887123e-01 5.700852280112737036e-01
3.884271828798762094e-01 5.833062405344445756e-01 4.129750749437262058e-01 6.806463080788930364e-01 8.329064255167514252e-01 5.974255062330654509e-01 8.457132175170997135e-01 8.525249466054090064e-01 5.194081684035193325e-01 1.824214274137644365e-01 1.702375284869898087e-01 9.993394079921289475e-01 5.119204351089325922e-01 6.850415419325150967e-01
9.474849259007460667e-01 9.216058004847617058e-01 6.613375369106756496e-01 6.314969159478484029e-01 4.042729074415285506e-01 9.085109595576879027e-02 5.990031067438750245e-02 7.047378988697493574e-01 1.682746590236063877e-01 2.400926156907481346e-01 7.670326467052654973e-01 9.679414137476137769e-01 1.207048434221456024e-01 6.921189202682956898e-01
7.731108838330843502e-01 8.121460551791050975e-01 2.625865033537229110e-01 5.641172290490275021e-01 9.672422542533121170e-01 6.977596954872781199e-01 1.891542810814318409e-01 7.660238959920433466e-01 2.334360921095838259e-01 7.289298860131427915e-01 6.131556954694227235e-01 4.703152145261778605e-01 3.462841122581885589e-01 1.708357261737576405e-01
7.680497900364170460e-01 3.390750617375370979e-02 4.721934346081350098e-01 8.727653498646406049e-01 4.405500990879420709e-01 7.120723947608081916e-01 9.443253412549740267e-01 9.696689507070566094e-01 5.721295286641415734e-01 8.386929283855113493e-01 3.240349703050893204e-02 8.880451029422035125e-01 6.360679048540204272e-01 9.521059999348022718e-01
5.211592059815751687e-01 7.066116119358396563e-01 3.873593146006922838e-01 8.811680508166208625e-01 3.099637050995789345e-01 2.691197455003525585e-01 5.168222518102375540e-01 1.838169137696170630e-01 7.340525475141249645e-01 1.514003182090519761e-01 4.878553671648002688e-01 7.430605685383473435e-01 6.177851116833609213e-01 8.559294931543722784e-01
9.275494074831622804e-01 2.372551008954566498e-01 5.435563189605372436e-01 1.063042541307230859e-01 7.074181327952918652e-01 1.378738541806479034e-01 6.241178111641570991e-01 1.634887951275957318e-01 4.034677633378556116e-01 5.483616972877400908e-01 9.724134858350392818e-01 4.182370075986996394e-01 9.042860214246180028e-01 6.055326201197595015e-01
4.016129033839199725e-02 3.880498281908904001e-01 6.181908984704025389e-01 5.198137710334017614e-01 3.063218537618954684e-01 6.042145802153969791e-01 4.286879743003929599e-01 8.077866732566023611e-01 1.348063088426545431e-01 6.383283729730705458e-01 5.086080839709431478e-01 4.059165847740137112e-01 1.504511876469712961e-01 1.806173671030316674e-01
4.884597823542684569e-01 1.374844141680950926e-01 5.891167888691787313e-01 9.663618537687738153e-01 7.463965072021746527e-01 1.378488473265894187e-01 3.343385229178025275e-01 6.095840296381910273e-01 6.708984630225127699e-01 7.438137929947861160e-01 7.691599387924547004e-01 8.960166242672922277e-01 1.467694614637466977e-01 2.962149482387002042e-01
2.172536221428240655e-01 4.755488170950927795e-01 4.780406425910109780e-01 1.903040087284182391e-01 5.503618183395573293e-01 8.816206043483798549e-02 6.524885195003987670e-01 8.026647107083731969e-01 1.701192200558530043e-01 4.669564612095307155e-01 7.102154762449138792e-01 5.790635279980124173e-01 1.985884735339185081e-01 6.997096135291965835e-01
6.723859492833216267e-01 3.415164114143465213e-01 5.263275982996012958e-01 3.062724686186130141e-01 2.399943370917202445e-01 1.604727750174317347e-02 1.879011242552367511e-01 1.273122427114350419e-01 3.902569516891397639e-01 2.266827547740032367e-01 9.326615532177759960e-01 7.428383790586536861e-01 6.494541041447835505e-01 8.713174066027674636e-01
6.913539874065631752e-01 2.660744067963364268e-01 3.161686005561514801e-01 3.501996943706607857e-01 9.529023280682421548e-01 4.614681620271089413e-01 6.577913122324225981e-01 4.924856447446841479e-01 3.487479422717884026e-01 9.596763488502677575e-01 5.084842494597380247e-01 8.813893755813845265e-01 5.048119395542935983e-01 8.289833881290076256e-01
3.339945338809804376e-01 4.706465960708339225e-02 1.669776154500987042e-01 8.416795593575607803e-01 4.789106534363053447e-01 3.293104780710481849e-01 3.208400458645348508e-01 2.400915174651492290e-01 3.224735468267448946e-01 4.387453403443944966e-01 6.847757198871780027e-01 7.442302462935292962e-01 7.128620620665009344e-01 9.939055706716400929e-01
5.727589410485564025e-01 2.935094589329538817e-01 4.247321720513861365e-01 5.856804539091360340e-01 3.790763619520333139e-01 2.289985647480716757e-01 6.090066383725712962e-01 3.078053475272300998e-01 4.422067334703876362e-01 3.539455608265308362e-01 1.593819116493918608e-01 1.759718853838341257e-01 6.302061437191576188e-01 4.838686722062399692e-01
5.524647685662358310e-01 6.933135868389954659e-01 7.755795574905509637e-01 4.094128761302647801e-01 9.340692548855897837e-01 3.468742655072594161e-01 2.726212059921391262e-01 1.748664853310912815e-01 6.781136950762567395e-01 9.081718498701432107e-01 5.021121636346990158e-01 8.003247236413542076e-01 8.446210398175605372e-01 8.430337715432106860e-01
3.848415488969653131e-01 7.564879696558732824e-01 6.067283528190230424e-01 7.109274699880039350e-01 1.735789021096301177e-01 6.237402737809937259e-01 3.295441148527162856e-01 1.476402765910970194e-01 1.647278433163221756e-01 7.087829738180878580e-01 9.144207278406017991e-01 8.701565929917454145e-02 7.985394257214156744e-01 1.994635407607421307e-01
7.154512246274008502e-01 6.433186982759871997e-01 8.158303277208374116e-01 6.232113044353649878e-01 5.282366033960986806e-01 8.447353536944491870e-01 5.526245276760044511e-03 6.655671625185186624e-01 5.598760874891717254e-01 2.838170219098959945e-01 4.367658243625348602e-01 4.185872343959755604e-01 5.489082759116832300e-01 8.296347080635121385e-01
8.814303464190070825e-01 1.271839213756421616e-01 2.215135011521752739e-01 3.784014595397620084e-01 9.851481586950021629e-01 2.907300083334223295e-01 9.296254360632942859e-01 9.525198133485681673e-01 6.877723211972054385e-01 4.776899932754077316e-01 4.851530068860310241e-02 1.156928425099934543e-02 2.689854468821553102e-01 9.757725094293481227e-01
6.508806609194413006e-01 3.567259499302553039e-01 2.806115478275756914e-01 1.820708278394104207e-01 2.297128349876302877e-01 9.588139462995487472e-01 6.223491126647784366e-01 6.947494309647732624e-01 4.566925988331952402e-01 8.875123524175875245e-01 1.395969890370357680e-01 8.984617347343126781e-03 2.615043240442915806e-02 9.462202778134588543e-01
7.285183778666628474e-01 1.039479946720192061e-01 2.683657198375035691e-01 3.182570861928075701e-01 9.637704070088911612e-01 4.087839704994539192e-01 5.664303006635524884e-01 3.551539610033106475e-01 6.556991674814004467e-01 3.433234638348651169e-01 3.719500968248607986e-01 2.370842159161371532e-01 1.391511272119606568e-01 5.591932723420162121e-01
3.255007943490351163e-01 3.804077224380286726e-01 9.850841072909355400e-02 9.338008731801962226e-01 6.376960428548643645e-01 2.062854945574921217e-01 3.028352443381898684e-02 1.406588251617632013e-01 1.092711923237390526e-01 1.529314692939315323e-01 7.754842050935970565e-01 7.030104910874143131e-01 5.034643209665091712e-01 2.929205301511923487e-01
4.496737943538893223e-01 1.644455329823119039e-01 6.319200491994159119e-01 2.458660614326079186e-01 2.915177474133574531e-01 1.286052816693903367e-01 1.917147734823771987e-01 1.582392270788351984e-01 5.987338341267547381e-01 2.920286240881379003e-01 2.651582379552617219e-01 1.940183083705959710e-01 7.794682517200723915e-03 2.862730780789065621e-01
1.421899316111768785e-01 4.287892217039782627e-01 8.983437231656730138e-01 2.061571951695424509e-01 3.266625462086825138e-02 2.421754661438013656e-01 3.578994393262108220e-01 5.184968270091239173e-01 8.103278299920965155e-01 1.047359531851345116e-01 4.035380327469733075e-01 7.929205323135550820e-01 6.705673451742034663e-01 8.850338259384367134e-01
1.112636010787868557e-01 8.004602897291134278e-01 4.479724055590705856e-01 2.663678874990206280e-01 5.826967680060305410e-01 2.904901214009131261e-01 4.112344544328480067e-01 2.005403140001894569e-01 6.797096316502735380e-01 7.711227809010707812e-01 5.437579823862925821e-02 9.698068847822582939e-01 3.997598566949018828e-01 2.076138700871319465e-01
9.718467390540915796e-01 5.620962948497764122e-01 4.173173666466779563e-01 3.649773333057690916e-01 4.389619384588363538e-01 5.842384728743839073e-01 8.019712222418690084e-01 6.490125618320390366e-01 5.765428040167679402e-01 3.350468677868394529e-01 8.707568899063824475e-01 4.672387571233543868e-01 8.354428313430160014e-01 3.128754817496667284e-01
9.375317770214943724e-01 8.710335200526938548e-01 1.496940407460933820e-02 6.241288643481092135e-01 8.468160652296975455e-01 5.893688284461230387e-01 2.224085747441874039e-01 1.933728684822240140e-01 8.090324629632936748e-01 8.740466768544918885e-01 1.330364164031662133e-01 1.144574653318589652e-01 1.865434362711566596e-01 5.152297566649945981e-01
1.760176116496435794e-01 7.311543570898807465e-01 1.303467412187708785e-01 1.396891043476091721e-01 2.659283982341857921e-01 3.169038705095608144e-01 5.294731623049855340e-01 5.062892319633101046e-01 1.266959900544353257e-01 2.568008948038204009e-01 9.804412502235861915e-01 1.008813216059106788e-01 3.254785063491053565e-01 2.926402304867881110e-01
1.752311043310055272e-01 2.117580391913680415e-01 9.082638715822412001e-01 8.720324890623106784e-01 3.135052855038414910e-01 1.572200202597073826e-03 1.638289633500440434e-01 1.756033503394108797e-01 8.080837331172366911e-01 8.300611781837022862e-01 9.667328461652233695e-01 1.752178749090110843e-01 1.159655321828603203e-01 4.975134826165519275e-01
1.814793696369279008e-01 6.922958932616291028e-01 2.198862788340183450e-02 4.982244147217096408e-02 7.142316641024245572e-01 2.616724151432905376e-01 1.646237552358720269e-01 9.037419182192041323e-02 8.772045921407112257e-01 2.708049274424683128e-01 6.200809596555685310e-01 6.677648524878397884e-01 5.347527944782237697e-02 7.822846901132441966e-01
2.674859218899545699e-01 7.853013440595359995e-01 4.401928518320097350e-02 7.346721835055401995e-01 1.434483300704233466e-01 9.856815656650819157e-02 9.826516510264471371e-01 3.513165001174066715e-01 6.366064139133820188e-01 7.875660152033278072e-01 3.464078786580480074e-01 6.885976802594614421e-01 6.377448130106566637e-01 9.364852856419357829e-01
3.967628489078358633e-01 6.868754337544721311e-01 3.814107330972720256e-01 9.699659417166063280e-01 4.878493789823205029e-01 6.692128756227732067e-01 7.140638209618208609e-01 3.811709213651434114e-01 7.676947974749137593e-02 6.413647386826735186e-01 8.570016896921144323e-01 9.761617964692665961e-01 2.420922412603823126e-01 9.705940779593630330e-01
3.224507513637573375e-01 3.319990849515952469e-02 5.472656364374189897e-01 7.523914482157745276e-02 6.442418055112151265e-01 3.929925068174870972e-01 2.393896977708818152e-01 8.115592285993259436e-01 3.679729279814004661e-01 6.604277078097715581e-01 2.318522624710217528e-03 6.910881849214414174e-01 8.218317239127780338e-01 7.485469241224206316e-01
3.868888946296600295e-02 8.225700996640762375e-01 1.548524565975895051e-01 7.463190202794006689e-01 3.134156710205745489e-01 4.754286917412468005e-01 8.074753482710952390e-01 3.421968415511271733e-01 7.389565993423774515e-01 8.853508855003018319e-01 8.867964587849062053e-01 7.385264942426551515e-01 1.400053022727398844e-01 1.515917022032368111e-01
9.081966502840529420e-01 6.273345503752457697e-01 1.525891236137768558e-01 3.454209612104648386e-01 2.603690364774968735e-01 2.127663873922183146e-01 3.649066145124075788e-01 4.774218602608171214e-01 2.829751563074887066e-01 9.420261875571149801e-01 8.967120801112535844e-01 6.161778317880446387e-01 5.801650893503340622e-02 6.672807365877087005e-02
1.217376476631489846e-01 8.958319472290908747e-01 8.808862455527779467e-01 8.639629510407429436e-01 2.922611767916851733e-01 9.199190694057679529e-01 7.050980594436170312e-01 7.890866856113071259e-01 6.172247922595609504e-01 7.084111275275378761e-01 5.771868709759960803e-01 6.849975661882361511e-01 7.981760845435468266e-01 2.658348271290518205e-01
8.363210537379771603e-01 1.667227300981333205e-01 6.013050595962402545e-01 1.072988018177006841e-01 4.039538089969674228e-01 3.594509221537127708e-01 3.046856403388197299e-01 9.522970423397478790e-01 4.585991807956936173e-01 3.462170946100802116e-01 7.269624404745561597e-01 5.096531893580781292e-01 6.162634251570185961e-01 6.767037274537847091e-01
5.835309890907532937e-01 8.513672951152170265e-01 2.106197844271305852e-01 3.700541331199280748e-01 5.467509040229074913e-01 5.824893231480068323e-01 4.920761676729040746e-01 7.188736139698512773e-01 1.197837389094589255e-01 9.173034033786131580e-02 4.035885519992954418e-01 1.388136912183801641e-01 3.514934904221793666e-01 2.433729554456308675e-01
1.910449232544451093e-01 1.366750815585638934e-01 6.134297975702432959e-01 5.976148455000332982e-01 5.210286392034741976e-01 5.270070916724723942e-01 8.677468472519053178e-01 4.941596853862465499e-01 7.990049640300875833e-01 1.746448437518766106e-01 5.571117022449564304e-01 6.042369135411920222e-01 7.913046578929053831e-01 5.128001639812368451e-01
7.865360221466751733e-01 3.688189949955810176e-01 1.106960806389649665e-01 2.406966558966039393e-02 8.368742345947360883e-01 4.892940905755257530e-01 8.779415213541115204e-01 6.067670718029245513e-01 3.266190865770622898e-01 6.516607095284908668e-01 8.764295986212813361e-01 7.152505023681943186e-02 6.774281911612134444e-02 2.840484692101633568e-01
7.914916921417319839e-01 9.069928043592274669e-01 5.630475631120470670e-01 5.008019062986887038e-01 7.960194905268219712e-01 7.401120328171203466e-01 3.659758978418424791e-01 5.247201766890388086e-01 1.749115619199659299e-02 7.119103421793135933e-01 4.965138840313082502e-01 3.346866489604543027e-01 4.242135839912276607e-01 9.640888382691620295e-01
4.328682275642231625e-01 5.443224176243827150e-01 6.037582621040629149e-01 6.866408224400837312e-01 8.490811421738458931e-01 8.159043172962074930e-01 9.118155620647517834e-01 7.421089563226910268e-01 1.767768850026214533e-01 9.708625009778305559e-01 3.152193447043040164e-01 7.885486095801116369e-01 8.542190777581295524e-01 6.594371369202423061e-01
2.923130082856614242e-01 4.696987692564481565e-01 6.165213017980269994e-01 7.896596757921983123e-01 5.627651519312297790e-01 7.136095841027031428e-01 7.651459251566287145e-01 6.220242075707799190e-01 4.168668767848066059e-01 9.903432445044704213e-01 2.351710824965285163e-01 2.096610226614541439e-01 9.086385269702446088e-02 9.434877987801202348e-01
9.402474310375140698e-01 2.845341517740346271e-01 1.300238206859936074e-01 6.833945598663750953e-01 2.247681839266486570e-01 3.500846940817771147e-01 4.826385199754668065e-02 5.377553669858919916e-01 4.856512955843261814e-02 4.718835605285683910e-01 2.362991727439509582e-01 1.522746974229465255e-01 5.541428100217180575e-01 7.760319605570294987e-01
2.062691423406082247e-01 3.348589913812473062e-01 3.582275358955285816e-01 4.191893405059042843e-01 9.384826262561736243e-01 2.695465816541581239e-01 9.404919779967813032e-02 8.492310745394071603e-01 4.029689359389685421e-01 6.050136150781917355e-01 7.122674596426876725e-01 9.088881520652324353e-01 1.268475980393966029e-01 5.755218281850953410e-01
8.083419478105363654e-01 1.300139632353111141e-01 5.624317135303926740e-01 3.069436510382185235e-01 6.731105890392452551e-01 5.254682176820058004e-02 4.262433040848023769e-02 8.357816851807694514e-01 9.802794059489967626e-01 2.643222475313035114e-01 4.903870402170412701e-01 4.753148522777713714e-01 3.168728967523186668e-01 4.298489911103423600e-01
4.311293596021325003e-01 9.158135148548772753e-01 8.095551228339553651e-01 8.532466952985305886e-01 4.134795701876554652e-01 4.971346037631685366e-01 6.775915754879453523e-01 6.299342809262199472e-01 8.563897074275740318e-01 8.503643497264559148e-01 1.506131423531342772e-01 7.965993383468731315e-01 4.101175568371772107e-01 4.986765357814819666e-01
9.696571567436796935e-01 5.919851996422854645e-01 9.031784866427405856e-02 7.377069056208486186e-01 4.079488944329591193e-01 1.853313724742872148e-01 7.575922409331603546e-02 1.634810682677092508e-01 3.891329124292632891e-01 2.806053789547745536e-01 7.874599044851227081e-01 7.476278783061831579e-01 6.715806015267049567e-01 3.692497110223763590e-01
3.794731024849020695e-01 8.876096999993784431e-01 8.686663652819722747e-01 6.519026027670239420e-01 1.847167820532711335e-01 6.868959583494600452e-01 7.344096160130669793e-01 2.018220540264895613e-01 3.768387361237816036e-01 4.250157602393124234e-01 6.081540263722413631e-01 9.675806664319636097e-01 1.612124528687557401e-01 8.735090759201772359e-01
4.683691621356468326e-01 1.821616538720797207e-01 9.212385764020994960e-01 7.029421130970818776e-01 5.264875534146984393e-02 7.085999202299483324e-01 6.140578281672848249e-01 5.256845301878256826e-01 8.420072462236797284e-01 7.161531455054935824e-01 4.494938847775438173e-01 9.663769390367491496e-01 2.684430678238532986e-01 5.730758761016965241e-01
6.937871398053147010e-01 7.360731282711585610e-02 8.763297117378099355e-02 8.031299049925770817e-01 1.402731201514599846e-01 7.042951187594586049e-01 2.308884317674527731e-01 6.514561725139436099e-01 1.679050295295806405e-01 8.170131598614931434e-01 2.378592648640101004e-01 1.379308617038674800e-01 6.580262794334333920e-01 1.684306032068692005e-01
3.792700194802062219e-01 8.944041853359818717e-01 5.011388920686720150e-01 3.966591945495753224e-01 3.173611553480037983e-02 2.454867052923678239e-01 6.370643405200189235e-01 3.435407057774303441e-01 2.999271404250706263e-01 2.988059992319047620e-01 9.018396683477208908e-01 3.213277550968165475e-01 2.656906479914056263e-02 5.035554818026360957e-01
3.382301092160514555e-01 7.111926519904588906e-01 2.158555881805812593e-01 8.656614437605889556e-01 5.293062126119323363e-01 6.718088784237429278e-01 8.045540595043583210e-01 3.448130291494588828e-02 9.797606777369379794e-01 3.291484327570394219e-01 5.729522979765946378e-01 2.076204435338574461e-01 6.410430926858169398e-01 6.013633145161301208e-02
2.704827452694821277e-01 4.144464984192391954e-01 7.309351875371716822e-02 6.353091934867999280e-01 3.910262830525391697e-01 6.178201859686663910e-01 7.024895353445603785e-01 4.821400364220347345e-01 8.065696779207031097e-01 8.447198461703605554e-01 4.522508829051655743e-01 6.643975163950361917e-01 3.626655898120475507e-01 2.148096940158524815e-01
8.224605348662807902e-01 9.757240981992212348e-01 2.794311971420451179e-01 3.607968743308034298e-01 9.746384142449959764e-02 7.096682376813012727e-01 7.194598949603814297e-02 3.283498674947704643e-03 7.925304695973360847e-01 8.582166906300616738e-01 5.031420274147003768e-01 9.037044548312875847e-01 9.531295803709664005e-01 5.730757603164831071e-01
7.368786479910668374e-01 4.958219819556453078e-01 2.359428199084560029e-01 5.028926520669412259e-01 3.963597982373924244e-01 8.582250220962395204e-02 9.229547921051731718e-01 2.889795848083190899e-01 8.938696427757695240e-01 4.634766762683490970e-01 2.245797296328139181e-01 9.562182710657604057e-01 5.470866381662107258e-01 5.365822410380568508e-01
8.134612108692109711e-01 3.498822619800181499e-01 2.262281437635553782e-01 8.741469337973843956e-01 1.623450494758817975e-01 5.072833640027460955e-01 4.966591118963549212e-01 4.765618091151032631e-01 2.245529580395183578e-01 6.209896629078721642e-01 9.258718718305525286e-02 8.340550808737569044e-01 9.635451502684601044e-01 5.848537119588924638e-01
6.089634741752991687e-01 6.417314330543840706e-01 6.226251794118022875e-01 3.450605648912611345e-01 9.432795662217859922e-01 5.435435348033846870e-01 8.986918540834563096e-01 2.770598674663987682e-01 6.232844908760735159e-01 3.966272938000743320e-01 8.460093181560822684e-01 8.011150533567228393e-01 8.167768971375137799e-01 5.691703457903372065e-01
3.629230122966747851e-01 7.752334983989891404e-01 3.672067824196961761e-01 8.299854571286976457e-01 5.862455905713106485e-01 6.715866806011147050e-01 7.022946723568832539e-01 9.658004095154163471e-01 7.052245789102906670e-01 3.129574660869970382e-01 1.377838907608819330e-01 4.520280089792811928e-01 7.632948522228547583e-01 4.726037951302165530e-01
9.565761492005498967e-01 5.700855651909969568e-01 4.071403621207023704e-01 3.124838696718056363e-01 1.981236464906412920e-01 8.304867954318813084e-01 4.908010012806380828e-01 4.411880798423079009e-01 9.641744167294594714e-01 8.383818808977142600e-01 1.650110902877434116e-01 3.103463325910484905e-01 7.639558764729440510e-01 3.829482882257773113e-01
8.383800271860560871e-01 7.128206639818811530e-01 4.226004177070059598e-01 1.250726705046530940e-01 2.263081731594825952e-01 5.773076798417399180e-01 9.972802848164312728e-01 9.017570022652939832e-01 7.488167061045443162e-01 1.576943384489837285e-02 3.503816587629581258e-01 3.224674599714383305e-02 9.951237481739142465e-01 8.057653986353422448e-01
6.849681219105265839e-01 9.940852374392558088e-01 8.786102560749274870e-01 2.005112496106309372e-02 6.963402781803823549e-01 2.318599270669940982e-01 1.272011329268534219e-01 5.585940761544599953e-01 2.462011852253270794e-01 2.629326202578896599e-02 7.781633840986553752e-01 5.869433523487098681e-01 7.598304817524779153e-01 3.949674046223580204e-01
8.494593018985181487e-01 9.771976971817902813e-01 1.405755760694584744e-01 5.779177551570546800e-01 9.623402482649606737e-01 6.072733053723126107e-01 3.358725329431756501e-01 8.081192581658055429e-01 6.539356326687908449e-01 5.488306295564763237e-01 3.659525009015569541e-01 4.220370203480862115e-01 4.394923364496912122e-01 4.152513564811446400e-01
5.535886815535415728e-01 5.229477165503316760e-01 4.596428423581112588e-01 1.314672496324359452e-01 4.799565957266536120e-01 3.933122719763431085e-01 3.953969478781965696e-01 9.895706138268235419e-01 9.958655040811553727e-01 7.816441420140806118e-01 6.473141922372005475e-02 4.773045693692034019e-01 2.362997915594011733e-01 9.469358451119079811e-01
6.545002711346413760e-01 2.106347224167141041e-01 9.222338334688170436e-01 5.847700047081942909e-01 6.211862776315540957e-01 9.421398240774967459e-01 1.598227093421501488e-01 4.915440197177529669e-01 2.038166810308460475e-01 7.223229587850698019e-01 5.854741572738952904e-01 2.372854470474154986e-01 8.123777701386248884e-01 2.876581214578277645e-01
3.477819973119756769e-01 4.822328379849802893e-01 9.096610930630959491e-01 9.169492113788502152e-01 7.590277250151723498e-01 8.202937153586371544e-01 7.802048831337515811e-02 6.260251352848944517e-02 4.470514023564793327e-01 7.489904963859764786e-01 3.854731970754875503e-01 6.425373065482663515e-01 5.869986301461681544e-01 6.636322193943627878e-01
9.834316347822029680e-01 8.078506275620112032e-01 3.394480637191145123e-01 8.255159032447251244e-01 2.482946349872080516e-01 4.459013800051556675e-01 7.845931534257173379e-01 3.536536022688647751e-01 1.831680341927003353e-01 6.685685966539357539e-01 8.358628580959681642e-01 5.398374751858793230e-01 5.493293048760978792e-01 7.169063250241993757e-01
6.173898633838854622e-01 4.984955916364715023e-01 2.597976289647585535e-02 3.115853923136577830e-01 7.486483851695069358e-02 4.842292190539484453e-01 9.217685659951956323e-01 6.496701147275782962e-01 2.488902633917300378e-02 1.629561978179731030e-01 6.937383820717402116e-03 1.135047454749107398e-01 3.387610099886056991e-01 1.802184412888034881e-01
7.268367811693349223e-01 4.039272783718476090e-01 5.068461809106582505e-01 9.182550135003897385e-02 9.616819073242859339e-01 9.558447093106853254e-01 3.039207117500803967e-01 2.333183902387436781e-01 4.049913450469622145e-02 3.289483909372410420e-01 5.985681416612255168e-01 7.619304682310541477e-01 6.784944929345577691e-01 4.782349002151695672e-01
8.313492989294871682e-01 7.371349443438355298e-01 4.510628121391677681e-01 4.230747819406777133e-01 7.688998941371230078e-01 8.901972321186724102e-03 3.818379926750248288e-02 7.539917062265681924e-01 8.983361619661648367e-01 8.811498179823185062e-03 6.596855835342166907e-01 2.478902428030993477e-02 4.792841474752546072e-01 3.394280514257881354e-01
3.236151213844383756e-01 1.589878547857223046e-01 3.831466666103680030e-01 7.966749549872826908e-01 4.714776732398717751e-01 2.449941602387265549e-01 9.892341477469001054e-01 8.191299456094294218e-01 1.382898043744710259e-01 5.890066483347276005e-01 5.052361491789655323e-01 6.436688905052179166e-02 9.325740271910234469e-01 4.341465131682459289e-01
6.815571323765509115e-01 8.941453541789123882e-02 3.231523130378438635e-01 5.226884898159032122e-01 8.835848205639019737e-01 3.183970708113990078e-01 4.051921296996003896e-01 2.090651453158196560e-01 8.301234505819381493e-01 4.807227967463870710e-01 2.571026867600603172e-01 8.368424553727962234e-01 7.498699524880982903e-01 6.118062260034551336e-01
6.062886539903248329e-01 4.424920456552977610e-01 6.088538477604551469e-01 2.086047464467002399e-01 1.141226999293303290e-01 3.098133271223100227e-01 2.251123177992256919e-01 7.244820922293561116e-01 1.514325572148316201e-01 4.306291775200031813e-01 4.296163991198653775e-02 5.737579871167294288e-01 1.495109252381996434e-01 3.103896827382655044e-01
6.076074320307913723e-01 6.490136863779346621e-01 2.843278904760553338e-01 1.368067253853140208e-01 1.425156059249841345e-01 8.924694919575670848e-01 7.572341687955479461e-01 3.790303845297934293e-01 2.952226278440783780e-02 3.798793386486857271e-01 7.046098763712121960e-01 3.029870445268548762e-01 1.067906661272337576e-01 1.651857602444625206e-01
9.158070411215281093e-01 7.110343504367447887e-01 1.621149799371299771e-01 1.479298672986789631e-01 6.465534555813928774e-01 6.674961477607650462e-01 9.431770444512408424e-01 6.541796806100254047e-01 3.207492796511588473e-01 5.670763854244131874e-01 9.479941231308368632e-01 4.060091771066480781e-01 6.651173000735943752e-01 4.355524114175151063e-01
2.772860962371725968e-03 9.758071438123450125e-01 8.886762031124145755e-01 2.032336242105505786e-01 4.073298140424341796e-03 5.048482986359209557e-01 2.761327737257320836e-01 1.967884385280441739e-01 3.965975967021352355e-01 9.216883696702672379e-01 2.874722561068775439e-01 8.169060821428472119e-01 6.394290221118312800e-01 4.771012326450831953e-01
5.381540809991028906e-01 7.451445549571021898e-01 1.835963826568345336e-01 7.307637993173129454e-01 1.669903678726055718e-01 3.818951998213881982e-01 8.736769798362503670e-01 2.998828809751719060e-01 7.056313900114489224e-01 9.722171309269799222e-01 5.947709626983351816e-01 1.560456771333494919e-01 6.182826895401428713e-01 4.223742475205413127e-01
