6.752585661043440934e-01 1.538202741249250494e-01 4.383983048090338563e-01 2.264146702018339230e-01 6.853223449753276242e-01 8.538539832033552601e-01 6.655999599405193479e-02 6.381675358830577460e-01 7.572529004462995594e-01 4.068212847532006737e-01 2.449449832428458596e-01 8.404006769030886170e-01 7.506138091908809429e-01 5.920074305390030656e-01
6.998582468738369089e-01 6.208894028597650161e-01 2.917292526383776785e-01 2.107564025414978559e-01 6.096301763981621935e-01 4.558036161492540206e-01 1.525279001709454185e-01 5.456460044218703898e-01 4.710577496130681219e-01 1.607400651570902728e-01 1.317213393744366412e-01 5.077590165515716292e-01 5.385588427409334633e-01 6.975172066196712040e-01
8.818711142176438589e-01 5.039155671367302469e-01 9.761627581192406922e-01 5.139890413482416376e-01 2.658242373967321104e-01 8.423036991429415643e-01 5.999993503374175807e-01 3.032465665828809609e-02 6.429544035192591434e-01 6.641156228254296856e-02 6.658992979816932278e-01 9.724186076246464916e-01 7.164733355847325846e-01 1.177128196557158946e-01
9.690627451670694725e-01 7.475459385821477953e-01 8.453359006754614935e-01 5.765327363536489891e-01 4.041626325374536588e-01 6.979908080135263093e-01 2.276370120816618714e-01 9.273986364270173643e-01 4.997024714443535354e-01 9.901968184336329415e-01 1.529511494204383037e-01 9.114800225360941699e-01 3.294802817415274365e-01 1.918329415096243773e-01
1.596557031680776451e-01 3.398035476761022133e-01 1.893088886341566246e-01 8.249425729673171004e-01 9.100907823978442446e-01 4.034970827637092139e-01 2.124801046712007091e-01 4.043134447795951880e-01 6.224152080349474314e-01 7.679079103815155127e-01 5.620149865361969699e-01 8.924956348793007255e-01 1.651076707745122718e-01 4.136482651866483229e-01
1.734276251919260048e-01 7.128990068805710623e-01 3.131710244772683005e-01 9.372094249131637245e-01 5.613888453867760253e-01 6.005806866468910155e-02 7.031367074325182154e-01 2.898802077308278990e-01 8.361122141182474321e-01 3.458649198550300952e-01 7.422660250381777347e-01 8.830659691672906320e-01 1.984227355645161728e-01 2.267185906759351388e-01
2.630977252794011179e-01 1.504600652465775124e-01 5.269083324011263336e-01 6.379345517367803753e-01 6.287459717778137724e-01 9.409021975922919889e-01 1.237157859088481304e-01 9.897632299356540209e-01 9.304088236941576717e-01 6.685277562022878817e-01 2.750452999904524631e-01 2.978773042575951768e-01 6.035229206319925321e-02 5.506230121648023612e-01
6.737371076950102733e-01 3.615330392120517100e-01 6.561254252684879384e-01 1.548552483051435225e-01 2.811695873999224826e-01 7.326075424334499431e-02 9.159511171917492645e-01 4.961948261242753455e-01 5.180771407788311578e-01 2.703536697171536884e-01 8.347006890025761017e-01 3.351145907667136825e-01 7.958422474851052364e-01 3.436433238072772456e-01
2.925876299756190457e-01 2.309598215354139450e-01 5.935623435037360451e-01 8.063029574767843766e-01 6.119575136953693262e-01 6.755077223835096456e-01 7.051397951246517470e-01 1.807593502821090992e-01 2.535442758499338867e-01 7.870548566977187965e-01 4.368864900256516082e-01 5.106170384053165812e-01 7.946952646359863870e-01 3.831240949805803098e-01
5.236877636922607770e-01 9.215683933340110823e-01 2.996151739243558820e-01 1.891643826908323556e-01 2.744796389568773254e-01 3.828467488781660544e-01 4.177081600671320727e-01 8.292801326733568734e-01 2.245350987358528672e-01 5.131932103129712708e-01 5.434877558723021362e-01 4.205884641366439691e-01 9.290523102894424623e-01 9.963255351461526299e-01
8.284123804609283548e-01 5.111289110206074238e-02 1.165339588070505306e-01 9.448624106580905124e-02 1.343001890767845374e-01 1.667292570428186016e-01 4.925447468633004089e-02 8.034972645003136682e-01 7.300293454850761421e-01 4.159088457045164722e-01 4.626856628239942593e-01 4.056861180803316147e-01 6.448217408485721336e-01 4.115721112232383350e-01
9.044312123607797238e-01 9.570030626118755102e-01 8.336366158426865569e-01 6.948256223813957799e-01 1.030236977902460049e-01 7.504154753176928150e-02 5.524635640480191068e-02 5.618789046058193515e-01 7.294054309395996416e-01 7.416157017648840055e-01 2.774877469057097645e-01 2.930510489457652801e-01 6.273989696841826280e-01 8.396135518788393481e-01
3.238498377793652683e-01 2.955874556094734151e-01 9.541315612838807692e-02 9.547010680528256188e-01 7.171690236100707327e-01 8.789406870929631355e-01 5.484447796314531054e-01 8.870179089465906053e-01 5.716545890360369420e-02 6.959713748435272240e-01 9.118603812402248376e-01 8.572184747245659153e-02 2.632758493252149723e-01 2.429214144368982975e-01
9.556550479487039285e-01 8.988687334574110288e-01 6.495272886741636498e-01 9.014288022187411098e-02 4.635616371443034289e-01 7.221405026451819253e-01 1.079072604647244304e-01 4.834250178501237061e-01 3.421113333399138368e-01 1.993800046687033145e-01 3.650433322636252864e-01 2.169283828758499233e-01 6.650602386199346849e-01 2.375334032080198554e-01
8.077280674526818860e-01 5.120994674504457667e-01 6.130086832566993271e-01 4.658504962987150000e-01 6.283692335795022510e-01 3.955391907846109723e-01 8.934252229199900475e-01 2.847043236325760285e-01 6.374285172433959978e-01 8.713093785515518830e-01 1.748198671222631617e-01 4.681202581990736578e-01 7.998177843097143969e-01 1.077906915339932326e-01
4.755980515694746558e-01 3.642409965960853313e-01 1.144003997440669051e-01 1.219024787856357595e-01 5.958520320913318624e-02 1.854540207333402746e-01 4.258605456748956186e-01 8.331715633317647862e-01 7.196494702538441812e-01 2.838689777879478404e-01 6.354540171499892809e-01 8.643476540727397239e-01 6.328404562413768586e-01 4.167818837390633302e-01
6.460115764023754981e-02 6.485270794255570959e-02 5.414577549761115938e-01 1.114501343363848429e-01 9.620929297463145513e-01 9.786640313700845084e-01 5.655207248839299039e-01 4.356289169958355023e-01 1.293527652713907239e-01 4.458212819503688529e-01 3.539237126759697816e-01 8.707110526502225278e-01 2.126900513109701851e-01 7.437660556660927735e-01
8.604020284588143053e-01 1.051489505679974457e-01 9.596288725023218724e-01 8.894281561605520414e-01 9.102450302068787469e-01 9.668007125627904319e-01 5.073476525984466079e-01 5.991734098629714067e-01 3.016973900123181007e-01 4.772264194137187943e-01 1.451577683755281845e-01 9.961328081198657092e-01 6.374788398146126189e-01 3.211143133292015950e-02
7.825778784078629702e-01 3.821823432957038857e-01 3.833816533212340838e-01 9.314602460987433385e-01 4.927973130969710569e-01 3.667325177898361765e-02 6.001876948636467590e-01 5.669869930099068478e-01 3.450204063459484383e-01 1.996026160782715664e-02 3.405647629249105579e-01 5.975000068525511132e-01 8.175568113869754461e-01 8.583437171008293509e-01
8.503950361819894166e-01 5.557691998135362299e-01 6.460761646156770732e-01 2.755616482447781346e-01 1.450650185899293731e-03 8.929243871598356863e-01 5.367936577525540542e-01 1.956848004756437387e-01 3.291892816425844304e-01 3.094952080608797118e-01 4.155860535377882137e-01 8.260489402535031722e-02 5.159171231675752090e-01 9.536851191902624425e-01
3.501192817664320334e-01 9.095845816191776567e-01 1.126074440686408717e-01 6.023042633969091231e-01 7.814839132933693033e-02 9.034303375538519365e-01 7.449315697683759341e-01 2.877415043716178289e-01 3.027917468678252844e-01 6.000647489398192036e-01 3.459377580693915322e-01 4.926351921986615867e-01 3.401977226507246765e-01 1.261168252895917830e-01
3.599816774102084782e-01 3.175781263697912138e-01 2.555982950257972286e-01 4.948045810785506315e-01 6.408171871331083125e-01 4.181070170997082114e-01 6.058165371415156208e-01 7.452840816250793088e-01 9.010121503915327068e-01 4.933503692690044407e-02 5.232707429549513511e-01 1.276106137350835334e-01 3.904873840315603584e-02 1.150162729539827566e-01
6.337855981240886338e-01 4.608988955740103144e-01 9.498193251637155887e-01 8.420104301364453869e-01 4.422832995566462477e-01 7.025888892378430173e-01 2.611961329918669472e-01 9.156609654654782604e-01 7.036457948700446385e-01 8.670172389148710357e-01 1.230610589515993558e-01 4.615155339088483633e-01 2.953344307864136375e-01 3.484247472636038401e-01
7.324796126341845959e-01 6.112829789567314487e-01 1.515295308519850614e-01 4.894529555866062864e-01 4.967896786448132707e-01 8.546210824530164896e-02 5.595212899831953912e-01 5.456166278889069687e-01 9.971188643634792959e-01 5.328790084612622380e-03 5.627668901624869324e-01 2.231905171664599896e-01 3.661799818430786502e-01 5.799135458510887853e-01
8.080750700448979806e-01 4.516381576343263538e-01 2.887026848413760671e-01 3.464934339850525014e-01 6.160143266522377647e-02 7.966611913901624487e-01 3.590347086502228002e-01 6.039772962817384627e-01 7.633700549693049897e-01 1.685013303511502247e-01 1.538409378398329919e-01 8.335816956273849332e-01 1.818270149714527051e-01 8.019616977238789302e-01
4.337055712342139380e-01 5.166664585068307947e-01 5.889780323295872311e-01 5.707362573771266323e-01 7.875668525814211174e-01 9.206105852625687813e-01 5.222254944456254933e-01 9.993470522480235596e-01 2.155201754294062688e-01 4.260879428604237296e-01 9.142682793459154800e-01 1.098224202164805874e-01 3.636662625371589463e-02 5.752169550468561043e-01
3.669827346858927086e-01 8.313136359865308522e-01 4.768346009113506589e-01 7.463242697497268763e-01 9.106725381885495407e-01 2.082438652775618904e-01 3.901167557123254026e-01 2.968924272680913967e-01 6.286081672195683590e-01 2.054664942547003159e-01 1.601560399655533873e-01 3.652840054866876018e-01 3.104973737401075518e-01 2.251659284853329002e-01
1.920882543842518109e-01 4.967410672379684033e-01 6.299297977186039121e-01 4.334177442960196469e-02 3.285612291919141059e-01 6.860070037731076376e-01 7.558486476804816556e-01 2.297448406879912808e-01 9.938670907856057557e-01 8.898000868477227154e-01 7.371340312321211785e-01 7.282769846603504016e-01 8.713961787602840792e-01 2.211715783537772095e-01
4.806480764251440663e-01 1.492510658890627839e-01 4.750076193335674990e-01 9.196305371157954545e-01 3.200514231351433425e-01 7.982876673986127880e-01 9.983874241838112118e-01 1.945576819247860634e-01 8.485606790045078229e-01 6.979170731732745603e-01 9.110751932080732862e-01 9.157811178332372348e-01 8.642150378651668463e-01 2.925957003048429428e-03
8.704437678216936369e-02 3.675728617232154605e-02 8.297306412427036815e-01 9.165604528435876697e-01 9.649310572715344980e-01 4.600184263117336192e-01 7.919453755138823325e-01 3.011810800245385833e-01 9.821976243646403093e-01 4.829897937280450693e-01 3.812748662108577102e-01 9.207215674041494546e-01 9.889600273067032932e-01 4.834381908148810414e-01
7.852439447634160796e-01 8.931552494577157386e-01 2.208103629956821301e-01 3.907134761700920000e-01 1.101453637415024112e-01 6.254918789619120512e-01 7.107225337129493559e-01 4.306790215371321118e-01 1.635857961735494026e-01 3.457394528097007536e-01 5.449077985252565037e-01 4.310353778621068832e-01 4.182286658045133443e-01 6.827599209848557171e-01
6.903642947546002606e-01 2.488985310572272569e-01 2.331075662187431785e-01 1.823752050724015694e-01 8.731744131519714180e-02 3.003064430299184906e-04 1.162241748457055746e-01 9.368076464423059635e-01 7.719096426563538671e-01 5.660459721907886710e-01 2.380611757945174656e-01 8.822476555001550480e-01 9.296727339179632343e-01 2.623295124654697608e-01
3.439522200207749680e-01 7.401997451514549242e-01 6.405408392472936585e-01 4.377264374850731166e-02 5.494316833867839422e-01 8.957772839682713872e-01 9.952474025625511755e-01 6.317107491625784110e-01 9.568723763262797499e-01 4.731407806464684729e-01 5.167579029542684887e-01 4.897357748845238001e-01 1.695012173606500472e-01 7.897748210369197608e-01
3.823126435511091659e-01 2.746606995835023657e-01 7.669738679412648752e-01 2.426339536167673172e-01 5.043903477600445440e-01 9.609775555246015122e-01 6.364571465815803686e-01 7.340563201139803651e-01 9.834866246618783059e-01 3.722238152175212367e-01 3.713074860395038090e-01 5.566990806325469165e-01 9.123624166007162639e-01 7.978837822026703108e-01
3.287275947177271673e-01 6.859450877085438991e-01 2.165854905574275957e-01 6.751705960498258774e-01 2.410064644401257450e-01 3.240197714296739750e-01 4.616417560884552573e-01 5.612481769372529294e-01 1.938540175413994149e-02 9.806843374927332047e-01 8.394179899138297651e-01 6.718192191680139036e-02 5.879202684951733149e-01 6.960911698354029786e-01
5.152424361156787702e-01 2.121610370480838670e-01 2.888881280689991060e-01 9.790027086615754603e-01 2.559381049599082081e-01 5.900997300911448029e-02 4.664050094768789068e-01 2.654877707498798367e-01 3.790591514623194991e-01 5.663596983037452182e-01 5.760980133576754092e-02 8.148616972482972676e-01 9.693031268522812605e-01 1.916385426689147797e-01
7.414432471586838158e-01 5.074083419186897759e-01 2.927949412679441421e-01 9.535728706137875932e-01 4.113329131711173092e-01 8.834301193650377915e-01 4.324834722412141952e-01 8.616675244357163699e-01 8.147219806255562302e-01 8.798952884374677819e-01 3.823185293362939552e-01 9.272471690590755600e-03 6.036292988714602181e-01 7.345921847404396354e-01
9.967634700776601964e-01 5.456261405920206364e-01 7.577124118318560031e-01 7.901379018852432434e-01 4.357353993306019024e-01 2.036890605951067190e-01 5.943822507062479499e-02 2.961427570024433020e-01 8.480751239814372511e-01 9.722400969078246469e-01 3.060414531395565518e-01 3.341425003973654828e-01 5.113243861494354281e-01 5.084306290550888452e-01
9.962896568399297603e-01 8.569918796376418957e-02 1.793490050881303421e-01 8.279452587530314878e-01 6.230580051476992676e-01 3.377176435843367575e-01 7.952511456794937317e-01 8.881811932560295109e-01 2.127360067425321244e-01 6.000729523055168269e-01 3.729359077089309249e-01 3.649525432846276729e-01 8.346007601867702075e-01 3.813464421444249242e-01
6.715276903905489370e-01 4.555099831889641848e-01 3.754394805076710639e-02 9.843650446561942324e-01 1.908623646963368836e-01 7.490445272527501697e-01 6.672981914776261458e-01 1.804325511657512982e-01 5.470464154560634729e-01 8.596981258383936675e-01 2.967938640337349776e-01 2.377098891140555503e-01 6.221047796199348223e-01 9.514528862803794951e-03
6.346154688341497652e-01 5.625200778772120325e-01 9.198106931359756322e-01 5.361081428863074816e-01 7.125904641598789224e-01 4.194771210509451453e-01 6.920028160949899254e-01 9.141695484577198050e-01 3.094226213105428780e-01 6.870220262056011551e-01 9.870094134220463999e-03 8.813260227980381778e-01 9.540942042629508846e-01 2.292351939160552909e-03
9.511455546690239515e-01 6.915772436759550779e-01 6.207795714003527809e-02 9.397743499152432234e-01 1.085830371978047104e-01 8.776865469830890110e-01 9.774546737210360048e-01 9.394097864278534438e-01 4.583682082548679038e-01 3.106691718323870699e-01 9.707057714008424654e-01 2.040562482621031126e-01 4.948712655698561669e-01 9.261366098373089439e-01
3.034221860264677550e-01 7.967832838443104082e-01 2.044613684687753841e-01 9.266222559688729321e-01 6.195338040528920454e-01 3.211327658857788814e-01 8.956539393935418758e-01 3.629979709469689508e-01 5.444727733065005681e-01 5.163218114620746757e-01 8.446829553828100190e-01 6.177419899672079717e-01 9.227374180090539557e-01 4.327001204898737186e-01
7.615230285392121656e-01 4.464457877003348285e-01 3.673126073322044993e-01 7.848682040882701827e-01 3.790792377952496572e-01 2.071264768953666735e-01 2.210988192193482638e-01 5.281334723262719466e-01 7.991380237203952186e-01 7.202942851920817180e-01 2.517250551903553735e-01 3.034413515432743402e-02 5.852413313471926948e-01 6.250914353908343379e-03
6.165956985259162249e-01 6.192695463164329395e-01 6.126002437387285671e-01 5.495610578454759310e-01 2.403448995143404598e-01 9.983903939293111707e-01 1.449927185901942472e-01 3.531381718432358152e-02 3.599334311974093925e-01 6.069859155273946705e-01 3.623505479713630129e-01 4.564126800489414215e-01 2.836206022491553069e-01 9.753971363643533232e-01
2.805931498441931460e-01 1.107719351263308782e-01 2.149174929346012730e-01 1.682039756349577031e-01 2.753558611098504416e-01 6.469979221309468675e-01 3.972264237467861836e-01 8.106287864948958921e-01 1.544180835432837906e-01 9.498879915670532803e-02 5.921260944722456232e-01 4.380815360823062665e-01 1.869327646460415826e-01 9.140055314940140896e-01
9.759579498508504924e-01 2.883738946572221851e-01 3.611657585844693097e-01 1.097336441116705252e-01 3.430125569594437707e-01 3.187247314826873179e-01 7.275461687474948924e-01 4.875102083241971140e-01 1.921075061427530706e-01 8.434193637499587393e-01 6.379879210726646654e-02 1.263370179920537684e-01 5.849272267223024624e-01 8.864078857303597792e-01
1.660244930935073082e-02 7.369731579419639411e-01 3.762695147967903830e-01 2.628874250948906033e-01 9.392490514210272146e-01 1.859632485793454304e-01 1.073174276482367073e-01 9.915858634404480787e-01 1.863035883338348686e-02 9.825482578184453475e-01 3.794514416824249503e-01 7.229956108132296055e-02 7.771574224786587104e-01 4.908688337225196596e-01
3.625626885244179753e-01 3.608908487938528031e-01 8.054133570576310630e-01 2.357966578375253475e-01 6.787758454785546292e-01 1.225846564534585070e-01 2.370037181985381602e-01 1.514572550873369838e-01 5.616437357001724529e-01 5.025983155265312252e-02 3.826396646887083586e-01 2.258417659289276846e-01 4.883037695312827386e-01 5.446007763510684052e-01
2.050110886014967493e-01 5.435096632698864783e-01 2.679732484839717488e-01 9.587909034106499861e-01 3.982954224880985716e-02 5.025252184981924275e-01 9.677633760893250559e-01 3.141471639595028176e-01 6.897630480853151891e-01 3.751313877945730013e-01 3.844497542482150365e-01 4.201452214319548739e-01 9.326405438336933251e-01 3.554735169698353126e-02
5.663704546171105525e-01 6.263181028988595855e-02 7.717926077474480673e-01 8.398401786319721340e-01 6.293670109531995793e-01 1.925472637191988357e-01 9.026703238496858184e-01 6.223394216067057449e-01 5.521120491211429782e-01 5.005150735525297767e-01 7.942292935181225477e-01 7.512031243565827632e-01 5.124283859529886742e-01 8.223568761645977387e-01
4.690944986684527640e-01 3.279806955580297778e-01 6.581136190547101084e-01 4.000210205456236068e-01 9.378039134101601171e-01 9.228199219422070776e-01 9.251532871096715960e-01 6.124505206670959323e-01 2.021794951072986013e-02 6.908077412566501208e-01 7.077305427061743037e-01 6.885193949650646461e-01 8.187435488065475386e-01 6.293391976209751215e-01
7.431205981875433908e-01 5.739912550924602952e-01 6.437672287969417040e-01 7.718513819894393668e-01 2.725096574833623109e-01 5.742749308880351622e-01 6.167842042163833582e-01 9.672378746735877941e-01 8.275901148404631869e-01 2.700436042497685873e-01 4.691120402032703529e-01 8.879559913342222055e-01 8.062866399422121688e-01 2.288348528452692765e-01
8.139927819945009801e-01 4.756627270783894135e-01 8.068425778032513040e-01 6.116412433344544652e-01 9.805687137577628887e-01 8.314964576150603026e-01 8.791002559454448306e-01 9.717363258182891705e-01 3.427621831357783311e-01 1.711576003466708240e-01 2.024246958384328110e-01 7.598562026068033104e-01 6.219594593638277935e-01 3.072139228643357978e-01
4.085158761741003453e-02 6.420007556280793448e-01 1.101651830400790510e-01 2.724371091400339395e-01 9.964364870718968037e-01 4.226647272904815456e-01 7.235471708364826782e-01 6.012626221823783590e-01 3.871944601987709067e-02 2.826258257325426904e-01 5.991986532578730262e-01 4.375093636668586639e-01 4.117504537132483655e-01 8.883468078342636742e-01
1.976225352262152013e-01 6.979931466740763035e-02 4.183408035544198267e-01 7.460259271408558046e-01 2.021651916187090503e-01 7.940230707350847128e-01 1.415031191560798263e-01 2.819897079358176795e-01 7.240026131258054942e-01 2.710172787919854498e-01 2.189305503494044514e-01 5.415477213748294272e-01 9.856998622426268453e-01 7.297391326275026735e-01
9.837294016125646134e-01 2.902862093143521172e-01 8.571486069382916462e-01 9.457416786424625021e-01 5.289199093332815904e-01 6.808994048179346503e-01 8.002824929574322566e-01 6.566630130633588358e-02 7.791866800505179436e-01 3.694170742287485876e-01 4.144666203418690964e-01 5.854066139735960572e-01 4.406101180737936884e-01 7.656938572102834906e-01
2.130286121365591034e-01 4.346997064460932370e-01 8.520317601545808195e-01 2.244229349268903606e-01 7.825704126303889563e-01 7.773128163485355513e-01 4.535885882355283893e-02 3.867335726540883645e-01 6.309494677699611920e-02 1.172496417926206513e-01 5.373056473962907198e-01 4.124661848896057359e-01 1.924332640116936943e-01 3.813115701885939623e-01
1.625555760414461037e-01 4.510049386385764913e-01 3.717889948342145701e-02 2.858855077882512807e-01 1.482957159385863699e-01 3.154914195049348669e-01 8.142149322625149566e-01 3.385236722801532316e-01 6.164172267474596900e-01 7.268732010722813719e-01 3.534432237050179060e-01 6.790600008186237213e-01 3.672113241219669977e-01 1.851152818927306321e-01
5.504083359010238929e-01 4.797115319056115545e-01 9.855430305710148886e-01 9.875987450993453098e-01 6.837243142433081511e-01 5.367735160052047316e-01 9.127978861623741169e-01 4.753137561215922124e-01 9.602041969603403171e-02 3.660381822239019423e-01 7.466286179127741285e-01 4.134644116948286152e-01 5.635202164933661440e-01 8.112853219752655942e-01
9.301564034898576194e-01 1.406398076538296626e-01 7.202871794618915802e-01 5.947895541878583936e-01 3.187817216897652628e-01 4.732439078997551229e-01 4.597548673586555612e-01 2.508859579852932287e-01 8.136940817433203632e-01 4.383091528177569529e-01 7.658681765303376743e-02 7.873652720965418350e-01 2.903241550559118034e-01 2.476803209670087602e-01
5.127227818078539112e-01 9.259710823356620546e-01 9.356572355124368467e-01 5.534476063564975901e-01 1.886671857216052350e-01 3.144106905493219140e-01 9.130754368207492089e-01 6.211984968869064261e-01 3.765642541535548782e-01 9.595036391052829128e-01 7.755604432655268665e-01 9.036587483040385838e-01 4.670562339692497789e-01 5.522324423886626477e-02
9.731008719956734110e-01 9.188522697076700885e-01 9.708013567188215065e-01 4.166650972137091458e-01 5.459480625512362906e-01 2.950764975622720554e-01 9.025452152770755410e-01 6.452898226243997115e-02 8.937244656208584992e-01 2.352308610668242261e-01 8.434998978785775980e-01 8.335165918962872400e-02 2.003209081383785506e-01 5.072534827500123633e-01
5.562998245179012757e-01 1.918477102253822730e-01 9.645340967914308727e-01 9.970499235964377371e-01 2.644627935750274439e-01 7.648740071762405446e-02 9.629964574132611199e-01 1.439518330219128339e-01 4.208625690322970181e-01 6.769789337669140927e-03 5.619097335912813795e-01 6.628659475351720287e-01 7.667196572405019506e-01 1.067337247686692692e-01
6.016797199000234464e-02 1.552653071180587485e-02 5.283042083833477953e-02 8.759252607084867526e-01 6.552254844710273529e-01 8.236465899908407273e-01 2.094541896293697913e-01 5.263566233412790840e-01 4.896138420499274169e-01 9.342891614456765303e-01 5.929512366766879206e-01 4.449431777830170631e-02 2.641034323857631705e-01 6.566387010921611589e-01
6.825864445131558655e-01 5.509222767737764759e-01 6.793945808111543361e-01 5.479186347587896577e-01 9.978432021053619261e-01 2.600926329714515761e-01 5.933692244545207828e-04 1.486584491273212905e-02 7.661223437066839725e-01 7.359003834570982949e-01 5.952330077286870358e-01 4.895749294603071178e-01 4.366070224262119659e-02 4.089947563572526867e-01
5.645243636873229498e-01 5.016352344667394103e-01 3.849781355214418888e-01 6.191812783352870220e-01 8.716330861270444874e-01 3.024801413230698843e-01 4.225474005625722285e-01 6.890146686705092005e-01 6.389293740776493813e-01 6.677316713117000813e-01 2.171552374700125299e-04 9.272634291475819746e-01 4.268078898003557775e-01 9.999760850323762273e-01
5.342593472774432861e-01 3.190937919392675681e-01 3.089216610286770193e-01 2.661581810042396024e-01 4.944648494419167095e-01 2.210884431350614854e-01 6.136511253460324999e-01 3.950648625681483228e-01 9.420398972472332488e-02 9.225950353890618461e-01 4.134036328278432038e-01 9.379163926874992674e-01 4.628686192764843721e-01 6.218673753910309854e-01
4.831627039177071037e-01 3.228541096580176406e-01 9.356972153088680688e-01 9.964742334369854904e-01 2.285029472796894501e-01 3.395994241461767205e-01 1.598739291087594161e-01 5.373776017208347078e-01 8.255170941520826311e-01 2.418930418516584968e-01 8.249946803804364404e-01 6.094474776155561768e-01 5.240101762365979576e-01 9.997350114245007191e-02
2.648947586557841571e-01 5.022021033282265678e-01 3.472066611316750873e-01 3.778633308762018306e-01 2.468107478158151347e-01 4.730724802148050800e-01 1.406502713660047199e-01 5.103843845113089639e-01 3.565409568505781834e-01 6.358020257252282592e-01 7.162723316629364678e-01 5.754395415106564604e-01 3.827085767453576315e-01 8.837256384372415008e-01
5.657681808328025586e-01 9.917028816001701719e-01 5.883812174900459047e-01 5.116959729554377834e-01 2.935644580060340347e-01 1.461237023749254460e-01 6.832665468083120031e-01 8.529109690887912709e-01 8.611874829267756049e-01 4.496602907878998190e-01 9.843268242636745713e-01 6.092889260634996029e-01 8.855373732753747396e-01 4.291849032022588828e-01
2.992749629485322860e-01 7.889254467836290807e-01 4.318658147322719243e-01 1.620382216467884939e-01 9.422896238930323909e-01 1.559351885456539133e-01 4.548511800658758819e-01 6.883368944551289115e-01 3.025650237397538023e-01 3.577811637082899399e-01 1.765327533322957887e-02 3.510271517845654499e-01 5.267489503491982195e-01 1.560792180886139136e-01
3.164081301078874864e-01 6.448327309593792078e-01 7.189871021241658333e-01 2.941112762566824301e-01 9.776957376977746250e-02 8.581269493071275178e-01 4.400312380212344499e-01 5.935739045468335640e-01 8.252969742215566784e-01 4.399031960332353552e-01 1.737581073271221577e-02 1.000991013560152965e-01 8.131486784376730226e-01 5.431484660508600903e-01
3.344786212055271823e-01 3.498768579452287142e-01 2.073189652925080395e-01 2.452096967382243475e-01 3.724103473678188614e-01 2.425457644728304940e-01 4.379981522418260331e-01 6.780001896902282388e-01 3.062089673963873659e-01 9.882173999505194928e-01 7.349084644668700816e-01 9.078465581945641683e-01 8.203666265585010109e-01 4.884118559090151468e-01
7.007528772398197159e-01 3.347636748606377388e-01 9.866272866805373409e-01 4.553446477375494572e-01 6.324178572039423907e-01 6.416989122523879541e-01 8.730291434761193736e-01 9.685994827549894159e-01 9.205939679775791973e-01 1.034552408739429774e-01 4.408006430775817108e-01 5.023501221783807091e-01 4.264357062487572625e-01 8.845677517282753977e-01
2.295783266151366631e-01 1.098053998262580322e-01 3.122649692591261683e-02 7.920207379043558982e-01 6.179905936365204244e-02 3.714169567150750195e-01 2.437922765883649978e-01 4.247819191689461427e-01 4.059447619518414818e-01 3.424650151224157835e-01 3.092066396230375158e-02 5.767009180037516725e-01 7.937123442954877595e-01 1.301312221925789991e-01
9.785172327276725479e-01 6.432875335073455769e-01 2.899641100072040123e-01 6.152355850048035757e-01 7.742677799877819567e-01 1.728143496962933900e-01 6.733999587782680818e-01 6.881939610469678392e-02 4.109111809712635566e-01 5.408067538738512425e-01 9.686664896264117752e-01 5.974988500271286584e-01 6.189180008507977337e-02 6.916116958239353352e-01
6.026451458965074170e-01 6.059974301070023550e-01 6.500459614154311394e-01 6.580823402011377610e-01 2.676015485567694308e-01 7.850562169561270398e-01 6.907287218633926251e-01 5.731927670028258426e-02 6.436069905065910923e-02 7.224619360263327961e-01 3.991625938431597742e-02 4.566300999480649159e-01 2.446727155443744195e-01 1.322815067855721560e-01
1.999131866149503889e-01 1.944852084245363155e-01 1.134609171332718880e-01 5.590510680756168860e-01 2.734435078273714792e-01 5.760835895221361191e-02 9.632479437665617539e-01 9.087728378437794907e-01 2.765987326156031934e-01 9.977716536190844865e-01 3.260618104365834435e-01 7.503103089336932152e-01 2.839760726283210301e-01 9.526747193743523301e-02
9.494709836482836396e-01 4.615994742649904836e-01 3.980435756773776923e-01 9.671196162273099084e-01 8.949109703778506120e-01 4.484675571514662451e-03 8.713135472998687625e-01 7.436768630026024951e-01 8.568563135704154732e-02 6.401954271335341673e-01 9.232077785901687816e-01 4.730625291012094946e-01 6.637389589759842279e-01 9.923877477804466940e-01
5.859430267293416206e-01 1.753388105768983740e-01 4.009797142726890806e-01 4.485829858969259121e-01 8.608833725385305335e-01 8.174772625410745563e-01 4.010712468361921079e-01 5.132179649363748375e-01 6.826962541234592452e-01 8.609052766727043338e-01 4.252771313486266580e-01 2.718744117382575487e-01 2.594329631384544310e-01 5.406327414741088910e-01
2.660812662384434146e-01 3.623604270641889169e-01 3.511274154635175559e-01 6.394417788100403843e-02 9.840626804631541491e-01 3.856879430694106770e-01 6.147148809886870957e-02 9.628414566190458546e-01 7.472041938341400513e-01 2.750035947601251474e-01 3.104698549439597333e-01 8.687218348656023936e-01 2.515213512999581180e-01 4.849742945185588905e-01
9.348458397762149374e-02 4.051906112290226680e-01 9.928243791822710662e-01 9.034657823854762571e-01 6.384031928575165660e-01 6.658367691565908464e-01 2.418768897368492876e-01 6.411269254219020830e-01 3.915372094737810116e-01 9.663291484842587709e-01 2.835947610613347436e-01 6.884056498736267349e-01 1.028897030070258234e-01 1.494263484466890057e-01
9.974482827253707828e-01 2.317717442731448418e-02 4.474034025673426784e-01 5.978135202797625336e-01 8.634315318086083213e-02 7.944195117989594213e-01 9.743526767924604037e-01 2.951427543610021242e-01 7.352863354139616003e-02 1.067895462409699237e-01 9.971625295630113239e-01 1.031196180946684082e-01 7.534941884527237566e-01 3.827684763744443330e-02
9.069997688871824781e-01 1.405649839832010528e-01 3.114907156213260198e-01 2.600714971229600714e-02 5.126612280541531508e-01 8.625006222209127271e-01 1.255982445139774972e-01 6.006484212715897941e-01 7.297608192879042610e-01 6.757467063945021835e-01 3.655846085792802125e-02 4.213484041937035629e-01 5.884386396242121675e-01 2.830732854723689851e-01
6.953389097369065963e-01 7.903714001691232172e-01 9.589085747391603576e-01 6.522431898942869788e-01 1.708762230645518576e-01 1.703816819023070694e-01 6.350670508912981127e-01 2.288311307736488054e-01 6.154156316732263265e-01 5.526016818410675047e-01 2.209157832903791974e-01 4.723291596663095060e-01 7.306161650561053822e-01 4.001293511116600365e-01
5.023535465402739764e-02 9.285071954994500443e-01 7.452556244608925518e-01 2.294388406027738636e-01 3.927620539116738474e-01 5.805221914285214613e-01 7.880440982728195154e-01 3.718009604878182994e-01 7.545785263049533675e-01 3.979584528638125951e-01 6.667574342977700130e-02 5.035817783219054267e-01 5.048674801892663044e-01 3.192599454303579609e-02
5.588578177377799827e-01 3.522775538876264934e-01 9.994182538493490142e-01 2.225123134310693640e-01 8.734110882951625632e-01 6.066899496927010693e-01 4.743313971707822096e-01 9.642711678848457924e-01 5.675895591414314989e-02 8.628765610197364211e-02 6.695260147952863949e-01 8.087960305921884085e-01 7.558507885318628272e-01 1.065600150369285792e-01
7.190918705975773983e-01 3.856487793584192358e-01 3.904116580342498199e-02 7.148953289018405988e-01 5.591115303034434048e-01 9.244157769195867624e-01 2.571455197050006580e-01 6.227345110881169488e-01 9.814565336109748461e-02 5.569470347196570081e-01 8.978831994577815001e-01 5.953287516637917332e-01 1.062488254993269043e-01 3.553198028457018598e-01
7.581134802961509989e-01 4.389285571200929326e-02 7.920887322612707448e-01 8.691369517560179059e-01 3.096963255098904577e-01 9.607868393215939218e-01 7.382675844520711905e-01 8.755816651156208552e-01 1.314937516537646456e-01 5.159790742642654804e-01 5.612446176419882971e-01 8.326063507060121882e-02 4.722910155148059008e-01 2.076678218722731728e-01
6.976155109763922946e-01 8.706347247619405927e-01 5.771247371717429520e-01 2.648289371922429858e-01 7.725667769283730557e-01 4.602293727936270784e-01 9.325424885582873635e-01 9.583278223265674356e-01 8.266678689661154378e-01 9.590087221301001330e-01 7.418192740604397928e-01 1.607400584446185832e-01 9.531407477116939919e-01 9.374159038745614181e-01
8.379108454789206961e-01 3.518199843936196114e-01 8.521784130005556346e-01 9.427611546416031496e-01 3.540053657300357148e-01 4.146095342955816720e-01 6.481236043788327628e-01 3.932398248556073783e-01 4.283940545296205382e-01 2.730277187521511495e-01 7.406323337802691587e-01 7.513109920078249182e-01 6.928586505140006402e-01 4.979093638097561447e-01
4.740442283556955960e-02 8.135312123132824036e-01 4.025165615531068886e-01 5.517713397475643156e-03 6.964337074970773367e-01 2.927283598807716158e-01 5.536978834220400714e-01 4.742001028944854424e-01 1.455923076525023063e-01 9.589692815709932594e-01 9.575857396204155991e-01 6.507039238525539337e-01 2.588085096847770883e-01 3.178976870894951734e-01
9.558151247425779040e-01 9.691076455832944303e-01 5.501072762068103250e-01 2.153799501126250071e-01 7.492808939770251309e-01 9.166401440734641692e-01 5.727566793122574884e-01 8.043801350148447327e-01 4.492350120067072350e-01 7.375059505280894268e-01 8.704630032876281565e-02 9.142848763728171901e-01 8.609315052545640778e-02 9.682481259020124797e-01
1.929402241583677569e-01 7.366943044588778466e-01 5.385012861788041061e-01 7.358547927940817246e-01 4.248756310359752542e-01 1.919429788916587887e-01 2.749286790777053513e-01 6.505880689574889963e-01 5.590229814079025195e-01 5.784249418676975507e-01 4.141889150227600069e-01 2.165904605095179125e-01 3.524278885980896003e-01 1.068093531656963968e-01
8.038055919732169929e-01 6.275483999747415442e-01 9.216137582683707752e-01 9.273705101834053277e-01 2.038501059852250163e-01 9.940670811019554076e-01 9.153987502651950159e-03 2.918012995603074256e-01 1.205107090650689994e-01 1.457376103583345461e-01 7.277465772958124912e-02 9.521128897011943426e-01 3.353275469104586293e-01 1.061716633207971938e-01
6.746863763664190383e-02 9.450893238392279461e-01 3.140648932775615965e-01 9.943540050173921285e-01 4.212594011354020562e-01 8.154592924769054063e-01 4.836619917481321806e-01 9.970630209291241330e-01 4.614538328785975363e-01 6.923529734552950066e-01 2.302578385986914222e-01 8.884380531973186113e-01 9.685887158365711347e-01 9.339443458795418929e-01
4.304415265670434865e-01 6.939261164738009802e-01 2.801153345638999204e-01 4.282168915783681751e-01 6.962904791090228640e-01 7.462864869359586706e-01 5.365405851532535353e-01 6.054712042730049371e-01 6.233065486945928990e-01 8.130334441025338643e-01 7.998422651652468129e-01 4.109324445303217388e-01 9.198526058150395812e-01 2.925616510769271095e-01
2.017900898806004317e-01 8.503302670053025647e-02 9.390602172334645559e-01 3.526398851235361676e-01 9.047472804861711460e-01 5.770011719384620097e-01 8.851247963617259185e-02 6.289276542995632102e-01 5.901530828345126212e-01 6.739837634466996352e-01 5.884468031705634150e-01 1.455771562775768357e-01 1.414541695485399542e-01 4.160574075087954959e-01
9.708863933027381821e-01 3.602077442577614752e-01 4.665498489407152727e-01 7.531436251783227842e-01 7.787660241490472757e-01 7.334592152641790097e-01 3.317721286212592657e-01 3.608286436280907505e-01 5.578972607104646375e-01 3.017444290853615874e-01 8.806028150774702912e-02 8.583022313542152393e-01 3.685890467271676352e-01 3.336197811579159067e-01
