8.890870041125714662e-01 1.233860663049900497e-01 4.082612176105515633e-02 9.984752945363448706e-01 9.615348684211192376e-01 4.307161426319484621e-01 1.369499742812959608e-01 5.089657298629727267e-01 6.709546446628232852e-01 1.747075662791571782e-01 7.419477116891139978e-01 3.677735942322329921e-01 8.223975101987002212e-01 8.308848905335786128e-03
6.253464573468275889e-01 9.555360726504902313e-02 3.270928831669325243e-01 6.910984043882472116e-01 7.575383093808342183e-01 7.322820276141510654e-01 7.496911109814066165e-01 2.163865923820610382e-01 8.348130451535766827e-01 5.316391672699213311e-01 6.650085481966293566e-01 5.289207523339854999e-01 9.314242524481298746e-01 6.403696335069912760e-01
8.962775393152511150e-01 8.910631913164879236e-04 4.337741280935704102e-01 6.676564359834311624e-01 5.822261784322401157e-01 4.277090078491003755e-01 5.752297663713052955e-01 4.011058696568434723e-01 5.395922876780206989e-01 4.473447642948179537e-01 3.731565135824153057e-01 2.653464219513368416e-02 1.243129127903530584e-02 6.049538925745008289e-01
8.908775545684894936e-01 1.854208111225239541e-01 1.524667289192438435e-01 1.893388095512285041e-01 7.125487752204370251e-01 4.547897672122145352e-01 3.826409033731227316e-01 4.853857012870164134e-01 1.940137781665070005e-01 4.465379989391629056e-01 2.009190030538456906e-01 5.083522356033000067e-01 8.255921790352218625e-01 3.628917684173603719e-01
4.603194779533704706e-01 9.727964927341304913e-01 9.526360378953409036e-01 9.344326053673488452e-01 1.810500270089114849e-01 5.582305794606267080e-01 1.502902124076345158e-01 3.399268446538178390e-01 2.539892340128490078e-01 2.410153322995097769e-01 6.298227040140363941e-01 7.121009931333248666e-01 1.681652655944387842e-02 2.918228264161215613e-02
1.260864731784683279e-01 7.134780669539987352e-01 3.626735563276458629e-01 3.023952022939915274e-01 7.347056917200058823e-01 3.665043679872783677e-01 7.931845897064164763e-01 1.518216982555843364e-01 5.547305919390721485e-02 8.405882882097822639e-01 1.185879277457291270e-02 6.388582770405394351e-01 2.425991747705915635e-01 6.959320409524234474e-01
3.791077345287201528e-01 6.985604867520311956e-01 8.731410615711474588e-01 2.598526064463579921e-02 4.851856529792041295e-01 6.318265324545179196e-01 9.423267282580654047e-01 4.112402692459895537e-01 9.069019140317637895e-01 3.363098784192546375e-01 2.034865515207404663e-01 2.270014245417087961e-01 1.133501857198335738e-01 1.562221626271687036e-02
4.305077262379997105e-02 5.255450885750035939e-01 5.334152580259907683e-01 9.117879643317252647e-01 3.644984017594944392e-01 9.249919584643639947e-01 9.969734965405494531e-01 9.464793270247419121e-01 7.404582099745553592e-01 6.163476361806095039e-01 3.159798642233203614e-01 1.928125366383093287e-01 7.412139995901165790e-01 4.047141585736528935e-01
3.247904470546799649e-01 6.528677782275061903e-01 3.763813478345352515e-01 2.295727738998962764e-01 5.188825535150882740e-01 1.963013562587112570e-02 7.003843259600508464e-01 7.416323561404323250e-01 1.106038725737720219e-01 8.984533464551254234e-01 7.435409343325305453e-02 7.139752116484209266e-01 5.199432678170003985e-01 8.307920386144780345e-01
5.650347184079265173e-01 6.617791551342954159e-01 4.338776041718718224e-01 3.640620322976956258e-01 4.560716172704651905e-01 7.205796102250536794e-01 3.578489254112598994e-01 4.498043605551144131e-01 4.367368382965582940e-01 9.211751915068133734e-02 3.896677786665658783e-01 5.579798983198973605e-01 3.648557801272528378e-01 1.524776287517671802e-01
4.422443743046204911e-01 6.323622939049067249e-02 8.763746682358918294e-01 3.954010180105895778e-01 3.400371653671760974e-01 7.551202212522634127e-01 1.554745613311463437e-01 3.527670316908216863e-01 7.121676386974995498e-01 1.738598656872282211e-01 5.819313608748227784e-01 7.291231090831856720e-01 7.116425419163018296e-01 5.492946815792238979e-01
2.319316555153434489e-01 6.166968045665280895e-01 7.380716930199305859e-01 2.212460068328718776e-01 9.761503706226086763e-01 7.507080434293885718e-01 5.633480191127387959e-01 3.828228435719616130e-02 7.807487498922949243e-02 9.803797466264742022e-01 8.135408774712907798e-01 3.456458029712008440e-01 2.469454770796881693e-01 6.455592347568388512e-01
5.019681183727432439e-01 8.208246459478749646e-01 4.066317618528396682e-01 9.625901610630179794e-01 8.822927661294474033e-01 8.416765314699097278e-01 1.095740863061165360e-01 9.499453306012408671e-01 8.589321943570655815e-01 3.660441065489087320e-01 9.163205535296464754e-01 1.561515054702916627e-01 3.311456811889198493e-01 9.794394760895910323e-01
9.096885627697743892e-01 2.537346521639051167e-01 3.902590365116531679e-01 1.045293945541179159e-01 9.703855209504903545e-01 4.160596886243700387e-01 9.225357475437602206e-01 6.761063037857544256e-01 5.383000168118623474e-01 4.573584188396825345e-01 7.274383411138174438e-01 7.375120176733663824e-01 8.885993322157403895e-01 5.734068132234899640e-01
7.670753781955075290e-01 9.712705840389691536e-01 9.807231169016776828e-01 2.679801875781284703e-02 3.829159167988793744e-01 5.033286439918066568e-01 2.042521967317652010e-01 2.575580269622600449e-01 3.122940653728204508e-01 6.861051932050666879e-01 4.908307825709153915e-01 2.120692925188610856e-01 7.293613000246974565e-01 2.593795808522609825e-01
8.777723284285277039e-02 1.445093555298004873e-02 6.770134089578676573e-01 4.397016806218845275e-02 6.604862143084393455e-01 4.869160089234256805e-01 2.962745931455300630e-01 3.105848253175818030e-01 1.677038982684407875e-01 5.033442786000047464e-01 9.074909156557893208e-01 1.067977308728426111e-01 9.614490437087374053e-01 5.618077733404136520e-01
7.716329618884800734e-01 7.605330398029241934e-03 2.490351632237913782e-01 1.419156260776466283e-01 1.248526919701475890e-01 9.920526234806829047e-01 2.943351882186168167e-01 5.451038544645467887e-01 5.953511860203855033e-01 6.575119174588055504e-01 1.483187449265139790e-01 4.422211388714959446e-01 2.999466444574583335e-01 4.444801320030103975e-01
8.076552264951936122e-01 5.409059991873874651e-01 9.220780044449224944e-01 6.477113343692239011e-01 3.746814521731384184e-01 9.826170262594945415e-01 3.341691509116895276e-02 2.405149747865797938e-01 2.043782737181967235e-01 9.117322855196241527e-02 9.242749934674987511e-02 9.803825329023778679e-01 7.626825583302283551e-01 7.033228472191663805e-01
1.055132536334649762e-01 7.160584360645811941e-01 7.497265346445646239e-01 7.818551564750864102e-03 8.871460266860858868e-01 4.595470934106139493e-01 6.005063792068922046e-01 1.687035009476378633e-02 5.809175622012663354e-03 2.385516500633051429e-01 9.590128649058783372e-01 2.568456181365237345e-01 7.520894579365999810e-02 3.849763012916354032e-01
8.556526432115247882e-01 6.662806214832527330e-01 4.076081998447165233e-01 9.149494296160195494e-01 4.322610402848828803e-01 8.756585674232335581e-01 6.681707409980993662e-01 4.563948586447820199e-01 3.335856233211753619e-02 7.436784424984862474e-01 5.882284513767562784e-01 6.348449776946782919e-01 7.955115666065396551e-01 8.243513102023891648e-02
7.916824569128743105e-01 4.269767146050028606e-01 4.696057182118298368e-01 5.822045899380992040e-01 1.922227642186520313e-01 7.492022537216495026e-01 1.945853781125264081e-01 6.399025324642168000e-01 9.883393345347141201e-01 5.791367541805479968e-01 7.489187510061375841e-01 1.850547499373421667e-01 7.872468330466155795e-01 9.299641480517681913e-01
1.082921287631659624e-01 2.316251301369877114e-01 3.381079407073392940e-01 7.500222419285552666e-01 8.683769091469493162e-01 8.682532575117719587e-01 8.590092748870227224e-01 2.452778283223595590e-01 9.992948541207380408e-01 9.803607491029978638e-01 9.130373064131696026e-01 8.148107779393763961e-01 7.490448887338750916e-01 3.034937769872048108e-01
5.671556520776253052e-01 1.731981287657659019e-01 5.478794221978511292e-02 4.995766804003253236e-01 4.674247255258561218e-01 3.702845075189509227e-02 5.289277655617883322e-01 9.079621955066898842e-01 2.506459220329335658e-01 6.520683626443329883e-01 7.130373653125026134e-01 7.557994967629680927e-01 2.614694749151648123e-01 2.742162616269305797e-01
6.535684235236097761e-01 3.242219874762271026e-01 9.815614801242241727e-01 6.426142143617731284e-01 1.869759646978086387e-02 9.613126904520159499e-01 8.594249614878889387e-01 6.371349375875711152e-01 7.109066137346088388e-01 4.014329055907663868e-01 8.890051050110587827e-01 1.166523626505754363e-01 9.979580385532427211e-02 9.990392586771102978e-01
4.217107859066129283e-01 5.503605898927972362e-01 5.878206010188880004e-01 3.978513320193821645e-01 9.012427903419621966e-01 6.529326422593119128e-01 5.082505557388850015e-01 3.275844194041023227e-01 2.476158094254625741e-01 6.058876755963874539e-01 5.682606212648182442e-01 4.624927243976895141e-02 8.909291521915114753e-01 3.689923136546281457e-01
9.341933271265636662e-01 3.971809869435420914e-01 4.565662920127847579e-01 4.370166738637114578e-01 8.652493632712514593e-01 5.635648347401067682e-02 9.381346308468461181e-01 3.766440839584905831e-02 2.045297960715196650e-01 7.920852670744271684e-01 3.737394283821835472e-01 6.991875004125183146e-01 2.642835976981905421e-02 3.315715883744867476e-01
6.259084244212306247e-01 6.807351728439472449e-01 8.526930400624533890e-01 4.276357389037123147e-01 6.204647695173626243e-02 7.729509542058443650e-01 1.157928061601951608e-01 7.717813115557592418e-02 4.610799421235084461e-01 6.621245461478554306e-01 6.702799408645405688e-01 9.918905572942871007e-01 1.509159013418615025e-02 2.154396459359734228e-01
7.218832538838604318e-02 3.062195284863190592e-01 2.993730005791218618e-01 5.351820763496341060e-01 5.294352088662842570e-01 8.669608006580171722e-01 6.751145992630110948e-01 7.167078400645261471e-01 7.456568775120030468e-01 8.872117721708849825e-02 3.585275501845079926e-01 5.215033484107211015e-01 8.105786591060634150e-01 9.974131851557362927e-01
6.137543304759924823e-01 6.980818793348364526e-02 2.984266088194607036e-01 4.886879735536936442e-01 3.834616572621384334e-01 5.679071686542777053e-01 1.072514198258833762e-01 7.179871615733741663e-01 4.540859249983758561e-01 4.731261224905816132e-01 7.055198056255096439e-03 8.749947672972546719e-03 6.838654280412107545e-01 5.274222584433948535e-01
2.336147375016356387e-01 6.115627854293061993e-01 3.010367542072718283e-01 4.359483600928099056e-01 1.192245440093415709e-01 4.426228409494804561e-01 3.584710327328178847e-01 1.692436947329645225e-02 8.563216264330267835e-01 7.676227685788935551e-01 8.689321777051242091e-01 3.360933812896679251e-01 9.533815709098828473e-01 3.349074966895683181e-01
4.168431242983505758e-02 8.726775210545588690e-01 9.912705180687231277e-02 6.369726996245261841e-01 4.308447150753647037e-01 7.514722270256048997e-01 8.223729469242604395e-01 6.596575543288792920e-01 5.996995029775870067e-01 3.142340976613835490e-01 9.880252029533644897e-01 7.120589917482254005e-01 9.465790337633606111e-01 2.819205006827483206e-01
3.864479679531132028e-01 8.731370244843735806e-01 8.569304408286685382e-01 7.545860052964791231e-01 6.854342870971027457e-01 4.455204869092866948e-01 3.669096774933933158e-02 1.301863013795491186e-01 4.785428029434979358e-02 1.008009198437742615e-01 5.577831622974193104e-01 3.936352687440396458e-01 9.458616091743876630e-02 6.496511381357497061e-01
8.192682291528509131e-01 2.686574649338002718e-02 7.863549773800583287e-01 1.188252239177655101e-01 3.467886644416698916e-01 8.854831630186869029e-01 9.675630929536543912e-01 2.674840947263754654e-01 6.564176159109856856e-01 5.130084028047977585e-01 8.337408415641321957e-01 1.725687986922249673e-01 7.160991387551690623e-01 3.936735666913794285e-01
4.847446831721556881e-01 7.503891394060224762e-01 7.910361176518515558e-01 3.049192301952874384e-02 9.755655204321265206e-01 2.522665975530369309e-01 1.838194714954054509e-01 9.135061599113587505e-01 2.804188290992196686e-01 8.541562229705434994e-01 3.673907648150772642e-01 1.351234704286937705e-01 3.084298526833808562e-01 7.461468327157654290e-01
6.127517813830318794e-01 9.804013099565734857e-01 9.705889378092568132e-01 1.022291669440783535e-01 5.332255368527221151e-01 1.320383277806153055e-01 2.414049699866495091e-01 6.862007087614216960e-01 7.188119440685789563e-01 4.166578289186109174e-01 8.021288773077599465e-01 3.561174571978252823e-01 6.135545568747563516e-01 7.700356147524227701e-01
5.670224490846553778e-02 1.354319434937312217e-01 8.516535116098652436e-01 7.504253944927731235e-01 7.302039447413896101e-01 6.320211162916178349e-01 8.292250463268636684e-01 1.006366790745184536e-01 5.445195240384801405e-01 1.182624696680273368e-01 9.885717099716785361e-01 4.759164059612633890e-01 4.021569782250998815e-01 6.191963689845583207e-01
8.996599179464725982e-01 2.381857020356276111e-01 9.744011220764214887e-02 5.181971471107654770e-01 9.610749808360308233e-02 8.430041407635330275e-01 4.364092423982236513e-01 1.741631291896317268e-02 9.191071870937663757e-01 3.495283058942765253e-01 5.027757697400137005e-01 7.873905883696193930e-01 7.367736099544852646e-02 8.228947111819937543e-01
8.679584171657808156e-01 8.721939195363948016e-02 9.827067675908809363e-01 3.723530595779164232e-01 6.311276463742611087e-01 8.228742354787877966e-01 1.976127861982879264e-02 2.074734107232556468e-01 4.191926995913971554e-01 5.889915275519737037e-01 5.648290056759919242e-02 2.570321510992434888e-01 3.477925605045601998e-01 1.148899780797419945e-01
2.999415303956045609e-01 8.478498159215294150e-01 6.258820833559040064e-01 5.365999412160830095e-01 2.024998756545814960e-02 3.930785219738484049e-01 9.520831237873446096e-01 2.695358083121335291e-01 4.285750645639357925e-01 7.564270545455594741e-01 2.991174183828804178e-02 1.675865528132107762e-01 8.548265370861376500e-01 3.932006665286033043e-01
9.009629158201785115e-01 4.631968350641683108e-01 2.297473717105460445e-01 8.142475463186268358e-01 5.488001519472427425e-01 1.014243002797343696e-01 1.104400169950882082e-01 1.247377824493881571e-01 3.876143555766535798e-01 7.379514990292463938e-01 8.986404203938280766e-01 8.565842015353171135e-01 3.678436638932202074e-01 3.658384287803164714e-01
4.649644608790775013e-01 2.789433660533245929e-01 3.346879352621832115e-01 9.015736016416548981e-01 2.584826424824455682e-01 9.003528999927939980e-01 8.993198999068596766e-02 9.163627305790655875e-01 8.302336099056761842e-01 5.488196804214969804e-01 6.904480290612987625e-01 4.941757172004197507e-01 6.282603331398884938e-01 7.558629867715666029e-01
9.633528767327872444e-01 5.822210791690682896e-01 6.133624192931058650e-01 5.136273493373266774e-02 2.601314419617075657e-01 8.344596662200468584e-01 1.009867683156275842e-01 4.566553066027759789e-01 5.751431604783411311e-01 9.162288506559844725e-01 6.469331261697741642e-01 8.632235234600638130e-01 9.458365802797058519e-01 8.656150422320195714e-01
7.553436576629927179e-01 7.805974197397214098e-02 2.371292728801767113e-01 1.114135719917480616e-01 6.401405246722724485e-02 8.917240974956938127e-01 8.241483727114828906e-01 1.103367595948524515e-01 4.070315351810391835e-01 3.993330736601841124e-02 7.624036886413531056e-01 3.531722224481372852e-01 3.858352075801294578e-01 1.224758646456416411e-01
7.273560002034840100e-02 9.953077069888498496e-01 9.681998735850949611e-01 2.092496527013349983e-01 7.983157643864252639e-01 4.013975442713064723e-01 7.739244107822372820e-01 7.658445511997795663e-01 2.461417969892404356e-01 5.677190394332425338e-01 9.836572929174244306e-01 3.674752598549410054e-01 5.993429709383812920e-02 4.368883241858753097e-01
4.273195800871262273e-01 1.209625398369524873e-01 9.156456816120888131e-01 2.277583234418592006e-01 9.922703466608517875e-02 4.251160330226899653e-02 9.875122613717550735e-01 4.618315952454643547e-01 8.167953701863872595e-02 9.695706276953139913e-01 8.540201651238796821e-01 8.075937567818469720e-02 4.175464739922363222e-01 2.035843156915425611e-01
2.930342960617756676e-01 7.848461310476386732e-01 3.221546480697881076e-01 5.830850847756781086e-01 5.967469824754016994e-01 1.156744582409101607e-01 2.448557066783596525e-02 3.434336824390789022e-01 1.422558564413558546e-01 7.842630016326487263e-01 2.943232223671424785e-01 5.446928179677013038e-01 6.027569802645762476e-01 7.611297296296916093e-01
3.454131021453754613e-01 5.789276361001088889e-01 2.092298516390405094e-01 2.938810826550112276e-01 4.269856577362883820e-01 6.388150164984021107e-01 3.877500657111127014e-01 9.192000500288218801e-01 2.671593473393198970e-01 1.696856998692319873e-02 7.801318693669297977e-01 2.958636353097510163e-02 7.818443062779334429e-02 8.842379888916741537e-01
6.700563826114298571e-01 8.407803533176293476e-01 4.206615993006203036e-01 7.154949917514749069e-01 4.809988300787964022e-01 2.633872800764991418e-01 9.604989089124440493e-01 7.339077247129828230e-01 3.473458826497444196e-02 4.648631120022783669e-01 9.261269245719008225e-01 5.875230367978199197e-01 4.765217842777406121e-01 4.640043131522147979e-01
8.186521429136093264e-01 8.977137923672749986e-01 6.532872168452946715e-01 1.204407935935101204e-01 8.724001772060260285e-01 5.184649287547994367e-01 5.081404860458665906e-01 1.028394311539301276e-01 7.912003816579359361e-01 6.039324267483316966e-01 8.277105843256559181e-01 5.041503081738791803e-01 9.204490549189030535e-01 1.024738319746980597e-01
4.942051709077615040e-01 6.542640895919660249e-01 3.281228327963247038e-01 9.170235948085210254e-01 7.409899555190038178e-01 8.210653672979502105e-01 6.039846293424163681e-01 3.934442386844619888e-01 2.648441769241132171e-01 2.314950918406150082e-01 4.580205800015595408e-01 4.451316301139695009e-01 1.865967144125002530e-01 8.490795045970678245e-02
