1.574352286535095624e-01 6.430357901518729546e-01 7.720963909899294375e-01 4.906719639060748150e-01 3.156074610733983210e-02 6.351508859018504261e-01 9.451570989878995688e-01 2.149889179114043980e-01 2.957700882390805752e-01 4.547993169969080096e-01 5.743233697294368723e-01 7.470558886323641623e-03 8.550478278150698275e-01 7.895107151031163228e-01
1.351771272027909587e-01 3.427380467791993901e-01 4.425621639541060803e-01 1.906076852449376524e-01 3.279697370649027333e-01 7.870291953127540596e-01 6.877336186624434244e-01 6.327546878986690659e-01 7.379128747273582256e-01 2.248147017321044938e-01 9.748825668468715788e-01 6.628512216326042372e-01 2.979366277411609198e-01 7.000478883705225641e-01
4.352129891129281614e-01 2.747154077808974248e-01 7.906216682315130306e-01 3.804614110171913310e-01 7.870255533148620142e-01 1.034385410622239432e-01 3.114539582761081116e-01 7.983494150456679206e-01 3.502643178178829197e-01 8.418881190447905505e-01 6.222432542984062120e-01 7.107055804727868686e-02 9.098693257970775772e-01 6.466868878401521581e-02
7.280720082469682719e-01 8.806697944454069393e-01 8.166375866800226202e-01 5.862235096106298560e-01 3.577703463908175063e-01 3.751749862481992270e-01 3.566738291208432221e-01 6.018840887496770264e-01 9.419528881331783454e-01 4.254497130826948581e-01 3.727780380472278665e-02 2.320597892105267235e-01 8.530899204225790289e-01 6.762410890648503647e-01
2.360755600428842138e-01 1.862800022804439459e-01 2.110147173660580355e-01 5.325356144504109768e-01 1.320058643781873986e-02 8.750376724647159765e-01 4.489386120101335198e-01 1.927891872114843030e-01 2.061196668822183886e-01 2.301847850344852509e-01 3.737053713169793401e-01 5.384670922148725447e-01 7.771300518419000936e-01 1.732562313340902937e-01
5.642417179582203124e-01 4.340182904689107168e-01 8.518918071139061077e-01 8.126704395664613445e-01 5.865808986700418171e-01 2.943856385843303114e-01 4.865837460350761479e-01 6.283037740944773519e-01 4.277321907034651316e-01 8.799936939293789839e-01 1.785991065522308796e-01 1.694893951675272570e-01 8.672359278125507664e-02 1.928933573557541914e-01
1.861206623451104880e-01 5.815399781899821541e-03 7.700828475163752351e-01 5.348822349279902522e-01 3.866625543728930969e-01 9.062929324185131641e-01 2.532934976284642037e-01 9.413363999680022243e-01 2.268673882966880662e-01 2.615100197946091942e-01 1.461650163494007115e-01 2.760796628809547570e-02 9.622974398868108237e-01 4.819050062427671088e-01
1.106876875823910034e-01 8.121967143553742163e-01 6.231960655682268202e-01 6.325948128624828692e-01 8.207170161689577581e-01 9.921760421246026418e-01 5.720597965918969852e-01 6.397744202215291942e-01 4.592546070826861726e-01 2.742098455238616284e-01 7.145849860769932782e-01 8.137986377223850321e-01 6.701802488840545857e-01 4.732044181480686840e-01
8.585747608552558585e-01 7.904118908811407218e-01 3.268861555816382491e-01 4.349129423672581929e-02 8.147685593201279275e-01 1.659219187362759307e-01 5.578301931941124225e-01 3.227386346045075793e-01 8.234303963225493295e-01 3.321490426715798527e-01 2.221436870037958311e-01 1.170494813234500553e-01 5.254270786895937073e-01 4.654885674335750290e-01
6.876095026036148639e-01 3.302585320853255180e-01 4.947115613682836477e-01 4.158758555251130806e-01 6.732798105907511488e-02 7.836817736252884581e-01 1.521720008725461204e-01 1.651962691033697084e-01 8.368175639482544614e-02 6.251832400533251510e-01 9.287781421414437188e-01 8.411741162395877103e-01 8.056201875018310643e-01 9.307854821764038888e-01
5.812990621129391355e-01 9.192135155095477739e-01 3.757308615624551651e-01 6.688715345037764548e-01 9.800777591850740045e-02 6.706898371393127389e-01 9.426474823288989446e-01 3.907299485813898743e-01 6.459321074346813241e-01 3.415080144898516856e-01 8.426464522210075359e-01 3.455630973178380749e-02 5.337946291245303509e-01 9.874042473102174755e-01
9.214882141103831747e-01 9.915609587561156069e-01 7.393544087977410584e-01 2.903966768415322530e-01 7.952934312002014616e-01 6.570211921114115228e-01 7.970745862213005628e-01 8.029477041607786525e-01 4.419545791456405137e-01 5.871219840886880981e-01 8.904341663895216641e-01 2.664683482677880910e-01 6.709734890721198441e-01 2.006157469578694341e-01
4.331612884913975670e-01 5.977071406697543887e-01 2.806988807847379253e-01 8.831176992282074867e-01 1.731296869531292471e-01 1.259609867316996423e-01 3.343719964299245451e-01 9.046132696636961512e-01 8.425975382702498573e-01 4.048062412095784213e-01 9.183410755153247340e-01 2.476415751524074782e-02 3.261075233284058683e-01 9.756845653505894500e-01
4.145458416378635658e-01 8.930367942921988433e-01 9.895296931883663660e-01 5.912049885895520607e-01 3.188910780926845767e-02 7.699323300009638382e-01 9.761641270890648592e-01 1.708926863868929225e-01 9.747983596477609591e-01 6.204829566474613367e-01 2.023989498723177682e-03 7.258502247384446271e-01 2.134156543568632713e-01 1.795398703489772263e-01
2.473610775428447539e-02 5.985258978549962139e-01 7.016449122033019403e-02 5.589186481049113198e-01 6.764933991752252185e-01 7.667596477212600403e-01 3.488212731412365653e-02 2.433810524365790373e-01 2.977354634240546583e-01 4.654141172709931329e-01 4.438660119955406547e-02 5.294140412070460489e-01 3.257049267870301135e-01 3.874629441485197834e-01
7.829397582086211616e-01 1.976386461352838131e-01 7.958892041228771141e-02 2.200962279579806724e-01 2.925138802594507981e-01 5.765656647991453942e-01 6.935164071795399954e-01 5.050308080582185388e-01 2.817536142436946056e-01 8.084615006554425332e-01 6.485989355114426536e-01 3.787534013556126400e-02 4.830688936691057700e-01 7.848768442374387533e-01
3.844108772094012583e-01 1.103887595195205407e-01 2.817674761850774701e-02 9.279417811435130004e-01 3.135189723385630733e-01 2.694486542828881115e-01 5.195731798938862944e-01 8.057912381637782895e-01 4.416245761448611695e-02 8.970988361039123893e-01 9.859482003652344506e-01 8.507134248595196180e-01 2.577969721771555811e-01 3.676764611654593784e-01
7.774093345475185934e-03 7.504778978791817323e-01 6.462421298550885540e-01 7.174857090606469034e-01 7.094064480507942250e-01 6.699758443851160372e-01 3.353839263833748863e-01 5.351811507075748819e-01 1.489929829599841993e-01 2.075529986277115935e-01 3.363437893442554616e-01 4.043022797542475955e-01 1.199456680964344768e-01 4.561314454595055690e-01
1.202478587723161407e-01 4.051842627759048021e-01 3.830679066873436955e-01 5.091727364300525638e-01 6.902854092779299178e-01 3.424005253581040575e-01 2.250079335934017655e-01 4.411808300980134545e-01 2.078754514949193721e-01 1.104510410145546073e-01 2.968386945564209789e-01 5.855731094743210630e-02 8.664842042899364438e-01 9.095769973383946994e-01
9.397188592686873676e-01 3.629538832055904107e-01 7.083469519125876745e-01 3.008782129668294836e-01 8.181026693201157718e-01 5.552919180574388269e-01 2.550095358418419389e-01 7.150293611644292779e-01 8.298961096305789154e-01 7.988335939662075669e-01 9.746956342784319771e-01 6.283088081251956281e-01 1.605942158227529060e-01 3.791590799557413849e-01
1.525736226301784848e-01 5.788587510701569405e-01 9.961986902005632860e-01 2.065204622312614147e-01 9.635814441357566373e-01 1.156340391009368362e-01 8.968700404077234456e-02 4.583367364280053202e-01 6.044867333720022051e-01 9.660155179946331439e-01 6.464987926878013047e-01 4.475815847727497854e-01 2.731702123991536224e-01 2.314636159996352749e-02
8.163377968754936820e-02 6.582420608272395723e-01 8.731470646643346711e-01 3.907000796191151260e-02 3.778467910875228375e-01 7.311039114684712015e-01 7.277538877569533771e-02 6.050600106162419278e-01 6.576441297057994406e-01 8.957390954824026030e-01 4.011923797261599534e-01 9.301289852455396634e-02 2.036793193398395152e-01 1.403986685891691621e-01
7.812273225291797019e-01 6.777057481555626151e-01 9.535240794404910014e-01 6.860967557084267643e-01 9.392997518771214471e-01 2.928354521310405634e-02 6.732613934517501786e-01 7.105543702172454346e-01 7.165842481132558284e-01 5.905176389235632373e-01 9.190833002452987177e-01 9.108689288384762550e-01 4.134326647698494117e-01 6.130323261222102582e-01
7.962385910649053544e-01 4.598408399875121289e-01 4.695069556282186474e-01 8.698807225071024662e-01 4.551833821278120640e-01 7.131932404287839589e-01 2.209241028699567844e-01 7.819699000382476228e-01 8.699442995708973614e-01 4.090350598557849215e-01 4.055396110224107620e-02 4.676645887180164163e-02 8.161681322115665882e-01 8.588562388483760301e-01
5.859543467770178538e-02 1.792810347893470935e-01 9.812451706854528055e-01 5.319303411010601890e-01 3.360967847119444851e-01 4.024397385142317596e-01 7.142658452901540223e-02 5.067234393186914598e-01 8.269469865216374505e-01 4.055323025213316557e-01 9.577666341795644245e-01 1.828990132813033131e-01 5.715985394433864553e-02 7.499063803032135489e-01
9.792591870838216472e-01 3.705258584378469111e-01 4.438833216111891522e-01 9.720678330563867764e-01 7.270808795205673247e-01 4.854138540479535635e-02 5.374909594415262504e-01 2.621997315014567009e-01 5.206086328949536268e-01 2.960467234356156663e-01 9.446045778168913332e-01 4.626464144207675933e-01 9.390323059818350693e-02 2.608960861624712857e-01
2.045008656654389023e-01 5.806271209575131209e-01 7.340907214547107706e-01 2.523424589544978058e-01 6.498072041067827209e-01 4.188673605044799242e-01 1.108872761914387883e-01 8.829742527742376890e-01 7.389404817195256436e-01 8.820181487682551280e-01 6.477974311398546625e-01 8.514364587979451615e-01 8.233998997701190703e-01 1.100658734364167168e-01
4.878496281499341558e-01 5.247261992285631171e-01 5.704541400883662572e-01 9.857445187063428316e-01 5.596875716412117452e-01 9.843924277198012884e-02 8.631636989771821478e-01 2.336392566474128074e-01 3.536129251570168108e-01 5.793319546999083913e-01 4.617477575957507074e-02 9.499312356438898153e-01 1.417866136874534888e-01 3.073500085742069121e-01
2.618249669173344785e-01 3.452084915862121406e-01 1.772049480482610351e-01 2.165987250907049910e-01 2.851235917548211596e-03 1.317136513746133275e-01 3.470897041651976878e-02 2.518881589706083446e-01 2.010671892712438957e-01 4.004650690647917344e-01 1.107527206459431035e-01 7.814791673843912712e-03 1.176123339613871499e-01 4.906102189508547706e-01
4.894881122090597447e-01 4.241799148233138528e-02 9.613760653758296471e-03 9.232931769715140291e-01 9.456127147115434006e-02 6.792075845847470594e-01 5.395820025895295968e-01 6.108008843730231563e-01 6.682461861166184569e-01 3.897679443137191946e-02 2.117822697320483893e-01 9.903210907986325084e-01 4.741115813575486060e-01 6.244516266678549199e-01
4.159925756237149441e-01 2.323992332558977303e-03 1.222866748489712663e-01 6.997805062191061465e-01 4.124723541021082518e-01 4.725419367980359109e-01 6.643424476713818416e-01 3.816352317422007090e-01 8.452010802340678142e-01 8.952387474474642337e-01 1.626125439946675133e-01 3.429169381535681627e-01 5.361082972551630688e-01 3.953641697251449871e-01
6.962846036814351880e-02 8.369871351102956547e-01 4.576333119055616683e-01 5.014883133102673307e-01 9.192548287220695391e-01 7.997095011900110517e-01 9.290975335661840750e-01 4.529191693689326170e-01 6.442941650872653359e-01 7.033550463735654956e-01 9.088582972396034299e-01 1.196526003173982167e-01 4.667279096373831981e-01 5.995390355079699418e-02
1.616903666799283101e-01 5.477709216797138625e-01 7.663592792843757495e-01 1.534474365362381576e-01 7.637374920138831902e-01 2.781249286076592497e-01 7.965267326127537517e-01 3.770123410789946172e-01 9.814838011387386763e-01 6.279405215714825017e-01 2.201649750092898872e-01 1.166333366052729748e-01 4.641672811120546305e-01 6.757123576189689729e-01
7.938363530509527921e-01 1.649461081452040512e-01 4.203172078297258141e-01 5.788560262137526502e-01 9.577760983668991424e-01 2.350709668672543717e-01 7.479969687435662484e-01 1.269885850887753076e-01 8.731179281497800648e-01 2.746489840473831379e-01 2.313966604896839918e-01 2.824204568515897851e-02 1.734931873097300681e-01 1.635365168109947920e-02
7.841313634857396409e-01 9.387310975563636362e-01 7.268458750902884180e-01 6.753707550639043156e-02 7.519907533398337840e-01 9.068637690141223562e-02 1.121627944973172530e-01 8.643275830217427291e-01 2.898718713187143914e-01 8.381145148434226977e-01 6.418503306270145758e-01 3.301105259093491950e-01 8.319397811037451129e-01 3.377552235993243057e-01
7.397506745659435667e-01 1.991413143928710827e-01 7.686780671150761357e-02 4.640706617733255657e-01 9.984598121114963698e-01 8.713324125515513607e-01 9.404194297680994463e-01 3.438007462706976769e-01 7.632483132410206039e-02 4.955331282708012042e-01 8.804430470405225639e-01 7.833330782593680430e-01 8.633963026426453302e-01 6.079205129514776429e-01
6.148206728427102474e-01 3.342360167194169396e-02 1.796383243045500677e-01 1.193696843641922634e-01 3.966589929853521213e-01 9.385404632766756183e-01 9.927576025433048068e-01 2.192738059662699968e-01 2.341569063227222358e-01 6.050712932824209300e-01 8.033578742130519368e-01 2.216036019632315890e-01 5.151093639573720573e-01 8.852214293810906076e-01
1.868722890324906460e-01 1.414400154377559726e-01 7.011856921054517855e-01 1.402597010421663404e-01 5.163065049256650996e-01 6.995144323770393635e-01 1.327301870949015861e-02 1.140140055874596658e-01 1.872335782529139792e-01 3.081955225104504592e-01 5.230750891576592121e-01 8.322533876540001430e-01 2.731719817144007134e-02 1.710017677425679228e-02
2.795851303798105869e-01 6.643075645219520542e-02 7.452512198089360496e-01 7.178835947674591100e-01 6.147960921315974714e-01 8.715433163531904892e-01 3.166643689514250237e-01 3.496055624998024580e-01 1.498398928150397325e-01 7.512219483814638332e-01 6.109145099851899241e-01 4.911658302854148284e-01 9.974045266490936257e-01 2.954368774295452749e-01
8.539836449968557508e-01 6.221684767840487407e-01 2.972699375723207860e-01 6.166896411926522381e-01 6.381515414275652498e-01 2.472650263833574558e-01 1.191311089195059569e-01 1.269643364497002880e-01 5.536183800561461643e-01 7.084002687207660021e-01 1.463079825496996778e-01 9.419041908281278186e-01 9.748328312393323980e-01 8.580561994231975520e-01
7.811865413472740549e-01 3.141997329483532386e-01 4.159562365964527553e-01 6.645862504600240639e-01 9.721796765666725904e-01 1.580042803928882744e-02 2.263026799634826336e-02 3.709709200359084802e-01 2.000528196832518368e-02 4.994298684004747635e-01 1.312624046449845094e-01 2.658881398546990571e-01 5.839697046140691628e-01 9.340556356125440107e-01
1.840974270430927318e-01 1.666414951763929286e-01 1.038421003152365518e-01 3.776024498896746184e-02 6.089949030455725776e-01 3.959274354239152860e-01 3.969516380458257832e-01 6.919667006674640186e-01 8.896292118961198758e-01 8.470177032926980987e-01 8.679745392622568723e-01 1.707502482567783142e-01 3.328362599662588739e-01 5.016627965193831695e-01
5.795419107610879639e-01 2.497155190119469959e-01 4.493229068628601386e-01 2.080826310499965803e-01 9.526526891519911944e-01 1.815748772102888653e-01 9.388563022422340421e-01 6.929565540571557269e-01 2.189321585046265506e-01 7.401878112227001649e-01 3.957895402290934062e-01 1.615817178181103708e-01 5.225689113697975507e-01 3.378987406383008318e-01
3.663832159001647604e-01 5.917040142503156019e-01 7.252277505409454594e-02 2.799152062678217368e-01 1.846550706291451016e-01 4.014026001092473317e-01 3.935493877218029235e-01 9.036316955337878598e-01 7.730407667274534766e-01 6.577297569308087066e-01 9.859374647668321945e-01 7.024245676263318749e-01 4.003126718734282274e-01 3.222413417131757551e-01
2.805499163759348491e-01 8.939456141179982218e-01 5.158271839671502157e-02 4.386734005380865664e-01 4.225628447970756207e-01 5.182851249076722011e-01 3.133362123100806862e-01 5.200861405618784072e-01 9.802307287515928946e-01 2.485869564650480257e-01 1.865123466960766363e-01 3.497083008788299807e-01 4.132306666359889524e-01 2.423752034578641190e-02
2.340414956014535974e-02 4.154650302308346976e-01 7.868385065740520767e-01 6.661921896071575366e-01 5.704153057712588737e-01 4.781728830994069757e-01 5.728297436475462412e-01 7.645894272480195930e-01 7.204424325456361133e-01 3.699155284040055447e-01 6.541382514846857399e-01 7.992494865867940668e-01 1.994401954586167980e-01 3.189055052840265025e-01
5.948001111962719634e-02 3.388337172620378146e-01 7.871401855647188750e-01 9.887944101926045004e-01 3.238317863757526061e-01 5.595993020234629745e-01 7.344869983687574155e-01 7.212930742583986143e-01 8.040171642583917588e-01 1.687270090340257100e-01 5.550013268675140221e-01 1.953660813157240828e-01 7.231053814622994125e-01 8.324296912819801886e-01
9.935401393791618574e-01 1.406463984221324459e-01 3.806761645020417806e-01 3.013567011049140820e-01 8.225049968063455896e-01 2.868526953755885511e-01 6.509326676296876002e-01 6.051131513185633581e-01 3.807576872320851402e-01 5.920045205299618862e-01 9.739531779597776495e-02 1.536436582242696192e-01 2.905613420504300493e-01 6.568380329433894937e-01
3.837108593491014297e-01 5.419500755457303809e-01 3.972767438773195936e-01 8.468763759596881213e-01 8.392936868096753100e-01 6.853001706575990726e-01 3.486681061029850426e-02 1.152404559859433464e-01 2.521843710095794666e-01 5.423467644297561563e-01 9.005750187928365236e-01 4.201339979585169138e-01 3.438278968514802969e-01 7.282329416424113688e-01
2.983669505060728699e-01 5.748038785683750040e-01 5.691894706909367274e-01 1.756733727206906126e-01 8.118269491176102193e-01 6.068826312566069081e-01 1.177101032412782855e-01 9.402332277160866392e-01 3.971324222261712888e-01 8.911253503828713285e-01 3.040435532882480585e-01 6.511948532654113775e-01 7.995854563729573039e-01 8.919641013403859509e-01
5.046013438120695582e-01 3.044545774847089437e-01 6.912943338207214738e-01 5.328880308851169367e-02 9.196931784778784591e-01 5.659505760176781752e-01 5.317878623036479402e-01 4.986418343846465984e-01 5.101326313025020820e-01 3.844055878715999519e-01 4.152020587395957030e-01 9.308546300709996668e-01 8.850908199162107470e-01 2.737672934308321704e-01
8.619845098092226987e-02 4.567731153569528635e-01 9.206132909281776744e-01 5.349849728249342906e-01 1.457541371387484075e-01 2.641185545680206914e-01 4.427994197706295321e-01 2.028641160970698909e-01 5.794814243302620627e-01 2.089852361328725650e-02 9.043695179213697699e-01 8.117541009207196456e-02 2.177435106179759217e-01 1.184689721554942343e-01
3.369969084230983736e-01 9.164913040340740835e-01 9.389828544163059121e-02 7.229671985746741747e-01 4.196469214445058826e-01 8.560833782474789322e-01 6.106876174769767518e-01 8.267809616198212863e-01 9.324829957837168504e-01 8.531552734898966150e-01 1.254626324855461217e-01 4.081857765155860740e-01 7.425093248351155584e-01 6.375112838374363822e-01
2.677713646428279137e-01 6.287638659373198102e-01 6.568398720328497697e-01 8.236333085347754546e-01 1.163790224624199343e-01 8.838879429152236566e-01 6.114636800945018047e-01 1.355641740086471758e-01 7.321749573201284944e-01 6.012113368652763912e-01 5.644386849698146413e-03 2.137489980259495992e-01 7.940143511784669705e-01 8.206461711093194777e-01
2.044054225342361031e-01 8.411252601513463656e-01 2.812870238858994343e-01 7.155127785089966386e-01 3.994908559457155395e-02 2.911245992121874737e-01 1.562305036625992738e-01 5.819779393722651628e-01 4.557328053014131353e-02 8.760716730329036750e-01 3.668723669926393649e-01 1.257805710729783533e-01 9.597017843662575265e-01 8.267309011074330805e-02
3.038289135504005367e-01 5.261542909805643209e-01 8.679293523863418347e-02 3.223228139762848166e-01 9.829195656256509706e-01 5.495780143023013542e-01 7.683932064899914316e-01 8.510143567756522920e-02 8.785330292552133713e-01 8.721825218951337888e-01 4.236780195765699197e-01 9.952645785083547025e-02 7.129940924675448599e-01 4.199972162174397949e-01
7.356919579126082187e-01 1.290158641988138344e-01 1.293069390150529685e-01 9.487398214803577368e-01 5.986031314345439114e-01 9.333361828911953539e-01 1.958198639418817777e-01 4.477701695051624631e-01 6.417217031787914028e-01 1.255436077914636739e-01 7.663921639003101749e-02 4.364405549135034201e-01 3.236887030318714720e-01 9.918150736543807078e-02
7.624153234818726865e-01 3.989028163634704693e-01 3.453785339492486672e-01 1.796685162314448636e-01 7.897123150515332757e-01 9.009928711735171181e-01 6.391948823784225908e-01 6.814340143004854466e-01 3.135383881512194826e-01 8.525179883681311965e-01 3.699396157154686282e-01 9.447938137951498172e-01 4.188678319413596807e-02 7.303647693723436252e-02
3.207350318989117266e-01 2.016806360291846234e-01 3.984622981753769277e-01 7.363948900574751599e-01 6.844654751436923812e-01 5.052128970014453380e-01 5.051884629757512624e-01 4.429544249291291758e-01 9.837213387890960670e-01 3.905233759233133206e-01 2.565611346055508557e-01 9.599832439735473955e-01 9.335662110851105089e-01 8.392793040768106172e-01
2.852659229934662033e-01 1.101964918621134437e-03 1.527148925802653823e-01 4.011788691169648757e-02 8.225937796630261589e-01 5.037716723963070464e-01 2.639259600355295943e-01 3.106532958505496822e-01 9.141752140095024126e-01 3.614213394167997695e-01 7.726689516315943251e-01 9.557908504257438542e-01 6.490154494834210475e-02 4.100915004784296825e-01
5.124693639095441178e-01 1.590547864750924134e-02 7.156186997463482857e-01 9.866649944256811189e-01 5.256848176983554000e-01 9.967673746689224012e-01 4.364983984548213014e-01 2.530623065108791314e-01 4.979542876708126231e-01 4.356002175614296368e-01 3.244720043801978537e-01 4.208515766796582236e-01 4.383291021478135097e-01 8.547672500465234302e-01
5.120863163945765795e-01 7.663850364842417218e-01 4.474939444770894559e-01 2.510584567341109796e-01 5.515562480411386748e-01 8.635033258278995705e-01 7.887083379194126387e-02 4.538323606967871182e-01 9.402381376172966876e-01 1.535809095425842985e-01 7.879804991608219122e-02 3.457128929607578005e-02 7.994859359657976450e-01 8.982426834565866436e-01
7.366593935427526718e-01 7.999717733341932258e-01 3.846032681842407319e-01 8.103184219791557119e-01 6.692805341794658691e-01 3.067131727179384093e-01 6.924924399774369244e-01 7.337561222228740077e-01 3.695421289883120686e-01 6.940867559074371806e-01 8.368937306788433172e-01 3.881102732756369633e-02 1.037789817920850011e-01 2.528679278211054537e-01
2.963998096340614286e-01 1.562701038085577698e-01 8.396147298875799025e-01 4.852510992233318721e-01 4.053820176759455052e-01 6.438785506489571597e-01 6.655242950476868424e-01 1.105084908913818165e-01 8.725617516841588373e-01 8.247004286828070185e-01 5.581391282203318482e-02 2.128191131600895014e-01 7.396734319591689033e-01 8.530361750704917867e-01
1.731757703893687106e-01 3.948321561060506024e-01 4.918657726523057994e-01 8.268715980342660199e-01 6.262633143996043650e-01 2.439935004071226432e-01 4.188679720898110803e-01 1.874744609378614646e-01 1.448044302292905705e-02 7.986336520245417292e-01 7.927690011355168487e-01 9.589512485090732063e-01 9.798540228690031384e-01 3.281296019852031343e-01
6.378349874370210504e-01 9.342017883162828662e-01 2.973284684571364522e-01 4.076573786396338051e-01 9.617293598298196633e-01 9.302854113741295672e-01 4.673776551164527948e-01 7.912917724118049279e-01 2.718729679598661519e-01 3.473056393611593240e-01 9.972649867915706068e-02 2.941366103721599901e-01 4.073199994316231143e-01 2.894363919758773385e-01
8.144405566498179594e-01 3.338943375928785651e-01 6.225097546929055925e-01 3.240091801818713035e-01 1.736036213398887140e-01 4.392060510734939749e-01 2.448970470005538136e-01 4.217872688781245660e-01 8.476584262721981178e-01 6.965129518186138347e-01 8.035280118711264352e-01 2.131136862459473980e-01 4.196849458879780004e-01 4.517104676250071060e-01
3.935734359178474362e-01 5.997791498916105191e-02 9.737303660722861354e-01 8.873313481385555201e-01 5.916565354793648090e-01 4.085180622505124592e-02 4.371676220523768031e-02 3.185194151356041115e-02 5.321003700675634995e-01 8.581587603795240993e-01 9.236513048550022420e-01 3.713515053195604043e-01 3.990653275057326477e-01 8.402446839635168141e-01
8.766803223129739919e-01 9.389350067616304418e-01 7.271030388156488611e-01 4.081886068717366367e-01 2.784330863372295184e-01 4.860224275819586826e-01 6.654190532572202832e-01 5.445524730450064244e-01 4.299532885688631678e-01 9.390742909302773889e-02 8.693892359829515915e-01 2.689821305152184650e-02 3.956649322060157292e-01 1.671184685893739585e-01
5.975578051850348738e-01 3.927425212617609018e-01 1.151122032547935436e-01 3.033127162796608323e-01 7.083971401291522252e-02 5.911736337119574136e-01 7.322253561064819838e-01 7.488421885659194421e-01 2.244104989505766312e-01 2.958957598565890024e-01 7.579978711141344139e-01 1.456109513787805509e-01 2.121712676862068658e-01 8.244782148232532304e-01
2.211636312827502948e-03 2.141927898417963494e-01 8.463357583275422646e-01 3.228888933613595080e-01 3.499861494013941643e-01 7.592437630332893317e-01 6.692508971732440415e-01 9.505062139697028067e-01 6.792677754083118469e-01 5.699467842464573941e-01 2.552685367835380026e-01 8.632225565261639755e-01 1.042437063235860384e-01 7.553357788210124379e-01
3.867878945342413388e-01 4.499665479928549594e-02 2.185516203922250877e-01 7.705630570869050899e-01 9.417631782102515725e-01 7.894148754528018674e-02 3.234706809021439256e-01 5.699648146540339244e-01 8.002199623452932453e-01 1.607714495160003088e-01 4.531038336770488728e-01 4.255793617064259626e-01 9.811252415989574205e-01 2.115087342390847835e-01
5.883422787011018951e-01 6.101351280961123669e-01 4.912217300521689589e-01 7.816780026894857292e-01 2.669966609378005007e-02 9.714889124904073636e-01 7.367148323637936480e-01 9.390286692763438747e-01 8.010134803368881284e-01 8.741671965346957673e-01 1.856585336753205917e-01 2.696041650712761584e-01 1.917852752407808170e-01 6.178954845544185615e-01
3.923093567356680245e-01 1.299222995536621905e-01 5.661174209500452470e-02 7.312116626091822447e-01 8.191006948450978431e-01 4.230575782722346689e-01 2.606692549949640725e-01 6.824610011073382054e-01 7.426657293088250178e-01 1.077217461376841490e-01 4.156830457433243753e-01 6.555169231296436028e-01 2.999196598473573561e-01 9.047766470494567059e-02
8.231364374527861960e-01 3.832677251816736241e-01 5.673782205903054043e-01 4.482838422667939637e-01 5.563287855110294888e-01 5.775237207983630050e-01 8.909134766586224163e-01 1.142731438457300630e-01 3.226220849454847217e-01 7.106981152161905291e-01 6.783064674814955897e-01 8.793921183672827047e-01 4.644497969015510819e-01 5.337343392775670825e-01
8.652878805763636327e-01 6.397430101990742024e-01 7.391327193296870490e-01 8.936567862837666576e-01 5.406047398366209400e-02 3.196189306693676402e-01 2.942402521629252643e-01 1.812000350438012219e-01 1.592465586225608742e-01 3.879046212912855562e-01 6.628104558373815181e-02 5.068504236803559326e-01 3.397852709629892720e-01 4.252416813430948128e-02
7.252321096718210569e-01 7.125477514011083757e-01 4.529574675125457306e-01 3.695219479574722854e-01 2.379304600112202017e-01 9.154822407593664613e-01 8.327113319373150579e-01 4.577599610988450918e-01 7.961401639560464760e-01 9.897259548413651631e-01 4.568239236518608637e-01 8.809052954502749611e-01 3.545674221301832185e-01 5.193734634821479679e-01
1.542716234155928623e-01 9.745304601159133773e-01 5.958426746241884953e-01 8.621976067648672304e-01 1.818814802251652596e-01 1.837464277971025961e-01 2.497369481862470320e-01 1.343129505478217744e-01 6.742698532524944444e-01 4.238244616063652215e-01 2.225299341882388537e-01 2.048029031444795756e-01 5.899969705641399109e-01 3.339608911081628495e-01
5.258303459988009632e-01 6.110797901476094918e-01 6.851002907168294298e-01 9.384512133086844177e-01 4.215724477364769518e-01 2.760025440170766897e-01 8.606375592519679429e-01 1.687655458619019555e-01 4.683363624636167621e-01 5.037245567673436231e-01 2.982652380719915675e-01 5.685522765765780306e-01 7.201106491430768752e-01 4.651784741807022394e-01
7.311685075869972517e-01 4.444017443754951779e-01 7.881192662228548862e-01 6.032888728669950629e-01 6.472693388237577006e-01 9.671789997084645485e-02 9.799326389792313297e-01 9.717404444854275125e-01 7.632347495027711481e-01 3.684129104309750158e-01 3.446589185190600535e-01 8.259273142717850069e-01 7.610007432182330778e-02 9.871590337491294997e-01
6.803504947494138921e-01 3.553020858313792329e-01 5.153778089011885610e-01 7.217236416443643110e-01 8.878768654690760709e-02 4.189964740584462000e-01 9.827575149168071844e-01 7.487280942572048792e-01 2.488752207159881102e-01 9.112616862291212927e-01 2.021562170231099298e-01 1.533615797182464879e-01 9.011286313337949494e-01 3.802721037648747471e-01
4.964977407092222572e-01 3.517561066066160480e-01 7.918872788098353377e-01 5.496377658910871489e-01 2.205295591750279227e-01 1.712175252381475943e-01 8.482426453007307909e-02 5.109342430898398124e-01 3.025630897033622091e-01 9.538771876088840695e-01 5.937553591607037662e-01 6.129146926405384388e-01 3.030970464087823224e-01 9.075629289707276559e-02
4.011475051421238280e-01 3.248316019639791996e-01 4.798239496951196559e-01 6.066043520916615250e-01 4.078159930568778790e-01 8.300942545001798178e-01 4.145604450866910984e-01 7.612884939087052327e-01 5.812268727471352481e-01 4.499690790140041807e-01 8.885496004818551619e-01 4.393097837090786939e-01 8.776764472717334398e-01 8.874315089960401748e-01
3.691244610018766803e-01 5.178968101489240805e-01 3.761422046657368901e-01 7.759495358836611123e-01 2.532058464388942109e-02 1.811129979029462156e-01 7.253536901784454205e-01 6.822890337035039110e-01 9.395931650713441607e-01 4.901644605757943252e-01 2.912017599059787409e-01 5.527590776595763256e-01 2.780681083211211657e-02 7.783922420667240827e-01
8.225660803077808891e-01 9.877928641621095407e-01 2.908406950641637678e-01 4.797041904651256905e-01 5.102994979925631336e-01 5.727546632400228876e-01 5.530674175059216990e-01 9.374308653356941967e-01 8.023164582180363213e-01 2.092523115052070670e-01 2.637298291403922246e-02 7.355151718003278827e-01 3.996790974123671791e-01 6.073053564366776014e-01
5.321313068806642343e-01 1.865038175323341374e-02 3.049499263062958043e-01 7.547925202381744469e-01 4.348458074448386945e-01 3.936614094495131111e-01 9.028895905194000981e-01 3.793074681554307048e-01 6.247660924046700703e-01 5.389789992512070693e-01 7.521201660826605240e-01 6.442806654909146724e-01 2.233454534913975609e-01 7.194191823199030944e-01
4.190616702092481161e-01 4.567138588400960764e-01 9.264010732523514369e-01 5.124848329093105725e-01 3.729367137816431699e-01 4.082967823402717800e-01 2.507232911514694074e-01 5.444217370526190924e-01 8.509578291712129872e-01 5.037561396795422475e-01 8.466432624427422393e-01 8.499669916021828087e-01 5.668028234564440604e-01 5.442811523199299062e-01
4.428250540750534592e-01 1.271175152193380065e-01 3.380461710487802085e-01 9.662662336638784266e-01 6.274697582331363321e-01 2.213957650816060774e-01 1.999174780247808814e-01 5.672956273408003014e-02 6.759922201744721360e-01 8.853869178190900691e-01 7.294095473125097318e-01 3.658141214052801349e-01 4.528454978308193990e-02 4.271191490334035334e-01
2.737708239032420332e-01 4.170270709141735699e-01 1.177295337001330600e-01 5.419022681123453200e-02 9.190752005593840757e-01 5.264690108060625651e-01 3.506744151881435734e-02 4.733057010493670891e-01 9.525997907424490485e-01 3.475388026079174741e-01 5.396782474354638870e-01 3.455707466608249900e-01 8.342969379438963662e-01 8.598952757790382373e-01
4.631005394135693232e-01 7.090411243528146334e-01 9.284954262160201033e-01 1.335749407786389620e-01 8.715049393582755544e-01 7.128024409369571046e-01 6.427142678532319353e-01 5.686325726889820409e-01 8.959141648626534060e-02 8.910000089208274243e-01 4.220965488376673402e-01 7.067793773111898936e-01 9.273857207505040723e-01 6.550395268754065636e-01
3.126954256053819936e-01 7.473720439626174716e-01 9.611795063674949402e-01 2.957619506046484936e-01 7.161910248463342343e-01 5.629889733070478908e-01 4.551558941437539030e-01 6.287509126249556379e-01 6.109112039825708163e-01 5.654279101286610043e-01 3.031880980217804833e-01 8.720789506775890043e-01 3.619945393814250068e-02 1.364113185709767695e-01
2.119751905195178532e-01 5.476507004735310380e-01 8.359625661078047276e-01 1.321573982233013034e-01 2.471494618153456946e-01 1.719490841863180464e-03 4.213753089235332538e-01 5.367119533972367629e-01 3.442084098880696663e-01 2.847737115351334225e-01 5.247829503794727568e-01 2.014970369930042526e-01 4.822647479161552564e-01 3.469491344862377646e-01
4.701905161075980999e-01 2.703058436599037329e-02 3.088184715877400066e-01 7.256502703402778476e-02 4.839772526447642109e-01 1.473939342259806828e-01 7.641218652300098002e-01 1.369623279819180972e-01 7.395720407842780730e-01 9.639804271247121026e-02 2.129172676589480284e-01 6.100031715969838064e-01 7.543493318072010956e-01 9.563717066911662235e-01
4.847130817898467336e-01 7.771838286915151439e-01 5.307064667555474458e-01 5.640555702949042738e-01 1.336612043100676717e-01 5.297428652266514826e-01 9.496415723440765344e-02 4.018207673762635990e-01 8.592019028288522264e-02 9.986181071666637710e-01 5.318956879266569793e-01 3.364973026689871416e-01 6.860217116479947475e-01 1.213440219837087497e-01
3.595533392002792095e-01 4.327610562586186038e-01 3.423350381834069367e-01 5.687665246796752561e-01 9.744006903985651391e-01 8.008542081939233892e-01 8.451908777350490842e-01 1.259400167512414459e-02 1.687114167601631021e-01 8.910005112115834125e-01 1.926179543871988642e-01 8.556495246346754735e-01 7.970522477957283636e-01 9.233993835215514867e-02
7.949838974581783235e-01 5.723406183118100454e-01 1.786262165094725241e-01 9.549504642208272998e-02 1.923426448357213880e-01 7.143210112451592320e-02 4.380321966945195378e-01 2.325293568311395109e-01 2.357717247886839118e-01 4.743421122155376812e-01 8.300137738657891173e-01 1.557235374746352985e-01 1.901107457059116879e-01 6.597964822001497476e-01
5.734200881616924317e-02 5.543575235052752292e-01 2.220414611511697389e-01 3.626975404397932978e-01 1.625286112271430161e-01 6.399776083373667213e-01 9.767685705975311938e-01 1.894351255427366709e-01 6.372330787496797155e-01 1.659074812442961067e-01 7.672919558838074972e-01 1.069934523841418184e-01 6.714591279649630984e-01 5.821026486914351317e-01
6.628483445210356928e-01 1.906444725789413486e-02 4.122238412213534708e-01 3.177168907801131148e-02 9.665404024075483491e-01 3.339421555206016912e-01 8.028449223737792462e-01 2.760585584288460792e-01 2.242521037400082573e-01 2.912964588507291896e-01 2.884461442009245147e-01 1.305357295517506344e-01 6.204841189942243984e-01 4.219907928706434497e-02
2.113751803604735358e-03 8.458333763547434270e-01 1.381284144430356964e-01 4.485841150541328703e-01 1.685989419355182761e-02 8.897038803193862977e-01 8.294238809550840141e-01 4.468806612593159144e-01 3.476496558485173693e-01 9.529546040058765044e-01 2.408768096104152434e-01 5.137498670152297331e-01 5.963493019687000629e-01 4.159798573040976999e-01
6.587950389932153428e-01 9.053693486769960330e-01 5.638082316014182416e-01 7.592760060210590467e-02 4.610074115866400479e-01 4.854780241311209554e-01 1.974198014663594014e-01 2.412846592016938407e-01 6.323906561651603253e-01 4.999460994683866399e-01 4.056533435701240586e-01 3.768603859233298214e-01 7.835826410657973362e-01 8.435691776975906553e-02
