8.280149929483757720e-01 6.943196683577249617e-01 2.552358036556834353e-02 8.691559651581711732e-01 4.059588586960060086e-01 8.898392065679213703e-01 4.995549728498683839e-01 2.592421863621086064e-02 9.151580117720965468e-01 6.325566451042172744e-01 6.830962885640027293e-01 1.864787099042730656e-01 4.029535908412122946e-01 2.004224287265463644e-01
3.992975066762465275e-01 1.593542937077263577e-02 1.552328938315596929e-01 6.518806060745111486e-01 2.634945020384069636e-01 5.728022625644311194e-01 2.142505905810847544e-01 4.384750815717246564e-01 3.707926383066804110e-01 8.150496038385444120e-01 5.735043646708952725e-01 3.118271122988280908e-02 8.110018354682014818e-01 8.489823937731013626e-01
9.597076337032759419e-01 5.910103146054667134e-01 7.476169156529512971e-01 5.257490029933266085e-01 6.891298750971101006e-01 1.554400721294744159e-01 9.753552631216455548e-02 7.647331602424248809e-01 5.898186538946891266e-01 1.412479180587978833e-01 8.465439830134765531e-01 2.214823492746724742e-01 1.765619986939965802e-01 9.956702464640276862e-01
1.852057958014807770e-01 7.849166244768239764e-01 4.075428762314075026e-01 7.705500453170474051e-01 3.896129808223024460e-01 1.253014925063394847e-01 8.413380114176495228e-01 9.569861343589428637e-01 2.665706524331349359e-01 7.912310545560811148e-01 7.761101996051129603e-01 7.967764204016762886e-01 4.777222014296177433e-01 7.791164547535168738e-01
8.039151317671208163e-01 5.472962471361766390e-01 3.902657689832200738e-01 5.327010471957213111e-01 3.722056851843222880e-01 3.890970944435149237e-01 9.337581166661572674e-01 9.502582849467974269e-01 2.095662354163573271e-01 2.734505849285437939e-01 8.398787296534730995e-01 6.419546756177326730e-01 3.993660725158005853e-01 8.842093979969583017e-01
9.639915377631389504e-01 1.651032518128272564e-01 3.809877332566047325e-02 6.588406310978743852e-01 5.738826276667868820e-01 4.054855398756750384e-01 5.732537933906503014e-01 3.300695912721596237e-02 1.949863205321611392e-01 6.250371488444850243e-02 2.689382366299644112e-01 5.949226008900134754e-01 9.749433317482562034e-01 6.163459374814488356e-01
3.857872789211218567e-01 2.203126277690489188e-01 5.923208926233061167e-01 1.576117345690898341e-01 8.186080587484907412e-01 1.643768888196560640e-01 3.425795135870107755e-01 7.660414108391508936e-01 7.780503068324557958e-01 1.859333196994616966e-01 2.520007044061540746e-01 9.581845281475414033e-01 4.143070486000279828e-01 4.181777270284600112e-01
4.848071413097757576e-01 4.905904941177287037e-01 1.642997970117644480e-01 4.344323218570533829e-02 6.507957850384176179e-01 6.693652241901915101e-01 8.109294549118198914e-01 9.092026722383284021e-01 1.911982912282513825e-01 2.253910289152226687e-01 4.470480537752564709e-01 7.023631971774406679e-01 7.313488537074833706e-01 5.256098207364215957e-01
6.463724340673925317e-01 2.192403623231404808e-01 4.736869140461277272e-01 6.905549069602631151e-01 4.188025159725832225e-01 7.200851632559568394e-01 3.191252583083307170e-01 6.085422336102153107e-02 4.747345452565369106e-01 7.098651996050064916e-01 6.764711380751092795e-01 4.302377461629399713e-01 1.885120977411480769e-02 3.379329238610151442e-02
1.310630278752918931e-01 4.179997895667746377e-01 4.392043956421004536e-01 3.141740051220385244e-01 9.022405470243344272e-02 2.823454769510447271e-01 4.688174294145115439e-01 6.490832701842204067e-01 9.601593714784000255e-01 4.200617752792339399e-01 1.174787565511273835e-01 1.783665792028304997e-01 5.826553141790992152e-01 3.821365202690896190e-02
6.976963203502373201e-01 2.107403771719991159e-01 2.190261790156148303e-01 2.353864130210412409e-01 2.387594611246312004e-01 7.268864203346848685e-01 4.610556011968712786e-01 7.973692739065052493e-01 3.502102909907776063e-01 6.370540768590304825e-01 6.886076264440518235e-01 8.516413250574860205e-01 2.722734707615980243e-01 9.140438564804680421e-01
6.155730936902203965e-02 4.300466887748479738e-01 7.463673158786662265e-01 5.154405586165551334e-01 2.443347084614483355e-01 2.694247361549269026e-01 9.397038506439826522e-01 2.548293034979748350e-01 7.728563011553789552e-01 8.957045609511958828e-01 3.374042889139557966e-01 8.760584183866554353e-01 1.155435699517876058e-01 7.472632342896856628e-01
4.316298371496191111e-01 6.552656689521800804e-01 5.633392863209846224e-01 8.622542738913452354e-01 1.834286769956243734e-01 3.510460148567703387e-01 3.065793080107206414e-01 6.720421857558664946e-01 6.787345241498110582e-02 1.240620576356640248e-01 9.446012512720181054e-01 7.766935048879812786e-01 6.474564610125664865e-01 8.444930800036805074e-01
2.310341084213933804e-01 2.176991159124738173e-01 9.335592362011775336e-01 6.201364645342266613e-01 4.369405760950584305e-02 2.204141807450157309e-01 7.688579886995643431e-01 9.428210512726689085e-01 6.359790419910793524e-01 5.073715486587236922e-01 8.318481373011297197e-01 1.308981003914552188e-01 8.259228622574632528e-01 2.868053674058177460e-01
4.293579793499843200e-01 3.960611716140827188e-02 4.218647732796069194e-01 1.616868674565560271e-01 5.336552620937480285e-01 8.648008496835533077e-01 2.872317748215177380e-01 3.970184894158675926e-01 3.175797245960558790e-01 2.488065997047599343e-01 9.158264062712443421e-01 8.337377682010835844e-01 4.876529588857906328e-01 8.737377856805674803e-01
5.431043382160608557e-01 4.124111287994385311e-01 2.375126597485144320e-02 8.404273576013865377e-02 1.659214025121842351e-01 1.751680791447224328e-01 7.939118022291963284e-01 5.312750467164026880e-01 2.509142467971148260e-02 2.631181318645875455e-01 7.474986641501797369e-01 4.794744459624873389e-01 9.523682792832561805e-01 7.908614785378367262e-01
6.596684798377030479e-01 6.327210423023421626e-02 7.711349078697963266e-01 1.140309247986017738e-01 7.608432371752011925e-01 6.322326948637879696e-06 3.594828144980956042e-01 7.064722915081341759e-01 5.597428097769135968e-01 2.696446428154608554e-02 9.370556129258362787e-01 1.752423863706285001e-01 6.964433601320139111e-01 5.438653020851647035e-02
1.438933006660225722e-01 1.244749315157843705e-01 2.199329914776502193e-01 1.652828159506400940e-01 5.798097518315059595e-03 5.927321609734430563e-01 3.321067641019304073e-01 8.653732720262713451e-01 5.788818335709547958e-01 4.418522916532419131e-02 8.574737999044018677e-01 8.285535052032342307e-01 9.511678633585237685e-01 1.970252873897294643e-01
3.492030075487497776e-01 1.505324301669386244e-04 1.630476715308702973e-01 1.508769532648231992e-01 9.556878490596989462e-01 3.065878775537701495e-01 6.917132858994277100e-01 9.856574047614696799e-01 2.353703565166531675e-02 8.015361138320077350e-01 8.177920994832604817e-01 7.246097929224133427e-01 7.106376833565175577e-02 3.105011866772833251e-01
8.071155296943102186e-01 7.243294653362678526e-01 8.237755226244947160e-02 3.411813077177862086e-01 6.391600634217753374e-02 8.737822243667969779e-02 5.937941877154521153e-01 7.893862787810927983e-01 4.344601187179875090e-02 5.754702884954158160e-01 5.090704198483468890e-01 7.835651960151506223e-01 6.044291658892725350e-01 5.980894858609452358e-01
7.147880201930435495e-01 1.324712612185786620e-01 7.484371725280929422e-01 7.733498548033920228e-01 8.034589145375947705e-02 3.096615506087163627e-01 6.192682283169571589e-01 6.952822387382036062e-01 6.543789909308229680e-01 4.485856526534153232e-01 1.115757741730258878e-01 1.641556763071977398e-01 2.037140299505566521e-01 7.408404710190698017e-01
9.945037889561612054e-01 3.386262823931718291e-02 8.724300432812492900e-01 9.931249817962090054e-01 3.019651913016253575e-01 3.038036897834016647e-01 9.830119948231461624e-01 3.655403828433990698e-01 5.119228086157199265e-01 7.701694111374082219e-01 8.920681455814298833e-01 5.173938962239011952e-01 9.436314922124561244e-01 2.485715949208028297e-01
3.781775916146964400e-01 3.761500745679403623e-01 6.584889019232000873e-01 9.119405570257761440e-01 3.330178219926646088e-01 3.324641220227025906e-01 1.156495539842405940e-01 2.107757785617804247e-01 2.673657834869055394e-01 7.940133948154942667e-01 2.444251557288735777e-01 9.991609673229555622e-01 3.917824714735643754e-01 9.532635204494992465e-01
2.895941252100892038e-01 3.550313483388152225e-01 5.783751768076010880e-01 2.657507191714970629e-01 5.214445378230492256e-02 5.701242549659260028e-01 3.084279162518547279e-01 1.195298320634941014e-02 5.254474021460735500e-01 1.805361151213358273e-02 2.227400784003216172e-01 8.710113827184727819e-01 7.459774523940451152e-01 1.085192046059724191e-01
2.607902641925623488e-01 1.566976304852305546e-01 3.626825394136748981e-01 8.369126558520836312e-01 1.447956272999376681e-01 3.866902842595232315e-02 7.581494708370775104e-01 3.806000395171967865e-01 6.311489575111584038e-01 5.776775276938328485e-02 2.543683384648514068e-01 5.057596509372644933e-01 5.017182280150108697e-01 4.341942444307158588e-01
3.123271908082844162e-01 5.005496223146702617e-01 5.941213864481602602e-01 2.121863924576917748e-01 2.713230234374277572e-01 4.501260112959116766e-01 8.106634171146397394e-01 3.260003563573934393e-01 1.931639751907341385e-01 5.181244812186409643e-01 7.408250594142954393e-01 2.768948642839499374e-01 9.400780862975125496e-01 7.358919667704780787e-01
4.406102660444475294e-01 8.485394850075070883e-01 2.270786421679354961e-01 5.438021578652236787e-01 9.340104900225046913e-01 3.030614308201554641e-01 5.167844293814363166e-01 1.449018863910984667e-01 7.143870891786024968e-01 5.115438428740819443e-01 1.447110815892646007e-01 5.242252652886713049e-01 5.296249385043716451e-01 4.643621014535723734e-01
7.755369499737810868e-01 5.098270567600465819e-01 9.381301310674275973e-01 2.862255798274738749e-01 9.272700188445527347e-01 6.349269204821313961e-01 2.992487245943276086e-01 1.060936853409505387e-01 4.521713777334612772e-01 9.411053113541121284e-01 7.505981558202301507e-02 4.626023113232154982e-01 4.584288580456596929e-02 6.994182310424829074e-01
5.423999315438317037e-01 3.218499649797984530e-01 3.610481160967112801e-01 3.360078309332925617e-02 1.035091185671874747e-01 4.408256297236545773e-02 4.966458848057601072e-01 6.060138036701449016e-01 9.879882551560240644e-01 3.957447963474134411e-01 4.239541706801455145e-01 5.228360884111377116e-01 6.929447537297059867e-01 9.198915281871221650e-01
8.530611681644318933e-01 9.060704093660649772e-01 6.793630079917842846e-01 3.760686660703119744e-01 2.493069364235576124e-01 2.702989099853828625e-01 9.305529121320976760e-01 3.303741236637972589e-01 9.967625263609836139e-02 5.123587149156327847e-02 8.309631562594549381e-01 7.199705401777777292e-01 2.921727999363434858e-01 9.401764327246164843e-02
7.935843615016300312e-01 3.297067475846918727e-01 9.363399156247548261e-01 6.398715379169781503e-01 5.879027946829057383e-01 3.825593068243969830e-01 9.663766231714608912e-01 5.579246491066145452e-01 9.177764579942915280e-01 4.333948677783308057e-01 8.105051569271191081e-01 3.679855336059612014e-02 1.500265986867305168e-01 6.953613689563696854e-01
2.935726511596898902e-01 4.054874069971913242e-01 5.269515478805413267e-01 2.425932102416816782e-02 1.236603729125566042e-01 5.981770153160874681e-01 3.473690208617221664e-01 7.633220334820245423e-01 4.360983110187938161e-01 8.294427261311122512e-01 2.909201084814029281e-01 1.562928384640993595e-01 4.003344484106480250e-01 3.366066884436054174e-01
6.893446712317511382e-01 1.001540884434511947e-01 7.596721905431974564e-01 8.594625213176783074e-01 4.194251964051018966e-01 3.826993950260669797e-01 4.977701743665350342e-01 3.491629902224827608e-01 3.360414869167371865e-01 8.142304982490301546e-01 1.403768449784246197e-01 2.534584530802063140e-01 7.226552657014940761e-01 1.499396312169835044e-01
2.852997119135859405e-01 1.563383893644421097e-01 2.965453782426006324e-01 8.591794441553149975e-01 4.290970523391347546e-01 9.672604835080206298e-01 1.015863632626298196e-01 5.303789203037049260e-01 4.332006973037582087e-01 9.378529651996811989e-01 1.851381436778221090e-01 3.771836899962469625e-01 1.930747145705152823e-01 6.849567581087386836e-01
7.927092494293914715e-01 2.613767733589347220e-01 2.695365678506396190e-01 9.490786279844398710e-01 8.919237611535452137e-01 5.120593752631946716e-01 6.421708183225409705e-01 4.600505927131474104e-01 8.168866261114228200e-01 9.384974444636806634e-01 6.312180067252010085e-01 1.126728053864562984e-01 1.596326819244677786e-01 9.387326191112708162e-01
5.923671680947829588e-01 6.632641580440480356e-01 9.534446935394558231e-01 9.308755111511931579e-01 6.211064328136587376e-01 3.730944648380071227e-01 5.050875041457469905e-02 4.315520825323894138e-01 7.222610536503782930e-01 8.073184964491677551e-01 7.206137748637256868e-01 6.708924004336407343e-01 5.901041319906132898e-01 8.969737829273340957e-01
3.488694531991721748e-01 2.460739996061371837e-01 4.471073865619821230e-01 9.809724950361283780e-01 6.763377757173296700e-01 8.067594524746882767e-01 6.109637935134449860e-01 9.670979843613471960e-01 2.751478937503615274e-01 7.023583864872323668e-01 1.190989288261753432e-01 8.479808918604525569e-01 4.697541487365525237e-01 3.836992412848651002e-01
8.701663778349149059e-01 2.772693474382392775e-01 9.584439349199200819e-01 2.594454380267726679e-01 5.452590347045482844e-02 2.054821126686765531e-01 3.440301591562853201e-01 9.864689486601223578e-01 8.617418741168619833e-01 8.699530362204321854e-01 1.552900072988213642e-01 8.854215808278569355e-01 7.878405084662218893e-01 9.417818084739735252e-01
4.043926907621491207e-01 5.611117826818206034e-01 1.827574324121532534e-01 5.673227312936471867e-01 9.858260422272063783e-01 2.784920940345951834e-01 5.646006381058619183e-01 7.291900529977844991e-01 2.062581130543328367e-01 6.798403149620745323e-01 6.738769046894729220e-01 4.356234837810528671e-01 9.516960602341471009e-01 1.865157458530773971e-01
2.055705937786067583e-02 6.776333409462002022e-01 5.402878644998283519e-01 5.695786674632841162e-02 8.085111847067996127e-01 8.384195544742889528e-02 7.098316654929150982e-01 1.017570971907355570e-01 6.478463317652558562e-01 1.770438136699947762e-02 1.749010668579137340e-01 4.923336868368307639e-01 3.116505653422848576e-01 5.622514197909506128e-01
6.399085078136493854e-01 2.035488425441889238e-02 4.072039663086378658e-01 7.998607971700595343e-01 7.905740179558996550e-01 7.004070295025434101e-01 5.527359698576890246e-01 6.727912173984451627e-02 8.723158037120132269e-01 8.003827439543564903e-01 2.094865967084860170e-01 4.899231879696674952e-01 9.089614472778111409e-01 4.582792481261773743e-01
4.327797189750092199e-01 8.565286145139776597e-01 5.478818531500200262e-01 4.626773715409747689e-01 1.593818580005674779e-01 6.033435668893794013e-01 5.982616702974075107e-02 8.714440075706070266e-01 1.179900533407080010e-01 4.358273715287387384e-01 1.489161477479384876e-01 3.995767572808860413e-01 4.301339557157912719e-01 7.139093665651116138e-01
6.893109411192281932e-01 4.309389174035196390e-01 5.564084660056008991e-01 5.960371454890156517e-01 9.448425961239675930e-01 4.082104195412655789e-01 3.883384004739909301e-01 2.219228819911702733e-01 8.924260701418834651e-01 8.538684627164887520e-01 7.637963421431482880e-01 1.026925494763956115e-01 6.688379547105597345e-01 1.169370436890446729e-01
2.231450534889896087e-01 8.876169145465515609e-01 3.666609578466255570e-01 3.015249017237722207e-01 5.424692689318364458e-01 7.726625299535374580e-01 3.042956512422365645e-01 4.512562728910958221e-01 3.097673228989741290e-01 5.350215841634214931e-01 1.265846654811751959e-01 3.109643213456495525e-01 3.047264901235967605e-01 1.985195011755425121e-03
4.600659135658027310e-01 2.803191758397095557e-01 6.842039203185709129e-01 2.129670882720663405e-01 7.504978769721620813e-01 2.306193882877733969e-01 9.495211913292830319e-01 8.219845202145905638e-01 9.381663494891606669e-01 6.579714545166204243e-02 5.839303364996438761e-01 3.449751055233707397e-03 6.894283097677261773e-01 7.474535175424081856e-01
3.891414019082773956e-01 4.012313069255072362e-01 6.783181002682936445e-02 9.305979537415915992e-01 8.553458474014853374e-01 8.032204704336992629e-01 6.507086354616364865e-01 1.681642321299869902e-01 1.607483527387004729e-01 6.629354554018862533e-02 3.342135151534560977e-01 6.847126205751309369e-01 7.498274026349396326e-01 9.778978039597066019e-01
3.625860067660688912e-01 2.821136572797455777e-02 8.232686905351154216e-01 9.297312167533000604e-01 4.669436072542879623e-01 6.935082088995784266e-01 2.278912330401557940e-01 5.547031291832569266e-01 6.998424138477176148e-01 8.492204294571764622e-01 5.486786134273167193e-01 7.846797828596405733e-01 3.133592523368468052e-01 1.186136239488715383e-01
8.212350773218290989e-01 5.322239397887770229e-01 7.141398724474700144e-01 1.245268767845808533e-03 2.905622934349952891e-01 5.357297100943786416e-01 6.270629064897526028e-02 7.114787518135622379e-01 2.025809626850547662e-01 5.569837775944211922e-01 2.012377343924209860e-01 5.525693719421563843e-01 3.098652609039704853e-01 6.146533451292757189e-01
2.066733060982531844e-01 2.556836386612382217e-01 7.637235555098685902e-01 3.251890157193836339e-01 5.877099914619833276e-01 8.415280299850236290e-02 4.367613636501956886e-01 7.816819784522501813e-01 6.855715279306718868e-01 7.390615472222702431e-01 5.282064964698558462e-01 6.669246037598322019e-01 2.730590887440186298e-01 7.112452955338612881e-01
3.909677399209032789e-02 3.362775275903818750e-01 4.847771602689691095e-01 2.882100880859329584e-01 5.186303724111581692e-01 8.140474684080285517e-01 5.638591522229412512e-01 8.068422495868831090e-01 5.614280154781486898e-01 2.709303491887757875e-01 8.082784894562575762e-01 1.352044023836113107e-01 8.665054288048821274e-01 9.031509062071745308e-01
3.761719163703873825e-01 7.009472886183990559e-01 7.105345691963304011e-01 8.649854405070555030e-01 9.152879534864569733e-01 5.833755796026591778e-01 6.454273489497496241e-01 2.929168626773163142e-01 5.545473376788229158e-01 1.948537045615282848e-01 6.686792357320419100e-01 9.525330710272051915e-01 3.401377680547549298e-01 7.664619703966146780e-01
6.412678794394944815e-01 3.724956743114065105e-01 1.088828691080054867e-01 4.455490049320939283e-01 4.575792399427898172e-01 4.241305950767156885e-01 3.375326955055331091e-01 7.160390872310651300e-01 4.405752622425701537e-01 1.895755777523439045e-01 4.871061510608810652e-01 7.662372626060572900e-01 7.478523804963280730e-01 7.168385388394957758e-01
2.508213740372575717e-01 1.874145401574265346e-01 7.277164215687179638e-01 2.962636300246443977e-01 7.024385300207869332e-01 5.006470791527647402e-01 6.396342326098767295e-01 6.586774091144795840e-01 7.973291287592231269e-01 9.606309335155105433e-02 8.066320809751227339e-01 4.916759377979047496e-01 9.727625837842041046e-01 5.385543119529856426e-01
1.654037739162235177e-01 1.760882562997911904e-01 9.999319431773118216e-01 2.569214099686579766e-01 3.887843716968932828e-01 4.245145347481352749e-01 8.080826060956800561e-01 5.257655141192126846e-01 6.881419405324377125e-01 5.926749109156794759e-01 7.659510346739023534e-01 1.760915526989221824e-01 1.585936653732966661e-04 3.274016493320197618e-01
7.661239303038147597e-02 4.463505173395924119e-01 2.245364052912542929e-01 3.749670404727160067e-01 8.045210614249124204e-01 3.348013588460545531e-01 9.727636188676576090e-01 7.470547949376771246e-02 9.068364804076723962e-01 5.017458328572911297e-01 7.524475846246221344e-01 8.840366571244073768e-01 2.967794930560392341e-01 8.394939689588123422e-01
1.201935632365693785e-01 5.249601156263095092e-02 3.953986216836361534e-01 4.762126999247123793e-01 3.394662730789462790e-01 6.068791262469948045e-01 8.191040453667329801e-01 3.310273058047052963e-02 6.023059106172731214e-01 3.267937088917878263e-01 1.070884205119856381e-01 9.463535480720592918e-01 5.389130280608535051e-01 2.745555700799119370e-01
4.472237627221221645e-01 9.540761048664433419e-01 4.473532181558523835e-01 1.651838755099350742e-01 8.719216577081093655e-01 3.995247003686870357e-01 8.335856001121061398e-01 7.488570665359861600e-02 9.240247542198455344e-01 5.115634260176118442e-01 5.638835794205331320e-01 1.037592582865305424e-01 9.173336121081943073e-02 5.654243230616329274e-02
8.577159899608692850e-01 4.029631091826384459e-01 1.026026487496174422e-01 7.410817039199234513e-01 2.330674568025772331e-01 9.769228121156683375e-01 6.037524255203050583e-01 9.833574917033629514e-01 6.608390598040755348e-01 9.598358630569439054e-01 3.366998424982925453e-02 5.373858065195142864e-01 4.456166941970968187e-01 7.461815927322728026e-01
1.050545625043035614e-01 7.694601950973912752e-01 2.082325536776963304e-01 6.167603823843946786e-01 1.226332502842001348e-01 3.108919858387777513e-01 3.524638501832215720e-01 2.309724786780280592e-01 5.318755243312422998e-01 8.332991409523656801e-01 8.136534649251834228e-01 9.878305692632625146e-01 2.976460863175057758e-01 6.329252004230243589e-01
1.816371926483538735e-01 6.174510401987044483e-01 9.673511562984185019e-01 2.469132504503747105e-01 9.637508506048982904e-01 7.988844282748266412e-01 6.950536410170460311e-01 8.616390538123169796e-01 4.579080337056651295e-01 7.346094625035595183e-01 3.263125661371487629e-01 9.894370260912788151e-02 4.326432766360366333e-01 3.292598968648695612e-01
6.349763134862413949e-01 3.757369273230470874e-01 3.718986085575790579e-01 6.242004870078231571e-01 6.606542241218842371e-01 4.035279036105563488e-01 5.508762753728990713e-02 2.519000632180296018e-01 1.913066993388596870e-01 6.743432984091990434e-01 5.477143733728769837e-01 5.584647238759592458e-01 9.574387209079904260e-01 1.090405061653425545e-01
1.380500892603140350e-01 5.968170977998987770e-01 5.885752458515272068e-01 9.089999676740057044e-02 3.670111999167023908e-01 8.262211810736930229e-02 5.326686987733436629e-01 7.078308287268858523e-01 5.645933572925074806e-01 6.208643051508903055e-01 7.835012489963417703e-01 4.175205811265964018e-01 4.498055672636158686e-02 3.369742570164462325e-01
9.060228798595936217e-01 3.569060028596187095e-01 8.616012253414552235e-01 3.631505278949526128e-01 4.397364288244319797e-01 4.302124965759694941e-01 7.633903989980636018e-01 5.893727462264241046e-01 7.652420694481461005e-01 3.998507546089152820e-01 9.130279776189679231e-01 5.643149605270950664e-01 9.902986556267431295e-01 5.095728004253119447e-02
9.759158253193733756e-01 6.473247838735195492e-01 7.149094820144595852e-01 5.786063075934844147e-02 6.550761107874041311e-01 3.905860684096592594e-01 3.054101636378294682e-01 6.797162678528900770e-01 5.265301738777848906e-01 3.297190346630290980e-01 4.931403778605214505e-01 6.311730206809679222e-01 9.049685937670581826e-02 3.124148489239272353e-01
6.810447288685445022e-01 6.791444917359611422e-01 1.930330870937962962e-01 3.220784047559910324e-02 2.737746095092954413e-01 8.484014273958575547e-01 9.228881932756417550e-01 7.163191212629672622e-01 9.061061351949687426e-01 4.969901666728940848e-01 4.601087973764945716e-01 1.129161862297834995e-01 4.915451306680834742e-01 1.996891877227191525e-02
7.786572043024853063e-01 7.654776397871374538e-01 7.144179395079273132e-01 2.649976660749143731e-01 7.332135354113182846e-01 3.353412341272700159e-01 2.493859197841507003e-01 1.733647100494223325e-01 9.580174898745361656e-01 2.043995941264018512e-01 3.105409729628944016e-01 2.473929743913294566e-01 7.458357323703616037e-01 4.380800810396444644e-01
3.092554584513265148e-01 6.746839176775943914e-01 4.946781678124201331e-01 6.861770653586070079e-01 2.172134809032268965e-01 6.267646812127128930e-01 7.963592448301852755e-01 7.198497567420180099e-01 3.050295970527154843e-01 4.997809021782692041e-01 3.023206836756540117e-01 5.299038081217133378e-02 8.243794384397344910e-01 7.985543553814475892e-01
4.882171167234735654e-01 6.056499876910425018e-01 2.112493197280493895e-01 1.740290624197269320e-01 7.084860146790580293e-01 4.810803486668611129e-01 9.040918958701154029e-01 7.065719977420128473e-01 7.785598304161678307e-02 6.920835477357968335e-01 8.671079507539953823e-01 1.067934361059226234e-01 9.867760975841493032e-01 5.510536098308138619e-02
2.057615687583397301e-01 5.394846655313925154e-01 8.823280015925952791e-01 8.325330365014049772e-01 8.088635507977374184e-01 6.228579175771543630e-01 7.987279811670935370e-01 8.911026060736711996e-01 8.087293853639277996e-01 3.759551578462025923e-01 8.427884883654085391e-01 6.650481151066187646e-01 1.940425924213960984e-01 9.989696763831574788e-01
5.100492634662353586e-01 2.830844811510542236e-01 7.539306237749761053e-01 5.832117276804886785e-01 3.306123126971561854e-01 6.448537966820044876e-02 8.148112688842771290e-01 1.864429372602666168e-01 8.876090166681798177e-01 3.606174942551646501e-01 4.783413563481835329e-01 8.399476249239368197e-01 5.623972329055338948e-01 7.694848962061370257e-01
5.655190115752819491e-01 5.077937527165836684e-01 8.483098893304971133e-01 4.095557954932573796e-01 1.223981525100571455e-01 6.660680659516263757e-01 3.386507281527044722e-01 7.724112326677062823e-01 5.454944163313171224e-01 7.459862300795779833e-01 7.084726109776262604e-01 7.051796744077469814e-01 3.535698169277214920e-01 7.919862418646055335e-01
1.524480560628560522e-01 6.218913180712437594e-02 9.330552293235594430e-02 2.367509774334218831e-01 6.702110027840363360e-01 5.887786935311629666e-01 7.047293971241355148e-01 4.265618524163707903e-01 4.172859246512751197e-01 7.956849630384031924e-01 4.648464987669095327e-01 6.337864017620689072e-01 8.259787509796295835e-01 8.541554187633962902e-01
1.319687127598474508e-01 5.091418143057245826e-01 8.630066206163111708e-02 3.323067283749253642e-01 4.379953781284917635e-01 6.604849851477017086e-01 7.628909778071574221e-01 9.464520920704528884e-01 2.362317799288439213e-01 4.038809345380434124e-02 8.823527839934455219e-01 4.409322992720454693e-02 7.223989101433112570e-01 7.396048626378578517e-01
4.780328653177378095e-01 1.830315823181296597e-01 1.498731304348444038e-02 3.043354959159922934e-01 4.836641742134893951e-01 5.932877950359172203e-01 8.043034532469250930e-01 5.992544889920933260e-01 5.236393036976605408e-02 6.988157062217414950e-02 4.826081643771975571e-01 5.629934171711962199e-01 2.258056798239046481e-01 2.020908529167102508e-01
2.288544199755842001e-01 3.677202368272244337e-01 3.137363014742187151e-01 5.907230655801694041e-01 1.041904244368319077e-02 9.813821179020409957e-02 9.293997739189820972e-01 7.309915121430047291e-01 5.966541455160219165e-01 5.563710182344339117e-01 5.244347620435667601e-01 4.323298375486339662e-01 9.580805008800585831e-01 9.283420643609641143e-01
1.348281109799309707e-02 6.555473700059395448e-01 1.069635469562681962e-01 8.546073071948534494e-02 6.419896142070469214e-02 5.971993996855670117e-01 6.503156591864387437e-01 1.065361813527120338e-01 4.071519820653074495e-01 6.770185674493792716e-01 1.683074238179547155e-01 1.784549525721671470e-01 7.203951301876576618e-02 9.237801013867976696e-01
8.755403896523112905e-01 8.744332403469065040e-01 7.804468921306075835e-01 1.786084382556055727e-01 8.812712922015175643e-02 6.750188154271086205e-01 4.253387662254966006e-01 2.337062931327233972e-01 4.115822516786125096e-01 9.005391526509054501e-02 3.412014921269971301e-01 8.504082466149014419e-01 6.191399568758060301e-01 5.611369494160654003e-01
7.395661027842470592e-02 7.528653214625357082e-01 9.470667818697735552e-01 6.121643466280074497e-01 2.964415487827142259e-01 7.413322284271324225e-01 8.212861670976085993e-01 8.669473317184416272e-01 7.810119054674444783e-01 9.235525725065918401e-02 2.427986067070140308e-01 9.733376310976984414e-01 6.626575991367205098e-01 3.203250873353225003e-02
3.443957456564264996e-01 7.173944376971790327e-01 2.907636191215745569e-01 8.330653739688160808e-01 9.157531118136930104e-02 2.194715007485820157e-01 4.417149859636617659e-01 5.991639020497663282e-01 5.522981769439075928e-01 1.781489015419916999e-01 3.886366866000069420e-01 4.694533578542293695e-01 7.448612055370017471e-01 4.156207902900779239e-01
4.154151928055263010e-01 5.028413113463211515e-01 5.152687446941423000e-01 4.777273725504405100e-01 5.557409567214700585e-01 5.395685995822568914e-01 5.559867700708233107e-01 2.123633920208188863e-01 6.219898188208228262e-01 5.530743458946736357e-01 9.464685389189310127e-01 2.169291417078333950e-02 5.545385643122513475e-02 8.098618162736996862e-01
7.506082162603554542e-01 4.689255159741939627e-01 1.010048257153457474e-01 6.094956888328223465e-01 4.816191334466958240e-01 1.915186676653386488e-01 7.777396005250513111e-01 3.217121609873209165e-01 6.743300942167754775e-01 9.621437994578750930e-01 5.696630229923639321e-01 6.868249688760005300e-01 7.986934194438037871e-01 7.173169791384085281e-01
5.999431276607339880e-01 7.225968079994385951e-01 7.992919170306176380e-01 5.727511408837573370e-01 7.693675720316196509e-01 3.663380689214904562e-01 1.474897293028080147e-01 8.485522816733606088e-01 1.172407414163514350e-01 9.977233606347779560e-01 8.654381286356411795e-01 5.615149379005186514e-01 2.234460247731211435e-01 7.458754316460185496e-01
9.520607289936795503e-01 6.602948295060130368e-01 5.831856175726212177e-01 6.176408673236668534e-01 5.759351925831774910e-01 2.156682885582243969e-01 5.467679173884820720e-02 8.965778807881178425e-01 5.324389564182450130e-01 2.980235779843284361e-01 2.664745653909893486e-01 5.411386913429608869e-01 3.588621030094056863e-01 6.439609801546879453e-01
4.393091568588398665e-01 2.538127960884348777e-01 6.166361059538177924e-01 3.398224792686392881e-01 4.735759056152202273e-01 1.953725297053898746e-01 6.053741356528279383e-01 4.113300578618165337e-01 2.704002093860102818e-02 7.233052713797578637e-01 9.507914102918746391e-01 8.799822922795279556e-01 5.860672740807313374e-01 3.222542494519794465e-01
9.076327548064375694e-01 8.880772143760923276e-01 6.950426210277380612e-01 7.529024937803343587e-01 6.813372412284912638e-02 1.033411252739697694e-01 4.832371831730619682e-01 7.475652232715164214e-01 2.235646686910887082e-01 3.265095389076554389e-01 2.305009756648166430e-01 4.082302583319477041e-01 7.392467537516215215e-01 1.504990433479016509e-01
2.993452158356566528e-01 3.447006751362521326e-01 8.325861764987874114e-01 3.464746135887015743e-01 2.069288447775837758e-01 1.694420476921839613e-01 6.206195314778957250e-01 2.819325968257995196e-01 1.044096677020220909e-01 8.555801283453442485e-01 5.002987556524602919e-01 3.741735093480480501e-02 3.659939889792335199e-01 8.261842639760000884e-01
8.076052710995500483e-01 4.148486001422649894e-01 8.410334758124448085e-01 8.458792007423152626e-01 1.024873225407925137e-01 5.300026951252349017e-01 4.638145728720826089e-01 3.939095371058782824e-01 7.159566085394356572e-01 9.731801305234911714e-01 9.897514418494250954e-01 6.242219726262543400e-02 7.058786965117851420e-01 3.898812168571779146e-01
4.087583251327974176e-01 3.302703568384932620e-01 2.545048742080210369e-01 7.909075952258083353e-01 6.345257052368941109e-01 9.160239917782061481e-01 9.750813796651864873e-01 9.530663965891322809e-01 4.019414840809701905e-01 4.682924398588768078e-01 9.861406519582349706e-02 9.775183422549155177e-01 9.260881791873176727e-01 3.144941041732973730e-01
3.287127399121041460e-01 6.665937522039632190e-01 9.140774363559547311e-01 8.339077874554982062e-01 4.046967879311321736e-01 2.009539402044262513e-01 7.683131743479454379e-01 1.942920583318541450e-02 3.843588446840456863e-01 6.596853892768587135e-01 1.231698072306346425e-01 3.321386579759434410e-01 7.010466675388173918e-01 7.786930342303490793e-01
4.123013416129479580e-01 1.315252213456692409e-01 6.844862830675664256e-01 9.540010107895309233e-01 5.268725621623341349e-01 4.881470359841109108e-01 2.459670715188562173e-01 2.241757084144699874e-01 9.981036455282558117e-01 8.177125838256191770e-01 5.068478405272340837e-01 8.830869507337041346e-01 1.052540869908502597e-01 8.656497925910970892e-01
2.443473824597598432e-01 1.185419745168168060e-01 3.432509389348534778e-01 4.424237110269305662e-01 9.867151615450898694e-01 7.159165727963519021e-01 9.664315956599448532e-01 3.488854840695627679e-01 4.512655674940092565e-01 6.684915550584233923e-01 9.053976098209998158e-01 6.042349747961966999e-01 2.875791463323222885e-01 6.798180946804348590e-01
6.675150395769332556e-01 9.355805143727867756e-01 4.384392717288683183e-01 2.965186976456624102e-02 9.688761157830222404e-01 4.535289835966510585e-01 6.421461796696407154e-01 9.154263181380908332e-01 3.142700325148855001e-01 3.321661626119638555e-01 1.657618912428249214e-02 2.004281782932748612e-02 8.135100857352784987e-01 4.128508556963437215e-01
2.963635327794603702e-01 5.157337103271382173e-01 1.824142249985101216e-01 4.042483728501934381e-01 1.275398613552233273e-01 1.419664296842404472e-02 2.206024476023630276e-01 6.684633287921335487e-01 5.852062361513297173e-01 4.303260855664211570e-01 4.353225855010233181e-01 4.098840171927897735e-02 9.354040065850159902e-01 6.038855914450882434e-01
6.126188610826766023e-01 5.673653832256524421e-01 9.710637023881149021e-01 6.343972260152922482e-01 3.926939922847855202e-01 4.432358462531649224e-04 4.505185340697307472e-01 7.890767296352974025e-01 6.070202710492816900e-01 5.584761079380872184e-01 1.261810453379835772e-01 6.406108446544617196e-01 2.086760845245448914e-01 9.916037445127712235e-02
5.446224630818102819e-01 2.232948177740645690e-02 5.001076254193363990e-01 2.596715062437757737e-01 3.535870793208194529e-01 3.797400941134737584e-01 2.427317211609159031e-03 9.009080570296049695e-01 1.780854920506487193e-01 7.628011691135417882e-01 2.568254778337041300e-01 8.984801112827167646e-02 1.571265131252688185e-01 3.393986571584215461e-01
3.501959299049974828e-01 5.130206398153925873e-01 8.459705906488592664e-01 7.722763290754253163e-01 9.965464472089722303e-01 7.539820761855854370e-01 4.069621089442618800e-01 7.927706122456678051e-01 6.472363880417200122e-01 7.279146723478168157e-01 5.060434964528475188e-01 8.930291642334724500e-01 8.431575710034844295e-01 3.297325441932830170e-01
6.376883724164674749e-01 3.783461927073797915e-01 1.768635018661915970e-01 4.878283304552718525e-01 7.621025864937868155e-01 5.499541938923836470e-01 1.397923923688215719e-01 1.124471457113249695e-01 5.125946607568089286e-01 2.658538180681454532e-01 5.775941909324622259e-02 2.529617389748599621e-01 3.500266944894869781e-02 9.832226326082643686e-01
8.478524691209077258e-01 3.036485164114046675e-01 1.421007187654088622e-02 3.200554412111984437e-01 1.442910831653110293e-02 9.980850403002369253e-01 2.507870384622109539e-01 2.087264821943332072e-01 4.668248088591073763e-01 4.895955105525673368e-02 6.559034314881779792e-01 3.997665530092342490e-02 8.288497545905557651e-01 7.625273883033844013e-01
5.361179782561666940e-01 3.393339711534359981e-02 3.046759818469982894e-01 1.586983368347278933e-01 6.672449039248021796e-01 4.040421849145414690e-01 3.316794281275348144e-02 5.682613731670047574e-01 9.965436850443569750e-01 7.930602522811658339e-01 1.901090969430081490e-01 1.966339712436846465e-01 9.042592552528813110e-01 5.841919447606647164e-01
5.883518900808950569e-01 4.865057632189354608e-01 9.341160556258839565e-01 2.993933831606887530e-01 8.489847333020620335e-01 6.664041107441601719e-01 2.508011744400709953e-01 3.989179389862185232e-02 8.660674988248322492e-01 4.676983630539810477e-03 7.529417607974413507e-01 8.795963448905464999e-01 5.126572267015171436e-01 5.899978850648268658e-02
