9.631518003675546558e-01 6.638341527800072361e-01 1.000934755126559050e-01 3.642124152786064828e-01 4.308030206547711627e-01 9.291219618464617858e-01 5.786441878776732439e-01 6.029352969269049511e-01 1.744700616559047290e-02 6.548524320721758052e-01 3.598852066638887903e-01 8.166650251976952379e-01 3.689314934650514965e-01 8.292053792265396961e-02
1.862714026597611650e-01 8.300733762047027842e-01 8.958618856610187642e-01 1.990579136750495470e-01 2.853042193877635135e-01 9.241653033150322161e-01 6.647338216205050943e-01 7.989862565858585342e-02 1.152143851900119254e-01 2.332598118814492860e-01 2.463102816122416661e-01 2.737469718192266921e-01 2.150207017804031118e-01 1.800596058329153593e-01
6.197600402777327933e-01 9.551525017372792803e-01 4.674440386762587218e-01 3.119881651543043866e-02 4.206830661525052806e-01 8.114677282650125667e-01 4.416784995702857097e-01 1.150683615134380222e-01 9.771695543850037469e-01 5.400031603561492588e-01 7.856885113947829069e-01 2.552362740471589841e-01 4.523226875685586457e-01 3.189777585668079896e-01
9.916083134741557892e-01 4.287824275535843110e-01 5.211949986377385491e-01 2.027992534435509864e-01 5.404058774986197911e-02 2.275091489639916587e-01 5.944256064559571007e-01 6.742616639079904717e-01 7.978341531786128371e-01 8.359277685956157944e-01 3.110621898505206984e-01 2.053786866276762213e-01 3.093376784140626778e-01 7.910912167061437961e-01
3.950508376908650199e-01 3.683053584549722537e-01 7.030726682670402905e-01 2.888423926904015726e-02 6.427576294321579731e-02 4.220392581606543514e-01 7.930340774583344299e-01 9.493039297081760086e-01 9.459104207675343989e-01 8.852124643580713270e-01 4.862877923967090510e-01 1.940369557235885889e-01 9.453199963413883022e-02 5.775629565743140015e-01
1.234690104860799442e-01 3.112774364534378613e-01 8.455706261248449040e-01 8.149994273917915422e-02 4.900926382696952910e-01 3.083202644951555937e-01 5.351095858512859849e-01 9.248730969223017961e-01 5.552266966102846757e-01 2.784245165131186139e-01 7.138450066768878832e-01 3.746106427783597592e-01 9.123843692180861886e-01 2.489408007572235793e-01
7.295041447720351790e-02 8.238862841591041430e-01 7.681998945524262101e-01 9.046367470520718657e-01 9.790706995096090104e-01 6.857241948231508344e-01 2.521772529841753707e-01 5.516109163387202807e-01 2.598857592713031961e-01 1.938612782620282582e-01 8.484043605771846019e-01 8.087262846846257069e-01 8.067450571398389059e-01 4.255995417705759065e-01
3.206953190229121509e-01 7.934498280474302501e-01 7.504125975557558448e-01 7.617683140222148985e-01 1.792926865291974980e-01 2.096485436240576039e-01 5.279664793430410841e-01 4.103455522886734208e-01 1.181023773325332593e-01 2.326159108536421938e-01 7.924976408768483749e-01 4.802060155254249674e-01 5.099407444016301749e-01 5.574452686618373010e-01
2.954244901002283097e-01 1.034757048667366286e-01 8.511621797899576736e-01 7.488282814556890266e-01 7.733200336288889032e-01 6.336623153379556950e-01 6.657092735961667174e-01 8.860319592184752180e-01 2.904478072680521938e-01 3.650861070433025768e-01 6.331785297779928268e-01 5.202899438567666346e-01 1.376740916049292718e-01 4.706729454321912920e-01
6.232716135754995390e-01 5.616817412469065074e-01 9.248978749845552239e-01 5.437863766373263186e-01 1.207347452113841646e-01 9.003551886876022259e-01 5.580261375615698238e-01 8.891423269063214452e-02 2.633136278505299188e-02 8.920669103399589961e-01 8.905538043622373001e-01 6.071146546306105396e-02 7.998204103423235400e-01 8.152717429666864746e-01
8.686049388155263618e-01 5.381922522928188624e-01 4.382779489909123249e-01 6.403808522145106874e-01 1.374757449276722276e-01 3.157230763490472825e-01 4.878766403699972276e-01 6.499295001377000114e-01 5.947035315665256672e-01 8.350920693950328877e-01 2.273711313326682859e-01 7.152830480473555408e-01 2.694672363210361965e-01 6.654763781506380926e-01
8.419354128361083989e-01 5.107609103655377236e-01 9.096709998936096664e-01 6.521759035425789275e-02 6.187484711685533600e-01 9.438880584613005276e-01 3.718482772395759195e-02 1.869041462243633545e-01 5.976288230154347403e-01 2.986529494022595044e-01 9.222249082722759894e-01 9.876439024505082598e-01 9.740990192981990869e-02 6.921236680101375827e-01
8.806096135335765851e-01 1.134880117537617750e-01 9.277479285225276318e-02 7.152701744000968809e-01 7.607643253855267407e-02 3.329550748589777953e-01 7.582491064357529398e-01 3.957943833970678504e-02 9.095820101121783186e-01 4.725837789616615936e-02 4.421303235852017677e-01 5.793454609784827181e-01 6.458699514268639863e-01 9.407929017902871838e-02
2.894144439976341632e-01 6.365923502239265730e-01 5.035576463626783017e-01 9.546922730694078485e-01 2.314671565969897982e-01 5.457177988022009485e-01 2.491031225347262179e-01 2.370165791783911402e-01 5.407135043558484178e-01 7.692040799396689943e-01 9.548630539720793786e-01 4.231453572968524313e-02 2.098072020084460476e-01 1.539270042635708657e-01
5.864786048306331878e-01 6.321671958714067951e-01 2.524233428380097122e-01 9.060150456572867439e-01 7.535555487850904566e-01 4.030778287562634121e-01 5.050157715064514941e-01 7.315987065085123309e-01 7.888113479698839470e-01 7.148772675611250182e-01 7.688549459004079267e-02 3.459705328452261641e-01 4.959316012271088869e-01 8.000930267991540612e-01
1.180226210615360483e-01 9.397111632415847682e-01 3.261335785953763944e-01 3.142137809783792646e-01 1.125726835861823316e-01 7.156605330138990917e-01 1.670689977002959292e-01 2.249686955689922385e-01 5.521570849929604563e-01 1.763513056779814070e-01 5.195715313196296314e-01 9.393083396864789769e-01 2.890769702365492133e-02 7.567997444623789649e-01
1.197615022999820589e-01 3.631248458148171876e-01 3.382951407659740006e-01 4.389442374867985608e-01 6.038549964295252259e-01 1.417022843909687690e-01 2.203566420631514200e-01 7.997436797070723857e-01 1.005832261917256609e-01 8.482834335392808178e-01 2.198566354114814825e-01 6.657375337454075614e-01 1.118543466371968442e-01 1.596921382378274634e-01
6.708301393926965339e-01 7.520761872923641400e-01 7.847736871063333286e-01 7.847292480331724551e-02 4.851581948535905742e-01 5.513080822303204620e-01 1.644331165894574731e-01 6.124149867856064633e-01 4.555678264003009126e-01 2.151499339241416120e-01 3.636426256230773646e-02 6.272431197862760044e-02 8.679270353615448075e-01 5.567520163192324345e-01
4.757935824657681945e-01 8.151059974386922757e-01 9.167853446183212851e-01 2.535517718219529870e-01 9.858119401902191159e-01 7.570184558766798189e-01 7.981762372344326506e-01 9.258101223680895719e-01 3.898762582975621171e-01 5.138447417698882580e-01 4.566686233833322506e-01 1.698297282055898361e-01 3.692126125749003451e-01 1.852010262120055151e-01
5.562131480933887318e-01 9.791311102991667736e-01 4.252107831834803786e-01 1.048228745973428522e-01 8.682916157000155621e-01 7.681398043823863819e-01 4.010690341606300002e-01 9.680576284061940262e-01 3.240921085407546531e-01 9.463384783434899417e-01 4.120296158338055958e-01 1.865365158226792719e-01 6.495921148062936412e-01 7.296300231934618186e-01
3.004328643672635746e-01 7.908141845650240587e-01 7.557614064320367087e-01 4.665564722713683166e-01 3.496188410503956456e-01 6.478661715319412595e-01 4.971446668287060611e-01 3.058883239652193664e-01 6.637117684599254108e-01 4.536034788140705931e-01 4.344218726058630686e-01 2.040419878189667635e-01 3.239277443161651115e-01 1.151218730570563453e-01
3.014034175005392280e-01 5.377302926433149555e-01 2.174550311374824352e-01 9.714886706478165213e-02 3.980003007752710431e-01 7.844394655376824010e-01 3.454309193190828742e-01 2.437624206495061507e-01 8.152789381965261928e-01 3.698908712173503144e-01 9.653918157542545897e-01 5.803024810431435254e-01 5.587554902703706361e-01 3.026660792896108676e-01
7.195812950410686026e-01 9.876429102990464948e-01 2.156049879071093578e-01 4.084223138435998379e-01 1.021534260579344267e-01 8.523023180306004143e-01 7.584544507529663582e-01 9.188004416314341505e-01 9.319188006455076945e-01 3.524804507501401174e-01 3.636499635905837691e-01 2.587766760409423439e-01 1.669482032481496292e-01 6.285268727159485369e-01
4.811861369903330798e-01 1.079700527112135156e-01 1.942949630959140972e-01 9.560340619629047465e-01 6.363034135571410399e-01 6.762272633845441971e-01 1.677096641894526563e-02 1.381861017522256763e-01 1.671843472638333550e-01 6.743161863470349404e-01 7.697413333438607452e-02 8.943864343496749081e-01 9.977871204013395445e-01 5.273727815281107345e-01
5.020339623580483135e-02 5.793639803090185891e-01 3.275920266525199631e-01 8.554120810998322444e-02 8.627421982172400750e-01 1.332052347022462113e-01 8.041731188688816534e-01 3.141894723040017379e-01 6.741694499446467814e-01 6.877006634537607965e-03 1.456036202419042080e-02 7.409475400105050014e-01 8.908637218944184255e-01 1.108660260916471962e-01
4.464302292775346181e-02 1.700543000270859917e-02 7.586566674978523217e-01 3.572145000425236416e-01 4.284826853192102991e-02 9.704241461005521652e-01 3.446556662077110422e-01 8.934606589117433106e-02 9.332282761156267537e-01 5.583291036612003655e-01 9.709626354577988172e-01 6.719781334424514974e-01 5.939222626190651111e-01 6.529494421372845636e-01
8.595493207204643049e-01 2.001041533737620837e-01 4.056002720480067492e-02 6.489181078402850300e-01 3.348022236829339970e-01 2.895888266336545946e-01 9.881306929002741102e-01 6.699436644087567450e-01 5.063118035328998401e-01 8.774003368215282928e-01 2.430745124023461212e-01 8.735053430009585007e-01 7.544994150924040355e-01 4.264272493734194702e-01
4.611947992843796751e-01 7.172721676034961025e-01 4.599605821532612993e-01 3.822309996976591684e-01 5.205658694023945765e-01 7.556904415019128907e-01 1.201240529632288112e-01 8.052939963590389771e-01 8.289500905785884832e-02 8.448987959530309677e-01 3.858376131476243254e-01 7.927491476326367081e-01 3.575901837953266993e-01 3.156847378552555261e-01
5.916038206614608885e-01 7.359154842227181303e-01 8.701288446638572038e-01 3.070313215312279187e-01 2.610160866662462054e-01 4.963890617442611175e-01 3.346455763674897055e-01 7.840201562245012745e-01 1.229493559638057398e-01 9.094352795161414482e-01 8.820646504906003438e-01 9.557642729658786251e-01 6.002478231794911023e-01 5.451351281217479139e-01
5.084123062337853050e-02 5.919120107625828187e-01 8.813606322909596225e-01 7.455064367500620071e-01 7.722715012664795875e-01 8.659751883662788474e-01 1.602554919535096323e-01 8.957412971319322903e-01 7.846623095369367196e-01 1.326150745737084691e-01 2.253750638065452616e-01 4.587274793418446572e-01 9.109297353228036354e-01 2.834703786659318325e-01
3.029514242168787064e-01 8.951969476372778622e-03 7.975005321629463628e-01 1.815154447901634605e-01 8.449452087389531796e-01 6.787209566026009000e-02 2.269529571775571464e-01 4.160645912784297629e-01 6.585109867946026263e-02 9.771936991570715492e-01 5.997290178337139066e-01 2.238261212994774318e-02 8.308791055268848202e-01 3.736942756225738460e-01
6.912826666270361908e-01 8.079951459039612649e-01 4.779656210898552970e-02 8.663273375253475184e-01 6.182264072493108831e-01 5.465350244294169268e-01 8.945467478131974293e-01 2.031227971205663563e-01 7.593031443176541107e-01 2.593133930407695020e-01 5.776024428706382219e-01 6.242220155694696571e-01 3.409727042853131218e-01 5.820918070911511588e-01
2.949889021330633909e-01 1.937268390251505323e-01 5.382962916892493066e-01 7.913620013522639773e-01 3.248827879583814360e-01 8.965133058182727099e-01 8.198258703497316446e-01 4.264728945136629923e-01 2.901319854281642074e-01 9.178743026934718108e-01 1.133732710306324387e-01 5.745819262671436611e-02 2.035746902448086759e-01 7.247357360944148841e-01
6.019747285963051864e-01 6.665061950085251485e-01 8.628779422886916350e-01 2.696264763821707433e-01 4.783790716162429346e-01 6.780498067179341337e-02 5.981165041894196399e-01 8.951666338859842753e-01 4.622802056067663035e-01 2.919311728749385271e-01 9.986363057711213909e-01 9.143545768629908199e-01 7.587070643365243505e-01 2.132423049536692483e-01
3.977347356226992314e-01 1.105252369999742967e-01 4.013144027554006454e-01 8.898615550884060310e-01 1.606577776552983172e-01 3.950641938072319004e-02 3.391389882054768323e-01 2.242026168950254084e-01 6.919952331100187592e-02 2.303301793441091538e-01 8.159353923759060656e-01 5.470337531582453172e-01 9.373796392351253504e-01 7.902853334842345756e-01
1.552909387353931248e-01 4.839874407083590846e-01 3.604075529608474771e-01 1.804389046002794483e-01 3.729622375376030474e-01 2.434363961767652684e-01 2.404477764768933046e-01 7.312610697124454218e-01 8.244862909708402521e-01 2.894427481870021079e-02 2.215459258495200423e-02 3.074934906984463368e-01 6.269973538014359526e-01 1.710380350311797581e-01
1.413083865998284727e-01 4.840913384249520002e-01 2.214569049607384432e-02 2.279696453249946408e-02 4.389128235016792612e-02 7.868696103843660916e-01 6.621201069413549245e-01 4.844169808276508338e-01 8.457992300141682351e-01 1.996005842537604824e-01 1.057661937791626316e-01 2.821754320277675143e-01 3.737708040229850148e-01 7.770155149273181294e-01
1.288912365463609211e-01 8.275724689883307006e-01 3.371094901135814892e-01 4.976442366212658897e-01 2.213534449662825088e-01 9.705390701984227819e-01 7.033511251509405593e-01 6.899359332407801748e-01 6.378585425851951429e-01 8.658665918668381201e-01 9.352645427678909495e-01 3.130725218417599320e-01 3.339844541413021783e-01 7.168227881041911997e-01
4.367558344278090754e-01 1.141935004832567158e-01 9.130000132604941809e-01 4.916232400818478787e-01 8.726441672636078284e-01 4.973167112820429114e-01 2.142776641390290449e-01 3.631341855440145538e-01 5.038288753781251517e-01 7.425642994136274488e-01 4.301577713629191058e-01 3.022133297905083005e-02 4.206000611219116170e-01 5.348196377591160067e-01
7.162503626767044995e-01 7.381848643713670999e-01 5.726440668520046406e-01 3.027552145716200238e-01 7.032951329935336338e-01 1.356054660474487195e-01 4.311196163987711660e-01 9.472630502565688726e-01 9.327089876510650246e-01 5.258245492285725797e-01 5.061740235218580297e-01 6.184315162672853194e-01 5.481132778567054942e-02 3.276412273231861239e-01
1.277663780461927301e-01 1.444277328452359122e-01 2.541347500907572554e-01 3.232889873392315039e-01 6.130312724892138521e-01 7.179232619438145058e-01 3.613587196725359663e-01 8.630040359922741544e-02 9.112000485234325042e-01 3.036166794600683172e-01 8.414840468060774681e-01 6.830012276311024921e-01 9.315175839950459169e-01 6.275001758226139703e-02
5.420145073556636994e-01 6.895809269335073655e-01 4.213442295167333373e-01 1.210908522044682467e-01 4.562538969399985156e-01 5.960947992695850850e-01 3.594849358544710549e-01 9.325514421114918795e-01 2.150726686193258352e-01 3.609865742404111399e-01 5.807180746390601112e-01 8.287227597625176356e-01 8.501587431390786875e-01 8.309947495673294382e-01
3.497943277529250716e-01 5.030735989034964550e-01 5.225152558010868198e-01 4.258957308709433454e-01 9.251176701854562090e-01 3.614791134574716347e-01 6.131874268749477608e-01 6.882998149027667045e-01 5.721645768891615580e-01 1.914700454831704812e-01 6.262916436842078660e-01 9.193913646372650073e-01 3.052240420862495363e-01 8.181189706501551528e-01
5.156019059264435045e-01 4.531099621250659348e-01 9.037106849942139197e-01 2.515568044600222652e-01 7.834082659324038689e-01 2.136199284087276773e-01 9.875264663198917159e-01 5.601597520057524093e-01 8.611215853235009154e-01 5.046122241304907829e-01 2.156363104172698275e-01 9.923444108953609621e-01 1.726248003198355141e-01 3.067450167884522294e-02
1.439168510012349689e-01 1.392993413780194700e-01 1.897719587628655669e-01 1.819735536345928884e-01 9.824681506190107161e-01 5.228639439055269289e-01 6.342222185963879433e-01 1.960435454542450717e-01 2.597202504105176057e-01 4.474051828281552234e-01 5.739144755385742203e-01 4.986503385936921218e-01 3.171936429274025970e-01 4.003997861531747304e-01
7.259680182858284647e-01 7.237326830738299854e-01 4.059376881394006764e-01 5.349047404756642754e-01 7.173714476700266962e-01 4.323802082607297592e-01 9.324804295169595303e-01 1.418187710093175014e-01 1.097128791847468143e-02 5.660572492759660124e-01 1.405507806015952044e-01 1.559324765302676497e-01 5.854562098445037499e-02 2.616519476927348098e-01
7.239647560442936669e-01 5.890250043943259239e-01 2.015024783288517085e-01 2.150375782593242358e-01 5.885701303569860210e-01 6.417176222663537599e-01 5.779823707552224077e-01 8.657755410554359710e-01 1.434782739194421231e-01 1.990020216914377693e-01 8.271050241062564146e-01 1.600565254124541870e-01 7.876476107680271399e-01 4.198533162938604679e-01
9.569802257383285271e-01 2.312528843521265420e-01 2.680475738728274049e-01 6.646812084669894150e-01 9.168142590216874499e-01 9.575160480461878398e-01 6.070366314488437887e-01 6.339200454061436618e-01 8.999902573934515093e-01 4.503157194703115707e-01 7.287043925592273652e-02 7.770503556432672987e-02 2.748758793630737829e-01 7.607194909937945448e-01
1.688192577071645495e-01 8.785729356373175314e-01 5.137702695021958421e-01 3.513040111323386672e-01 3.883465138070530953e-01 3.692072115707800695e-01 9.208696863202813221e-01 2.964594663614068537e-01 5.423037275811311009e-01 8.924898382527944873e-01 3.847308428852240780e-01 2.718019006075195199e-01 7.862840545030552741e-01 6.380228942564383221e-01
3.935385461313131161e-01 9.324116357198932725e-01 5.345459561175638363e-01 6.816865695127245495e-01 4.542507959420098995e-01 6.031701041483202852e-01 4.615922060919932512e-01 2.578913810235168302e-01 9.255216846962123212e-01 4.003688248656744886e-02 8.312245720703781426e-02 7.646809361327177035e-01 4.993338880724602635e-01 6.556602854284144799e-01
1.474460943335885732e-01 2.757885283583701996e-01 9.717979612490369457e-01 1.840563647137998249e-01 4.906758442699277190e-02 7.101974661258325661e-02 8.181579007067982801e-01 4.470328946803879822e-01 6.948728353652000589e-01 8.187694502110056671e-01 4.439323036650193455e-01 6.445561385921040332e-01 6.409437513009881293e-01 7.302987179405092677e-01
9.501405966913410994e-01 8.100342418420284352e-01 9.436432085231508671e-01 3.460941530339539662e-01 1.119789011010154933e-01 6.976227767955125447e-01 5.425194868697158501e-01 2.017232290632491321e-01 4.044323050736345904e-01 1.646988418303394486e-01 4.773767146623489888e-01 2.056905877952577288e-01 4.619104374578953953e-01 5.739595580722789414e-02
4.671308878231804629e-01 4.025291726818353011e-01 4.044617526936166163e-01 2.589066590790156663e-02 9.832335635142110952e-01 3.849119527243357597e-01 2.284656389115680142e-03 4.405833441253037552e-01 4.115939904409272598e-01 1.836919834837781318e-01 3.528189765161027225e-01 3.042851889017826883e-01 3.029209771575835930e-02 2.076057624903504539e-02
5.567435745282279802e-01 1.143228812657621773e-01 2.932629921799052575e-01 7.464116184783803343e-01 2.389496010233793655e-01 2.797757121342877573e-01 5.379168510262493097e-01 7.797145177396362925e-01 9.853200378486436373e-01 3.281002664685922499e-01 9.863793809366320220e-01 4.296496612067565168e-01 9.138684566658842323e-01 2.921818341630757487e-01
2.511920731054945177e-01 7.205357381256402016e-01 1.307847751615421883e-01 3.830364513207192845e-01 1.775432376413169644e-01 5.565764751359200124e-01 3.114731612735419652e-01 1.162420301855454641e-01 9.669899904263679069e-01 4.842239873084592805e-01 8.260997033000107015e-01 1.610744731894926396e-01 2.952890457825327886e-01 7.271300839358054713e-01
7.827078045161096620e-01 4.617191107175104836e-01 8.953515082571080752e-01 4.572176257202660299e-01 2.177692872086001152e-02 2.476223417302725327e-02 6.372458469530669634e-01 2.889300268981549458e-01 9.168647332016954810e-02 2.339951275743534786e-01 5.954366424572358207e-01 6.887256257155055517e-01 3.872483870020763108e-01 7.490833821742690635e-01
5.711627687347926585e-01 2.944614042468387538e-01 6.204722295750676464e-01 9.744505871188363644e-01 3.790839966508962045e-01 9.853276176288148225e-01 8.516904061358304689e-01 8.538687442734944621e-01 1.227288946904070421e-02 2.088626667024189310e-01 1.674255172182332885e-01 5.322580502251746948e-01 4.344557867413081365e-01 4.610660003571210863e-01
6.524256745692935677e-01 3.782421256224632877e-02 7.334798500246685338e-01 8.178781211233095982e-01 8.563513781999605445e-01 6.893561133053952572e-01 2.220186123478889995e-01 3.961225026488738310e-01 9.047628587907071696e-01 4.594481666087453231e-01 8.683221936901425186e-01 4.850240647706796082e-01 7.107414695918865544e-01 5.338700393376777376e-01
3.725712297668869466e-01 3.171946414102778666e-01 4.167139765798365536e-01 9.673920810424225802e-01 1.868225513442414165e-01 3.245482699722875841e-01 6.964731747852517252e-01 6.708434493332848803e-02 4.697054644157347969e-01 8.902119384686889569e-01 9.989443800365002124e-01 2.570891309412206560e-01 6.817098401950286712e-01 6.902408234592081193e-01
3.497813971203285188e-01 6.660529377754751401e-01 7.494385632400607511e-01 6.546328379888735061e-01 1.149713354736447979e-02 6.151021407275365505e-01 9.343312477248012504e-01 7.059990950932372167e-01 3.638138206637013816e-01 1.225653682999253702e-01 9.563591613294413207e-01 8.951533236451023612e-01 9.647547510350231725e-01 2.666849109701168175e-01
5.266733814800605984e-02 9.847197449666043045e-01 9.935978843049777520e-01 2.777488215940215888e-02 7.462597131541459650e-02 7.886012629815055686e-01 6.809883643780989537e-01 3.398133776865318589e-01 7.107594380121146083e-01 8.672074500148944098e-01 3.073127341853199024e-01 7.388635158928779090e-01 5.657109929913031188e-01 7.213867592485802005e-01
5.674011833342407218e-02 8.496259246599555670e-01 1.904544106360588351e-01 5.602949401006025454e-01 1.170052248625819136e-01 9.091561669968278858e-01 9.812491933100803143e-01 7.615123150456493129e-02 3.872247708684588563e-01 4.508675625691532796e-01 5.865321953454815107e-01 2.121777171940059104e-01 3.981815089432630961e-01 6.323374543698129235e-01
8.518084134105162741e-01 2.915201772262939750e-01 7.754887381181007067e-01 3.499168258193053882e-01 1.591378253069499760e-01 1.670607247345156088e-01 5.624208747292130939e-01 7.219220903252749899e-01 2.060679838204015901e-03 5.613472399648415934e-01 4.631614031337094595e-01 9.815143985012597660e-03 6.018770565360820335e-02 3.088282749808582972e-01
9.530749176905433107e-01 8.146628698892078857e-01 2.885414357678182107e-01 3.751383108028258917e-01 6.537968273926264562e-01 7.969552086962059523e-01 9.185221858059910982e-02 7.137016834378118180e-02 8.219464709767561050e-01 7.002718112846273435e-02 2.579845216689906628e-01 8.607109585707034549e-01 6.135549350853298778e-01 5.072713882448131040e-01
3.735627561816534659e-01 2.693661015807186088e-01 2.105051186581136102e-01 3.232315079748115938e-02 7.035646882448135520e-01 2.438810505122649408e-01 7.629009190033085863e-01 7.576233373189333875e-02 8.772979018584571298e-01 8.557652189489682870e-01 5.772655741562716658e-01 8.406382349914798269e-02 2.215493386835709622e-02 8.277693086552152524e-01
3.022720347506334670e-01 9.758589011556633164e-01 3.141190210506167313e-01 8.442126750783554012e-01 2.388752748613858223e-01 9.954217905353982543e-01 5.577884290315084925e-01 9.846866123983655239e-02 4.858173485357186738e-02 4.621677847151665075e-01 4.275360946626159953e-01 3.173153892922053743e-02 1.338351695573846145e-01 5.185569717952739355e-01
7.959286051990303035e-01 4.566699290083295892e-01 5.853547305385100596e-01 9.958921165958338761e-01 2.005717466763733414e-01 5.581270266699703830e-01 8.418508288593135047e-01 2.018492319964138026e-01 2.223511436998593105e-01 7.220457967246124431e-01 2.119933472498755078e-01 2.953628752399379831e-01 4.283291441281902312e-01 7.997232045988593718e-01
1.675030514202270338e-01 5.215293445118738269e-01 9.309515960596991269e-01 4.172112402352896599e-01 3.194437634427874650e-01 5.196190954914314819e-01 4.060666018401948296e-01 8.203436826618686339e-01 6.893660942684208814e-01 5.114564867977035023e-01 3.776860866818306794e-01 3.022592516246247474e-01 2.544402355746049338e-01 7.637241015851987669e-01
8.625035907530582691e-01 3.915988481855703363e-03 1.573474092118565260e-01 6.313392295941436805e-01 1.231041717541815350e-01 5.082366302878313924e-01 5.039482945756472709e-01 8.470023860601729737e-01 6.939390906241983403e-01 5.146027536930752877e-01 8.752629983816340165e-02 5.034673892707184351e-01 6.828681792670405759e-01 9.744626986369542276e-01
6.631723380312837257e-01 1.842949817885319863e-01 4.703135686318615782e-01 4.146669468381252166e-01 6.895538130912175490e-01 2.238653113469987188e-01 1.279759396967194984e-01 5.513130733286393248e-01 7.482846019336629739e-01 2.506875017277555573e-01 5.660847619087694405e-03 3.529027569434817213e-01 4.290211805906261056e-01 4.991478691725248495e-01
5.408742967740456375e-01 3.269486460796469096e-01 4.985363825252587811e-01 5.980753972325858481e-02 7.823137978282710403e-01 9.693068620738002350e-01 1.055458761608868423e-01 9.856046500962052370e-01 9.965974161496012895e-01 5.778751069845500243e-01 2.269866531835585954e-01 1.295077596567443257e-01 7.731084740248255205e-01 8.995260522867082331e-01
4.731657761929066730e-01 1.625352505331930653e-01 2.351082831437149023e-01 3.716418175146741776e-01 7.136820314570202495e-01 1.517656975125595276e-01 4.772895834052541808e-01 9.926068374905484548e-01 3.927736756024046150e-01 6.613456272661091262e-01 3.716608805142849192e-01 6.186729841673423991e-01 1.787400280240033501e-01 1.691547536912583194e-01
6.085836009094891530e-01 9.164846247626451392e-01 8.657562258947388845e-01 8.276884878448910188e-01 8.478933000667115971e-01 6.974911277442227275e-01 3.400772405875767124e-01 6.333814167921186788e-01 4.063268320140378531e-02 4.957334806672990535e-01 2.545883991477172481e-01 2.545643031642590426e-01 7.612647352886883212e-01 3.103937900704978325e-01
7.496283363427134194e-01 3.358579672725348075e-02 5.116716208617838602e-01 3.472842246210218198e-01 2.784680543662393370e-01 7.456297257660926547e-02 4.900076749893548245e-01 8.460309127180164479e-01 7.063496837522860172e-01 4.913461948306460103e-01 2.039899302964893746e-01 6.129288636215916020e-01 5.258352382982980355e-01 9.444264688626670123e-01
5.058018401323172153e-02 1.542346473458107159e-01 4.881480667744707569e-01 8.902156355896742035e-01 3.282240881857906301e-01 5.816047819176360933e-01 1.461809648367300429e-01 1.998939864149114065e-01 9.467660035390194073e-01 7.834877965094401153e-01 4.946874858612314574e-01 3.608361573773499753e-01 6.145894471544253168e-01 2.613562966075710925e-02
1.323252519272207772e-01 1.081436530552006836e-01 9.943969839222135398e-01 6.870465149410630579e-01 8.923963010533592088e-01 2.148792265292378545e-01 2.700027839425245269e-03 7.972812719410944382e-01 3.413785014294449249e-01 8.460839604966663430e-02 7.605454614938655933e-02 3.421317820416422961e-01 8.871901457820674519e-01 4.897055755680413958e-01
7.285368846532486176e-01 9.806601730959130236e-01 2.642886133092070544e-01 1.465559614023481672e-02 9.053931241444990174e-01 7.627693610959028758e-01 8.517548573974901283e-01 7.064456748686944731e-01 2.377119674002964311e-01 1.938533071464423330e-01 7.708097251301294639e-01 9.356948895976385794e-01 7.584327033008382291e-01 2.486511230317038912e-01
5.580667868324473702e-01 6.656109015437243759e-01 9.545933597547061611e-01 6.301717647662842259e-01 2.833450399800927499e-01 1.496597024632984052e-02 4.727341402614093635e-02 5.796545073120745739e-01 6.448318636693662897e-01 5.737764359094587041e-01 5.405889058765775967e-01 9.155509548926076269e-01 3.538012964695125273e-01 3.124936848989517957e-01
1.727095264244595807e-01 3.018610762115503388e-01 3.040562027946346335e-01 5.494831612998337667e-01 3.916974506463936079e-01 3.423405202166360795e-01 6.241234025827859799e-01 6.729671968918107261e-01 9.274761994703573098e-01 4.243515382980467265e-01 9.049387937346783373e-01 7.465903957442830974e-01 8.750554791137274968e-01 2.936566319395591540e-01
4.737008490978303898e-01 8.425530458092450603e-01 5.263494347342334567e-02 9.787355957093070158e-01 1.595120214692200555e-01 6.167640609638463944e-01 7.855589725224434439e-01 9.138210838849142315e-01 6.939421107891248219e-01 1.014756031333857722e-01 5.306582755036259869e-01 6.988457675618547915e-01 8.275546583720971849e-01 7.743576532976824689e-01
6.308308514188912808e-01 3.738165004248769074e-01 4.957519953398169532e-01 2.069150901795251407e-01 8.564550400338778458e-01 3.637862533540198173e-01 4.518639017118466494e-01 1.576694091196761960e-01 7.637224372579795029e-01 9.236666148581267333e-01 9.823320941009779927e-01 7.912065796211867896e-01 2.021990897623956451e-01 2.630874061024385258e-01
1.704720609713037405e-01 8.499917913917645063e-01 7.960301360771460111e-01 6.040358230578399823e-01 3.612325914590783782e-01 9.275584937392640228e-01 9.920926161293960321e-01 4.207149569075517848e-01 3.562486430414613103e-02 5.780682859953827357e-01 4.408957308629634086e-01 1.711838671134358059e-01 3.818389202371965663e-01 2.775831607898970876e-02
5.973322625313637335e-01 8.976316114689153469e-02 3.760075317796961469e-01 9.566558512577038043e-01 7.549477782869572495e-01 3.342838310724269846e-01 5.130187059640898273e-01 8.809478653458171493e-01 1.420159328652069730e-01 6.061402578906723848e-01 8.977007336556930284e-02 5.705606050086855507e-01 7.994684592662195666e-01 5.213544950590629501e-01
1.243612213088739482e-01 7.557482505065363787e-01 8.042356599066247114e-02 2.220880060581723603e-01 5.103163555768821524e-01 2.172620170680639173e-01 4.112460813202867271e-01 5.002852450615185020e-01 8.879999910358075121e-01 3.458760062618090325e-01 3.603153743878180215e-01 5.705155265132704212e-01 7.951481142545318015e-01 9.333542409165909159e-01
4.618784774536044413e-02 8.825807262819425070e-01 4.276547475709702173e-01 7.877152988863669325e-01 6.836823986147677612e-02 1.507938736940940272e-01 3.454323343186241901e-01 9.939865308914092035e-01 3.316561748141445554e-01 2.760866674699811174e-01 8.020550126928467360e-01 9.198663312580819262e-01 5.298421720436224946e-01 6.891846907383312182e-01
5.283712411399932307e-01 7.262225356107391283e-01 5.561275373208474093e-02 9.351041875470477160e-01 4.721360535200225250e-02 2.794393811924236193e-01 2.466892266904365805e-01 3.602062939733053915e-01 2.574034181983021474e-01 8.889915331232191020e-01 5.483575973427824435e-01 6.645522625810562634e-02 8.288279701819497580e-01 2.768094984975543182e-01
4.279627376992828358e-01 8.338758696542415416e-01 3.595059594713502227e-01 3.386137685525113517e-01 2.329908115909629096e-02 8.354103300134416710e-01 9.699244545926696270e-01 4.007381661156955710e-01 3.726703231285560802e-01 9.492037787599695298e-01 6.812515036502383436e-01 8.433974658485910991e-01 8.562416146490290370e-01 8.532762677763293668e-01
6.508064867231461159e-01 9.152864872637547222e-01 3.329275344911165613e-01 7.917504367790474396e-01 5.382309240448122090e-01 2.042897677902346665e-01 7.862676299263348101e-01 3.420508846960083060e-01 6.684412216068634782e-01 7.033575758762194985e-01 2.067718995919475278e-01 3.592079753759946925e-01 5.210849175311436099e-01 8.090618088648309225e-01
3.391422824826857418e-01 2.858029791269606212e-01 6.764186084980428060e-02 5.414245651148166250e-01 7.733065826565546086e-01 6.096558826888227589e-01 5.090093110943261223e-01 3.156401281067161557e-01 5.864001748035033712e-01 9.225007388839022715e-01 6.729936374182110548e-02 7.849785336591639240e-01 3.949617341648121727e-01 6.085215192800584871e-01
4.035800455067236614e-01 5.078620389505033028e-01 5.012415202243142298e-01 9.741773243526763437e-04 5.396815699231284347e-01 8.774043550539259995e-01 4.837706020690569764e-01 9.137344783669218984e-01 7.239316243761584335e-01 9.196536528439449576e-01 5.525708830543814010e-01 9.029836029884524828e-01 2.992749658471113294e-01 1.354551592045550867e-01
9.105600690595380131e-01 1.862379837605521171e-01 6.034886556617644615e-01 3.767332633397402208e-01 8.495724602403990078e-01 3.538887719854245661e-01 6.210306916170569291e-01 3.154275570501537951e-01 8.424576473889238137e-01 6.932985939241765871e-01 5.480532080218913915e-02 5.596993335877958886e-01 1.245385077498717408e-02 7.182204058512703382e-01
2.711120784167198039e-01 7.527277961606336776e-01 9.590433327209730852e-01 4.478509178262802815e-01 6.103499449351958983e-01 3.877736197926234807e-01 5.050262905548092984e-01 2.312898583883526982e-02 3.304333061401041327e-01 3.449534784331141912e-01 7.528728972484236559e-01 1.037043670626024428e-01 2.181826773741990522e-01 4.096934094640160007e-01
5.535773199588797100e-01 9.246876255319601556e-01 7.907464928163312479e-01 2.666823350269398318e-02 4.343137806130258349e-01 9.999446792289901076e-01 3.273099434001357499e-01 5.972884010647059316e-01 4.796591399237061237e-01 5.834361892981776432e-01 6.872156354417489066e-01 1.021729463963638729e-01 8.748729902150653714e-01 4.000496167855805973e-01
4.059086943808976056e-02 5.489889991453611451e-03 8.170163133348311568e-01 6.430290590047679222e-01 2.858266015672494831e-02 5.983979793464477837e-02 5.360945773667832315e-01 1.998620776439309354e-01 3.405375103249764779e-01 6.534453418622421239e-01 2.275408606048388016e-01 1.752509636552220806e-01 6.261907276810791956e-01 8.743038749421435663e-01
3.625356496943408224e-01 4.268205322166962468e-01 3.651647919513438811e-01 8.465993823433781706e-02 7.801846966105056014e-01 6.816423524337805739e-01 4.858109488598146841e-01 1.561562266489692208e-01 6.874514101315576386e-01 1.755450755316309008e-01 6.765877123541821359e-01 9.387962082352392379e-01 2.620358288413893177e-01 8.099814199574565388e-01
2.930244682172955528e-03 4.087830232728759672e-01 2.453573722322920370e-01 7.294110690471795611e-01 9.695994385168985596e-01 9.839815997875930309e-01 4.901004711090674038e-01 6.030907229153693594e-01 5.079776686150794252e-02 6.212453014631424963e-02 2.215112736316805497e-01 6.393794054041861408e-01 4.299560122995638167e-02 9.122286322124520952e-01
3.447558423034673414e-01 1.997949383860856409e-01 1.890377633110664757e-01 7.908729154272791106e-01 2.213697352360658455e-01 2.647738405712657395e-01 6.588438850616407105e-01 4.978939956418808599e-01 3.322233223508309630e-01 8.221630997968949472e-01 9.973229107472576516e-01 6.264307963793455114e-01 5.784272668298993114e-01 6.142107612957427021e-01
5.742314805844934700e-01 4.520307289118101757e-01 6.833727339631701092e-01 1.286931398828982109e-01 1.964264927025581864e-01 1.419029311833368556e-01 2.216812111140099573e-01 4.072051997366891163e-01 1.692773253320598581e-01 2.977433855739914925e-01 9.013402978751402506e-01 8.034344284372327838e-01 6.711133099890420617e-01 6.196908082266409101e-01
4.856779218347968552e-01 5.717615169762874094e-01 3.112512601378105703e-01 8.922589452907306873e-01 1.160930972503915193e-01 5.174710705179021986e-01 7.962102296891399034e-01 1.456319643067904845e-01 5.869263348884846687e-01 3.906454220265842547e-01 3.053033586190694315e-01 6.223311446311748929e-01 5.241760960610322151e-01 5.542212543638246336e-01
7.457979613332402780e-01 9.301385462674144344e-01 1.756065128511006268e-01 9.901217287921727506e-01 6.353211407133124711e-01 2.228462505360457868e-01 4.985556377109721105e-01 3.408483719873829365e-01 5.016879528798080523e-01 1.648408547269861746e-01 1.304447149105320003e-01 3.673762152407499260e-01 4.265869386308274169e-02 4.884683685122644947e-01
