9.889235005933516565e-02 2.610346341944341786e-01 3.774587326443542556e-01 1.038458284311671864e-02 5.429891327328674189e-01 2.325831704032279568e-01 7.510124928321598725e-01 2.433031285794075016e-01 8.170966191389481548e-01 5.191559503281755195e-01 8.960208151476392047e-01 6.612144096848188157e-01 3.279160970475052395e-01 6.110917068912061767e-01
5.195376844396198956e-01 1.685288970808157538e-01 5.306412494428128790e-01 9.771390942155427917e-01 3.404813235433079566e-02 6.722804402284674463e-01 6.037057924517672536e-01 9.672921869863565503e-01 8.465635980559967910e-01 2.407200935066634573e-01 9.287848371978389972e-01 7.849630245160186259e-01 2.295609092366787118e-01 6.369655280516867135e-01
5.235713692721266632e-02 2.271248170763361385e-01 7.153939834801037456e-01 2.661228653231817454e-03 1.052721233982558680e-01 3.442175799805973213e-01 4.225645959115452710e-01 3.080975413794319051e-01 3.634530710566882261e-01 4.881676098252080154e-01 8.627264970061487848e-02 7.379398874068290315e-01 3.921335352771471161e-02 9.441538142245367027e-01
7.116703035468054939e-01 9.875184374351897443e-02 9.066850886727861880e-01 4.687224843693404974e-01 4.578245116469189524e-01 2.843807940780589405e-01 8.395755973517090576e-01 9.772741277715510932e-01 2.085937499253301963e-01 5.724591863174521844e-01 7.603291016626634313e-02 1.057042499250456791e-01 4.951503732406695724e-01 5.049126755971804492e-01
8.551017343486638778e-01 9.442257952177152136e-01 4.613145157507714256e-01 3.652584076449326700e-01 1.207525810652410048e-01 8.423569819052715291e-01 6.532990016823729817e-01 4.659246474931527660e-01 1.652157887479460685e-01 5.297137669521849723e-01 8.886658002122541644e-01 6.991614771799212757e-01 6.075594501902109590e-01 7.523416825382126527e-01
9.878215257158596829e-01 1.015883873672472903e-01 8.964449853311911021e-01 7.365985118778518581e-01 3.342702670217874150e-01 6.528100623221179122e-01 5.334755123950135625e-01 8.787076131509903298e-01 4.335171300995905863e-01 6.219289349426025959e-01 3.238320949775738145e-01 7.564038229218578158e-01 5.232913081375167863e-02 9.564647464924975750e-01
9.402416769508431527e-01 5.844446034894440478e-01 8.175253870781826748e-01 8.541316278171748877e-01 7.633541743615172015e-01 4.631611690389947356e-04 8.891172518765837474e-01 7.827991817032913247e-01 9.829597361862889571e-01 2.139183808351733385e-01 1.386352036182018077e-01 8.221513410696128510e-01 1.793319475732088053e-01 9.430799006996535283e-01
3.616343579380698614e-01 1.705599646343917142e-01 8.891513986491217381e-02 2.582059460140427865e-01 2.216018420045784421e-01 9.440201638393208583e-01 3.413715845329182708e-01 2.805312109989583913e-01 7.020786785792278994e-01 2.024664431282044985e-01 4.260957457463498965e-02 9.745892877137843913e-01 7.337888164765862253e-01 1.273504767202359167e-01
7.511368594633859308e-01 2.328608835077047301e-01 7.026260400252575256e-01 1.271258514088776659e-01 8.260946024106565755e-01 3.367900594362233102e-01 2.169414861982051912e-01 8.941216921154258035e-01 6.875336480802221040e-01 3.501899009987404776e-01 5.959552814561399625e-01 4.834179866390838631e-01 3.141453750426447256e-01 9.826305706057933964e-01
3.362814843073661519e-01 4.162064495921603546e-01 1.681076254655446967e-01 1.011243583438004023e-02 3.966385190615180356e-01 6.910319776832432037e-01 8.964467294653053475e-01 8.375695420879676334e-01 2.673681323363917839e-01 9.171160966921332314e-01 3.894668609517615288e-02 6.135240122456883105e-01 9.644309972978288847e-01 7.498490691322509116e-01
2.884913193446656532e-01 1.990954946944050175e-01 9.707818600784643426e-01 2.682926266200255094e-01 2.879927139581859308e-01 1.070721749762578723e-01 6.428684205333307089e-01 6.075699425371278162e-01 5.821730732893453109e-01 6.480216698564011946e-02 8.130285221534667706e-01 5.875307907650976214e-01 1.008078989975320638e-01 5.293845933837886264e-01
2.777285613034520262e-01 5.810838878047553946e-01 8.953925370530080308e-02 1.829670069310818104e-02 1.115964211186420973e-01 8.052452932821367870e-01 9.663861602925578609e-01 6.950037607085431945e-01 1.227610452304532807e-01 3.025626158381261588e-01 6.048838597337169443e-01 5.599517298404881327e-01 3.737869536753616329e-01 4.834951366896766967e-01
9.243539553427069233e-01 6.231720565511078558e-02 2.335385083865475497e-01 3.825681672856381388e-01 7.721459237602122938e-01 9.643025693065365722e-02 1.291594158692379590e-01 2.312868769520126655e-01 8.393459145326526150e-01 5.216932052390088614e-02 2.280303748471667058e-01 6.793847701318554977e-01 1.307997023534922532e-01 7.470535565865366046e-02
2.907877928818140001e-01 9.522809575574512353e-01 6.493025527277274112e-01 1.880469839078034999e-01 4.115402922892870130e-01 6.676542188692041746e-01 6.294799818074863218e-01 5.371813267945074744e-01 2.711155308300761124e-02 8.576405076602020561e-01 8.043196730203261424e-01 7.903885916900356134e-01 7.091457041129688443e-01 1.349584225204932819e-01
1.445935854556504863e-01 4.460303548064237233e-01 4.115122017544391442e-01 4.837376908640874662e-01 4.403769602635232427e-02 7.797684666379653962e-01 7.599952815725978805e-01 5.318436797169312502e-02 8.914748322637668920e-01 1.866557296935036359e-01 8.697368682328904255e-01 8.943913224372853632e-01 6.313688383772892987e-01 1.193706864488709440e-01
8.107838447018201888e-01 3.698525980698129656e-01 5.039533210708545541e-01 3.443257243929986888e-02 6.608179432916148066e-01 8.883007327657914676e-01 6.030003046759180307e-01 5.184487698912793041e-01 2.409509030539379593e-01 2.281566177838904030e-01 4.737479758092115745e-01 7.127568555998371469e-01 2.281583234928136195e-01 1.273274675104957288e-01
6.998362120892931415e-01 9.217101559530846977e-01 1.034891884000627149e-01 8.476985539982161422e-01 2.074877561170864748e-01 8.217456294688099128e-01 1.536849920990797091e-01 6.228109028505086631e-01 5.898272392090132543e-01 3.239906072607425802e-01 1.030447692156439832e-01 5.955138813556222210e-01 7.836431429259327341e-02 7.368261436124476926e-01
3.659718537048251008e-01 7.749299547673216271e-01 2.401296847043014049e-01 2.020068104123192709e-01 2.732593825986530112e-01 9.324786763298446024e-01 5.527720536943777629e-01 8.063300559896395825e-01 3.312143443048776170e-02 8.642052312227332944e-02 5.870654324677815339e-01 7.557302030099729562e-01 5.861769334090108918e-01 3.622373162125399615e-01
5.706437577840778319e-01 3.780310374031237153e-01 6.973069326332296258e-01 1.888122509345329103e-01 2.197214193607012200e-01 6.671413632502440905e-01 5.077197519283217497e-01 6.438739539653102195e-01 1.291012890349129139e-01 9.530993361140511766e-01 9.208452603117212032e-01 1.072310439394961179e-01 2.542412096856244696e-01 8.143314049922312226e-01
8.385226673820537213e-01 3.198938291306951953e-01 8.132921489006661453e-01 5.999080971066345080e-01 7.503858975930089992e-01 2.363776341087753252e-03 2.635426919124280731e-01 8.838411697045110982e-01 1.011236760799041345e-01 5.578317076665657570e-01 8.682617559573342358e-01 1.211936277729775968e-01 8.069465945627469772e-01 5.328369014920200097e-01
9.014211298135486050e-01 5.209947571243540576e-01 2.210326852130402031e-01 3.025753430965758550e-01 7.681557364000719534e-01 5.320971514718275674e-01 9.920449353597411424e-01 8.702274197281756329e-01 5.039627692933817960e-01 5.134820223868097333e-02 7.996713416096600247e-01 3.514107428531294541e-01 1.209342328326045157e-01 7.705271888292787308e-01
7.965699370029565296e-01 5.036844433109577412e-01 3.880745016489950405e-01 2.905783213962427336e-01 1.244021238901862336e-01 4.544998857852174945e-01 7.401858701351503589e-01 4.756139204693129452e-01 6.431493258293129456e-01 7.437182486284301675e-01 7.650144486868446503e-01 5.480617473431250719e-01 9.785757305243576454e-01 4.795416750009567908e-01
7.443883372048200053e-01 1.193382602554782235e-02 3.525758603529968171e-01 2.223392795104186526e-01 9.688510179643424758e-01 1.392711911725476037e-01 5.376084737655758561e-01 8.828040138060065933e-01 3.000757752604661377e-01 3.482774464034186224e-01 9.521415622326745432e-01 5.306254864315754771e-01 7.294066625671101756e-01 3.537923562982956405e-01
6.209735448653151968e-01 9.358376927568791137e-01 3.798276734823792244e-01 7.770467010742592162e-01 1.315240151362397913e-01 4.105394513839880632e-01 1.911561835446558000e-01 9.711481081674746552e-01 5.054040625851619062e-01 5.348120667720295263e-01 9.919438636888500138e-02 8.967594078657963319e-01 1.072853763865699861e-01 4.141234563529728741e-01
8.509920150218165391e-01 8.653016801404855851e-02 2.321149063599200479e-01 8.414899402465265688e-01 6.263504960234881347e-01 2.922773599460657401e-01 8.618108112574153212e-01 3.600676372969784378e-01 1.901157231763908051e-01 1.001680073820241379e-01 9.645028852798556152e-01 5.013416253449458626e-01 1.124563533374819402e-01 8.224576723946483980e-01
6.887956860180223240e-01 4.557236262847309538e-01 3.388388178540443496e-01 1.902600011769954857e-01 6.141816309725571799e-01 5.353364744128624730e-01 5.675329100248102110e-01 4.477945634935421859e-01 4.815757311166057875e-02 4.258421010878703505e-01 9.898922470415039143e-01 8.503365842667203189e-01 9.445070702033145915e-01 2.995028237147445704e-02
8.509938868329175454e-01 9.806645929544216544e-01 3.492080734147127163e-01 9.632455817481545557e-01 1.042906309094293604e-02 6.898654880326557937e-01 4.665606566465114735e-01 6.612194096190614490e-01 5.833528445160103271e-01 3.379152545117034556e-01 8.006701765852417552e-01 9.342258729436263565e-01 4.428405907007026965e-02 1.185910400671704723e-01
3.238932596930561569e-01 4.605367196963361387e-02 6.309760566168748364e-01 7.937035815508075576e-02 9.095955342298199797e-01 7.904469872855506285e-01 9.614755030548483017e-01 5.281351172612349654e-01 2.810648747846713480e-01 7.731392886897141548e-01 8.334051023511115375e-01 7.632724737216386446e-01 7.629800669034543237e-01 5.779350525505067004e-02
1.130128973968405059e-01 9.352743355183096297e-01 1.679856189421604640e-01 2.987468164647166802e-01 1.079935822247440891e-01 1.464646303305088271e-01 1.603015378388650269e-01 3.349497734246316138e-01 6.232333286221699575e-01 8.625863143372214381e-01 4.807326991585710863e-01 2.654146781114533615e-01 5.669655552805961118e-01 6.626380820888859713e-01
9.497832764545958151e-01 5.468604580199990517e-01 3.407421169749610401e-01 4.436883323064716445e-01 4.684080558129387617e-01 2.234303398844297295e-01 8.853349329355281183e-01 6.327887940689185253e-01 9.750084938000710411e-01 8.881029091429671896e-01 5.763332751051493119e-01 8.882284061506807715e-01 4.271537275401555700e-01 1.188608362816430120e-01
6.119936901556399800e-02 2.357286460308620768e-01 1.897366389975068124e-01 3.999183193182811458e-01 1.851250325310243028e-01 8.231587974560065080e-01 5.643656298062450505e-01 4.677152897256217079e-01 1.507136897319805158e-02 2.002568695938630183e-01 5.470390917956047261e-01 3.124574909392415778e-01 3.197586158485752339e-01 5.465621423388933309e-01
4.176772376127824149e-02 7.902331419760257880e-01 9.965132706442179078e-01 8.135019196170139022e-01 3.468218364391011388e-01 9.401016855606852962e-01 6.607377165390180274e-01 9.932597564229641574e-01 1.792915797272620626e-01 7.882176932883382392e-01 4.185334534000868523e-01 7.983253679994405383e-01 4.437947089002353129e-01 8.297773523435079124e-01
9.662100265058215509e-01 8.305384680206507886e-01 6.475871851961566561e-01 6.091267849614995233e-01 6.329114369460806522e-01 8.699992411478745247e-01 2.701266236683694810e-01 3.540718636384301288e-01 1.029126552506673953e-01 9.270399361252263937e-01 4.635425821079169895e-01 7.746556336395555853e-01 2.508193209235739518e-01 7.243279037495332640e-01
9.197460081891266626e-01 5.736187128630008125e-01 3.139773178662199626e-01 9.909956435378766137e-01 9.163909435609426390e-01 9.258174160691829968e-01 2.302955603648417782e-01 1.072370813611521756e-01 9.829566485182618107e-01 7.205787671410506245e-01 4.799601878626444940e-01 4.225533782770951596e-01 5.396934858855944039e-01 9.129726205039501163e-01
2.417625310371768199e-01 5.766616967815352268e-01 9.509196082964127550e-01 4.010893302801842308e-01 1.882262192838896064e-01 3.667298153324453081e-01 7.365560988237573881e-02 5.090554132270272980e-01 4.639062437364982472e-02 2.714761227799175058e-01 3.204665829315619385e-01 2.225036087552322295e-01 9.098502374618160360e-01 1.020347477292767868e-01
8.216447369692264635e-01 8.489251267513414634e-01 2.416307816005486275e-01 4.957342708999870062e-01 5.786666718240048857e-01 7.231975873896695495e-01 1.982949961842755959e-01 2.341907836065417747e-01 3.931168124169104328e-01 6.337851351527765686e-01 9.989269208771400788e-02 3.630687916578294594e-01 1.313184064960927211e-01 2.348192450932851116e-01
1.345513256450090456e-01 3.134963162155657290e-01 1.555320244027988963e-01 6.368887659905553278e-01 5.477814110748358001e-01 5.562036409287064442e-01 4.484143165634357775e-02 1.742245097167327561e-01 6.029082175160980217e-01 8.504934832254275046e-01 2.172607098905238177e-01 3.691710574949541579e-01 5.244019988461329218e-01 4.427291197444952475e-01
5.753530805709834439e-01 9.653828473876625571e-01 9.404787517047072942e-01 4.707479566600568655e-01 8.432322686916635668e-01 1.337563598658096931e-01 1.694247872738036120e-01 9.430814847050265071e-01 2.695772589602243308e-01 4.929590783166406531e-01 6.981473914274489712e-01 5.960997876492946101e-02 2.049106170658765436e-02 1.173457293143687075e-02
4.572894175085868707e-01 2.054290140242758245e-01 6.016363881924601253e-01 5.558639049216063110e-02 5.195358978737255606e-01 6.868420541223529963e-02 3.842710544971249531e-01 5.962008167783638957e-02 7.434815673672514613e-01 1.859650097082907738e-01 1.159774251706916504e-01 2.722361615621249342e-02 4.328104214194636867e-01 1.485479466534563864e-01
6.460190674831494118e-01 7.007775161257235874e-01 5.046660609199263847e-01 3.383045666047118649e-01 1.246505633505944344e-01 6.501213646154480053e-02 1.164830623603514415e-01 4.082494941822006895e-01 9.841658802908233028e-01 7.217327257503145521e-01 1.571492048689652199e-01 7.130264389606888464e-01 2.597600592778471773e-01 3.713143264477156702e-01
7.278789597723596128e-01 4.185323440575074994e-01 3.155175199288964283e-01 6.984550354001352046e-01 4.736405259369840248e-01 6.123839862867020978e-01 5.412372671809255742e-01 2.877296257340334895e-01 2.660574729785203374e-02 9.894945999613078413e-01 5.531935212517805622e-01 9.925708731565741072e-02 2.532710488455093278e-01 3.903378163178831128e-01
8.345415319683942013e-01 5.068575809312769742e-01 4.621338909817189755e-01 2.335838902210796153e-02 3.529738788354489509e-01 1.600204550974966278e-01 3.001988840851571583e-01 1.834712144549290880e-01 5.860152558805064027e-01 2.081798186476346846e-02 2.699653104275888671e-01 4.369903475605126930e-01 5.912440149887073781e-01 4.053589201777119122e-03
5.413234184396987780e-01 3.345828116163397370e-01 5.156989756086725052e-01 2.777810044312528648e-01 1.212806440763896099e-01 1.751896697622847832e-01 1.268698274595599917e-01 3.564330459788247474e-01 3.277913531938222436e-01 8.843378261347301095e-01 7.527400396855671305e-01 6.192393333077702566e-01 9.812204248029565701e-02 3.138083170791405863e-02
4.916933483621869216e-01 9.007555459614657867e-02 9.961638897713547269e-01 1.552591427895240184e-01 1.975099821633041763e-01 9.396790120780743605e-01 9.382474620351407557e-01 6.182747003878057424e-01 3.222670531294770102e-01 2.814229532937820855e-01 7.829035633312616538e-01 6.078927507578572031e-01 1.618188959213360256e-01 2.722220398219634685e-01
7.842216593083463083e-01 4.306518819782730878e-01 4.282133033436648084e-01 1.693802200131839797e-01 1.587474070176777552e-01 5.046390952740148483e-01 3.753380157581958088e-01 8.256228968081009700e-01 7.602438950638780168e-01 3.505096416936848147e-02 2.398054221835065336e-01 9.069006309682554612e-01 7.339292227430589399e-01 9.592228030241154446e-01
4.453456391361647615e-01 1.019373978107332990e-01 1.351218715043710494e-01 6.913311145864415863e-01 2.561971068684316677e-01 3.672596248624342419e-01 8.703589897273622533e-01 7.661321269782448429e-01 9.524978616295926015e-01 8.371355003085048097e-01 7.341656707817111327e-01 8.740227579409696190e-01 9.143869727580955509e-01 9.474192283905995549e-01
6.221563280470454593e-02 5.487306468611323762e-01 3.278511286233860567e-01 8.257129774967519875e-02 3.060059263515787498e-01 8.244106858696631512e-01 7.534140027457932876e-01 5.242570518152485093e-01 6.023480600402784102e-01 4.179251489321497148e-01 2.748969332458631731e-01 9.966631562097916230e-02 7.445795663470119452e-01 2.140731713488465138e-01
8.160227690018651003e-01 3.698422922034014793e-01 8.907483277268284372e-01 7.183120764666882652e-01 8.104447635401862415e-01 4.453532486387201672e-01 3.753511828140918549e-01 8.075254395845944400e-01 2.691046331095160449e-01 5.256334372532590615e-01 7.677651692526801241e-01 4.787670253014437716e-01 4.042910387390011850e-01 5.562890558912626515e-01
1.187801236171088792e-01 3.718796672755256827e-01 2.826436158468479398e-01 7.162470364067569095e-01 3.192347845003710161e-01 1.564711233525059031e-01 8.256266234279061589e-01 5.678842565925930064e-01 1.433543799708888455e-01 2.668236042718130641e-02 8.397350597218284918e-01 9.065240276242803041e-01 8.009687697503808934e-02 2.069528408392625751e-01
7.714073458416301765e-01 5.777049825327199573e-01 4.069276834989428160e-01 1.017910712246853366e-01 7.356549691974004768e-01 2.932971599591150946e-01 4.634067259204264211e-01 7.256805978183357153e-01 3.241404391217206360e-01 8.421839418060771409e-01 3.905107100117821695e-01 3.620385964531941392e-01 9.167007582672379584e-01 4.730355247577242572e-01
