6.429280036595490522e-01 4.701229300726759153e-01 2.432764861421277125e-01 5.524666990085510543e-01 2.833713075253836422e-01 8.031030166961233840e-01 9.645535304411353428e-01 1.059821122840081120e-01 7.183522846083282287e-01 2.017438791200468762e-01 4.826391584448899152e-01 4.873173889973445583e-01 4.818451285044408339e-01 1.603267473314227143e-01
4.050249489339720066e-01 5.976906755880567745e-01 6.786671025608449481e-01 5.504097271560971505e-01 9.764677556396579305e-01 5.131688349068397326e-02 4.197099024975620152e-01 1.698273322162018317e-01 4.049503294576176637e-01 1.942014435794732208e-01 6.881917611175369931e-01 9.283323834253132123e-02 7.734524503806529117e-01 9.887040579357914138e-01
3.829098038108565971e-01 3.710438079242270870e-01 1.426171755092425775e-01 3.128306161945438868e-01 6.589124626851432520e-01 4.833498447265505149e-02 5.814144099260558640e-01 5.393033755971925469e-01 9.518222627710455352e-01 2.320469446535489144e-01 4.523258842005852820e-01 4.418308235546337670e-01 3.388082996649569578e-01 3.608290782274938824e-01
6.833672409655469071e-01 8.720453605076528003e-01 9.959410483963773153e-01 3.589561374782082037e-01 4.473447235946182987e-01 7.343876574271178681e-01 6.513769696938092046e-01 2.419841065408594449e-01 3.870144876671446355e-01 8.850916430634174770e-01 6.142554660799297572e-01 3.794137418615065593e-01 5.896179902490205071e-01 6.343406488290473932e-01
6.437947251679000393e-01 6.121743698042846349e-01 8.980422480313404732e-01 1.327282424994459253e-01 5.097345097452532503e-01 5.099755756132866580e-01 2.226362433465931545e-01 4.567946435183174447e-01 8.251809548640753889e-01 3.772005694052618097e-01 4.941383922556386032e-02 5.779982819891803514e-01 7.413737845258118186e-01 8.387497424120168299e-01
1.654810324150515211e-01 1.132335792774907812e-01 2.903416955672715183e-01 9.532656139575026444e-01 9.224997654244400103e-01 9.504179340801383047e-01 6.597240572384744928e-01 5.862868160521611527e-01 2.127593743323091813e-01 1.507758024784265904e-01 7.554991048590624647e-01 2.818589190258198318e-01 1.957631123640989346e-01 6.087171268846348626e-01
7.381138922178865913e-01 9.604666222150093358e-02 7.738540307663102080e-01 9.245696867403478958e-01 6.972874537678546147e-01 4.288288382309644042e-01 7.852519872342447194e-01 9.020698675825160606e-01 9.720204364606443992e-02 7.386072927043779712e-01 1.787556905167853039e-02 8.175169300480197299e-01 1.543136968215260696e-01 6.118180742069873057e-01
6.887018971466813966e-01 4.725503120812024616e-01 3.624832642043152031e-01 2.421742046606842891e-01 2.629949419895226681e-01 8.084592256115319397e-02 1.875497066245659372e-01 9.617949002854364604e-02 3.013001465803369916e-01 4.150108369496233740e-01 2.426108904846391301e-01 2.312760271754661368e-01 8.500222171043203545e-02 1.108456749265190888e-01
4.108319345948829859e-01 2.839821983293309149e-01 5.661056982122610881e-01 6.260137349277553609e-01 6.357819866682765664e-01 4.490451223032175809e-01 1.488161458172889695e-01 3.802478976006584688e-02 3.421528520596925915e-01 8.430030098467997668e-01 6.408295607617086054e-01 9.520729068409528040e-02 5.347676381532381340e-01 5.546125002826707284e-02
7.000744895835675496e-01 3.541830314103113775e-01 6.458250738593500628e-01 4.372028223589113916e-01 1.619991741253065110e-01 9.349314607189351811e-03 6.369751438773083585e-01 9.872457401903942387e-01 1.300176840735440820e-01 5.989438698020524976e-01 1.692331470427074214e-01 2.367702535324553992e-01 5.098932246012930491e-01 8.708788744864048859e-02
3.625306795477587496e-01 9.180760095751243632e-01 1.929671998166032632e-01 2.293247695096889416e-02 1.229841000694230635e-01 4.696403721835208378e-01 8.867672834807622806e-01 3.461501192079509126e-01 3.678924984043208113e-01 5.596648966738941855e-01 4.764848493033131405e-01 2.304257370905848923e-02 9.812599943056669050e-01 8.915380217233519478e-01
6.075820029692629021e-01 2.318499630752761664e-01 5.569428376849155926e-01 4.066387032610201402e-01 2.948772800185420762e-01 7.714106194695680152e-01 3.298164626398979449e-01 9.974451199696027226e-01 3.919580517140573983e-01 8.585316553478110624e-01 8.876569815567498800e-01 7.145243823094515889e-02 5.989705840358861000e-01 1.288419079958295077e-01
8.527859587006166864e-01 2.965232434177241805e-01 5.734834183790225026e-01 8.421326750760652624e-01 4.233982176310497891e-01 6.138352120698465919e-01 3.599109729884371056e-01 2.740608567229034787e-01 7.547649286103742527e-01 8.586126279911872050e-01 4.121851412254282643e-01 2.217525216193088067e-01 5.281889707519841215e-01 3.719166787365990601e-01
7.732207148745806613e-01 6.291086416582168939e-01 8.416601103661724981e-01 8.747663801285543439e-02 4.803535190546107669e-01 8.122207758405850520e-01 8.200168536796591523e-01 6.662783423291047669e-01 5.181682627996272439e-01 1.025274895338179615e-01 5.594955796922010949e-01 3.187262673896160692e-01 2.040666911328147259e-01 4.091715992059771212e-01
7.676843597117070095e-01 1.552848777170292571e-01 1.901193374692982108e-01 7.865142420669489765e-01 5.984902079466124514e-01 5.345616911827599793e-01 8.670475668043272632e-01 8.150680456995912371e-01 9.806134143755551591e-01 8.351595279290816576e-01 4.023985209976000954e-01 3.707535436798932160e-01 2.635641864257861622e-01 2.646982606811439931e-01
5.913287476425521660e-01 8.399378382845159585e-01 5.852716542074642980e-01 4.432270614719399093e-01 8.434559943473006749e-01 1.372569284192217687e-01 3.530877829536172019e-02 5.215324535876730838e-02 4.892420601399923852e-01 3.442747946979788365e-01 4.862199005387869422e-01 9.491466853031742534e-01 9.065483294039314854e-01 6.146833897530944446e-01
8.735881964570094693e-01 5.038511806376411162e-02 5.743967230981639194e-02 1.551919604534688357e-01 9.797958386134218989e-01 5.156849653015027624e-02 9.530743714057294813e-01 8.198454815616987856e-01 6.474480114375771311e-01 6.127058458117479178e-01 5.717871494329992421e-01 2.393196575414235916e-02 3.705428385505591393e-01 2.451602851266379002e-01
8.569133350813109562e-01 3.500527570910905162e-01 5.836394708724268465e-01 6.401720443156334595e-01 2.191418576257031514e-02 2.017827595737013979e-01 3.333663726260815974e-01 5.002860723063682347e-01 3.815457788190347310e-01 7.237740590226428017e-01 3.054880370694499359e-01 2.451459402959540457e-01 4.323393760821746534e-01 6.096397392692757267e-01
3.872787297573864196e-01 5.661989612970080854e-01 5.084221778264634839e-01 1.179271173235484360e-01 7.337102209484672732e-01 7.580171609014124678e-01 8.244690251260383684e-01 3.473780272519043644e-01 2.012045028658160373e-02 1.463433832600252726e-01 9.301701008754169608e-01 1.800203718258982510e-01 3.398016880415695162e-01 6.728119064969961816e-02
3.578588066139287704e-01 3.366793262436124090e-01 4.461691475182958389e-01 5.735362833751840306e-01 7.771209167901282910e-01 2.634743236794129251e-01 7.934639660893260116e-01 5.504128129888096188e-01 5.599323916530093426e-01 5.031609195731157058e-01 2.845434101369933577e-01 1.650690958279771303e-01 5.197465803866359035e-01 2.728048839607537523e-01
6.905335295444015031e-01 7.962835010681301728e-02 9.509259320683070005e-01 4.702387408923711654e-01 3.280186709044372595e-01 9.002663480900268134e-01 2.792389469850465877e-01 5.469228156016991971e-02 4.498391678008603067e-01 2.472740668360705607e-01 7.666825392121496829e-01 7.101607067122934769e-01 4.558488611473099361e-02 9.968693253348116512e-01
8.896246601767616724e-01 6.772417836115053325e-01 3.267012634500162660e-01 9.913133909651618003e-01 5.407509766075082602e-01 2.414781249956554632e-02 7.323093191572545013e-01 2.554918446708821511e-01 2.221557704724541615e-03 3.036540773623374045e-01 1.797155293146939226e-01 3.320165194254847130e-01 9.470807762834188015e-02 6.770704566996734730e-01
9.643480747224105754e-01 5.274017581437902003e-01 4.798926007755013323e-01 1.732465841403050266e-01 6.141829248660392038e-01 4.940048526534013273e-01 4.152985309387048352e-01 9.565185920460879121e-01 9.484114779145510488e-01 9.187029904820331883e-01 5.833806778516359426e-02 2.897409847634414559e-01 5.594883082998400869e-01 2.322449273448652374e-01
2.930401189246391036e-01 6.307263399369490431e-01 4.087285228171533280e-01 6.420725748709652514e-01 1.521881196256757995e-02 9.796894303655594438e-01 5.154769938170844501e-01 5.848166552923318440e-01 8.557612604511150023e-01 8.299637887932255209e-01 2.656335434585180844e-01 8.462511096845117819e-01 1.230402282107539991e-01 6.546188624830129310e-01
3.244117296531118244e-01 1.720288300423952199e-01 9.435825521498025781e-01 5.947155188935790981e-01 8.934428982192372803e-01 2.399562063128962697e-01 6.932618715409942789e-01 7.754473899428236949e-01 4.376641500468977375e-01 4.666009977202295600e-01 6.549537605642239413e-01 4.706303064843282424e-01 8.532736020305997648e-01 7.996126094511357696e-01
8.384852111308294109e-01 5.490568023067140535e-01 9.557677714591836793e-01 8.182240062545641512e-01 7.452125902370573263e-01 6.631790171709815995e-01 1.329255232697651445e-01 6.545757930798656865e-02 3.178795339975228895e-01 3.363846218059296511e-01 6.341828005005067936e-01 7.745968695008296212e-01 8.095126037609371439e-01 5.247894937339726562e-01
1.063496808684338824e-02 9.845581444651174685e-01 5.364011692124334152e-01 8.635990710602939879e-01 9.650476245978968359e-01 9.776723674319788282e-01 1.743392468908270265e-01 9.913602841832624968e-02 6.182701839276056877e-01 8.478340261349344154e-01 4.128040175460512273e-02 5.211358029468351472e-01 7.792554178754002026e-01 4.351177067034841528e-01
1.093792622081815047e-01 4.061503800272163733e-01 9.792574279028299911e-01 2.078838113594895232e-01 3.778308931591171094e-01 9.526752093607629979e-01 1.162049914052243338e-02 7.209373492212168832e-01 7.939097126886895950e-03 2.705206095516689002e-01 2.791549375748696438e-01 3.557913550537803449e-01 5.490920060001386327e-01 9.145318858600882672e-01
9.416158498894698914e-01 7.813977786953453242e-01 1.789536283511380388e-01 8.037763728148138442e-01 7.042773345930706252e-01 6.612317478820869399e-01 4.116889747756001805e-01 6.610528984248871254e-01 5.308967638079674645e-01 7.871190682407781525e-01 9.093217177442808330e-01 1.241431992333649204e-01 9.495745327761544452e-01 4.108883255652698852e-01
6.545076208687647945e-01 2.585681040537195496e-01 4.676431029795889982e-01 7.073059530330194633e-02 5.039179270828746393e-01 3.579946841475440955e-01 3.507282011844063963e-01 4.403089712909173947e-01 1.430656030438686166e-01 4.578940500496999633e-01 1.227688971752121105e-01 9.261299160338258840e-01 3.644446914071468591e-01 3.292695364201578823e-01
8.520738429761341992e-01 7.808937124329249357e-01 9.994251812992248629e-01 8.972089023699186816e-01 6.863266165083523607e-01 8.222224892886446090e-01 3.456316675643298364e-01 3.080021684436587970e-01 3.023507905805300489e-01 9.663344590189850702e-01 9.929278137573090968e-01 3.073330202709095849e-01 7.233308631550777745e-01 7.731693233319928416e-01
5.077809006596595287e-01 2.551471019861512035e-01 1.855617385780411466e-01 2.397049552070454892e-01 1.367314480615533512e-01 1.904330844493310471e-01 4.890660897214976766e-01 3.049944544756600928e-01 2.973382140069559254e-01 3.177763445390859864e-01 9.265141556445168902e-01 3.021832817388296899e-01 5.608057085598554536e-01 3.861025483293241134e-01
4.633835178845447933e-01 8.710410444406859742e-01 9.588277408925117706e-01 7.679044769535045001e-01 5.271248075640129205e-01 1.145360937022669168e-01 2.411633765853619105e-01 7.839749443061337919e-01 1.014169057853199218e-01 5.658132290530291097e-01 8.406700073813907492e-01 8.330888745185673905e-01 2.945666093742482783e-01 3.230133036163087557e-01
6.568073148665507510e-01 2.665921750960713599e-01 3.888020216351338876e-01 3.331163977154594225e-02 4.044653408983971410e-01 2.804921462967240320e-01 1.158840418816081685e-01 9.315548993351363549e-02 1.793436378827859556e-01 2.108521750540679474e-01 5.074850746078189978e-01 3.640622620184861269e-01 4.189304207066868457e-01 1.634876113444982959e-02
5.779721560915083156e-01 5.676885542685661257e-02 6.164789833267322328e-01 2.444540961696105574e-01 8.799270299295395281e-01 4.883403738625964330e-01 3.497968847747671139e-01 2.661510600713250518e-01 8.018319318091582382e-01 2.444365443547140693e-01 1.473327957894092766e-01 5.049689841639234400e-01 4.731517184349759431e-01 3.893757685535425006e-01
2.443004739210238307e-01 7.645942680794040047e-01 6.739219009224286516e-01 1.939293603972001012e-01 7.844875211404521709e-01 5.774511640462502982e-01 5.127899610324289092e-01 4.277217818994902832e-01 5.013460841552750402e-01 2.161766288699671357e-01 1.836835943998973431e-01 7.759483362013608332e-01 7.973272487396457775e-01 3.530367428098049043e-01
2.274738150233280853e-01 3.501290220375581352e-01 6.012120390231595612e-01 5.467628739854708542e-01 3.266954831151376304e-01 7.288367860890169192e-01 6.676374328814105308e-02 6.705637667721996431e-01 6.089524694307695274e-01 3.093047140059942413e-01 9.389199738141824625e-01 9.942828113682067315e-02 3.865062166176510550e-01 5.640175406559843063e-01
5.847949786191668498e-01 1.679933984995697349e-01 1.111789178709623460e-01 3.535387158896513560e-01 7.718280398044983226e-01 5.389709395122549429e-01 2.664491004464419888e-03 4.994031081722383192e-01 1.261778958164805342e-02 7.215811690317031069e-01 8.080470181646338679e-01 4.570473442201476999e-01 8.148136292283932880e-01 3.495148605979678802e-01
2.489638433876993906e-01 6.808390711231836478e-01 8.444183440413798314e-01 2.847524454643851621e-01 1.958268793568128663e-01 6.138072090808278647e-01 1.766559289721646442e-01 4.629737602241097427e-01 7.407091175711949527e-01 5.583733139845248328e-01 6.834450719967585242e-01 5.721319359142729155e-02 5.568685764467414812e-01 6.194328058308824492e-01
4.436361019071030087e-01 5.123643572828964210e-01 9.276603289587217471e-01 2.298477326049541691e-02 6.614474360223980831e-01 6.810103835005401063e-01 4.736789975832917943e-01 1.140641216169708816e-01 3.840436774118209939e-01 3.616413124482292796e-01 5.787394643525788362e-01 4.743815060609790635e-02 4.424451450409028208e-01 4.905936953169809378e-02
7.826930253656128045e-02 6.778924466893505585e-01 4.312441861641138630e-01 2.814110017163686805e-01 2.434669269266990232e-01 1.098463740554289636e-02 5.259117713956826812e-01 9.220148092095014070e-01 4.267123575105644662e-01 3.896129010289877126e-01 9.658464398900201697e-01 4.461110674185029268e-01 4.401303196104445759e-01 4.116870026650746306e-01
5.123679969653344157e-01 7.898836165969066458e-01 8.147137652031629651e-01 3.354893407389188953e-01 7.219588334899702531e-01 2.850226304689251755e-02 3.849863590077350350e-01 1.025914222543479193e-01 3.924313619698893696e-01 4.565525144143578462e-01 2.613778893665094083e-01 8.436402137648524313e-01 5.477676662132920926e-01 7.974776924153018642e-01
2.506833053554250457e-01 8.159736069070029352e-01 6.807971829185176516e-01 4.712772353986810492e-01 1.811397672309599249e-01 7.323547450730868436e-01 1.222875513540260251e-01 8.871424251810691164e-01 7.812110514054262378e-01 7.275392745870513656e-01 8.643066576739529827e-01 1.423979518598222915e-01 2.476013335342884814e-01 3.102885866675894055e-01
7.716531156844008699e-03 1.300603835667808461e-01 4.412694025525291108e-01 8.325322155708713145e-01 2.124534411305722958e-02 7.009177951298217746e-01 1.101829003805313567e-01 6.858349554105658274e-01 8.770759252641295856e-01 5.211841973468781530e-01 8.895087340203022830e-01 5.904970043817636682e-02 6.887609016670066531e-01 3.151342230184994708e-02
7.985776802664261709e-01 8.061331816614577539e-01 5.468892190710880064e-01 7.226562577677754229e-01 5.742065203287900488e-01 1.671637322309886819e-01 5.517174514621988601e-01 4.490627848040528169e-01 4.434159458230764184e-01 9.109545892837022096e-01 9.919445834916902349e-01 2.498165325998502606e-02 4.426999942129722365e-01 7.174895070834175215e-01
9.680256424267331683e-01 7.725025626176470483e-01 8.178945311605325674e-01 8.329812308550212929e-01 8.156291150213289542e-01 8.795006776840819107e-02 5.959866958291797356e-01 8.105572277780300761e-01 8.711952879307313102e-01 3.631831056871716035e-01 1.119024344404869753e-01 5.796353372506803936e-01 7.198364614349161972e-01 7.303654254691425152e-01
7.851734378611595622e-01 4.139673033006934233e-01 3.401805128060794159e-01 8.312160795333217722e-01 9.746058051420218860e-01 2.893611449278753467e-01 2.438909626005376641e-01 7.678653947747803299e-01 7.496585588641713205e-02 4.597608480069981240e-01 3.770679874035308687e-01 5.162308701182677373e-01 9.965059451583462291e-01 5.580861251171689297e-01
8.688837815049419433e-01 6.543632291703749271e-02 9.472043328339796453e-01 9.139900379443007816e-01 4.964016964268653798e-01 8.096291685610146338e-01 7.019944491758245420e-03 9.072981845589181971e-01 7.184342754523134200e-01 6.823524499310289482e-01 5.560574425461332071e-01 6.001797211527402087e-01 8.780071897787643520e-01 9.408525190022369866e-01
7.491603623670106682e-01 1.287018007239529860e-01 4.019938011560637570e-01 8.749709706456612057e-01 8.886113561893553836e-01 9.637356576937242680e-01 7.183295831047090685e-01 3.637042107104444533e-01 6.445849117732774802e-01 3.687195674205511198e-01 7.295926122416284132e-01 2.115446197978361198e-01 6.376701146286188893e-01 3.386146672506897826e-01
7.640200671856053338e-01 2.466307312466473611e-01 3.424283900208092701e-01 6.133326694665479639e-01 9.723661149565353545e-01 1.690885391155589890e-01 7.064420723407751623e-01 4.569420013084988241e-01 9.998069674581268051e-01 7.030923782551584678e-01 9.380059149728423584e-01 8.049872203088338507e-01 4.368453568418955157e-01 2.838834832867231928e-01
6.176671199138781265e-01 9.250181830040623554e-01 9.717298816325327104e-01 4.284227690746570394e-01 5.577305725692965899e-01 1.908467882508519953e-01 7.725403062527524956e-02 4.948252784563034190e-01 8.816796111016506066e-01 5.936431805454616129e-01 7.639754960681756080e-01 2.191041268162525757e-01 7.217134598378520671e-01 8.686881408885538391e-02
4.239851354248869164e-01 9.771893631586362483e-01 7.723581082436428158e-01 5.140002329796891090e-01 8.071869556688213709e-01 4.482665412370911984e-01 1.873289181185229246e-01 6.371056534824431905e-01 9.984632608569806722e-01 8.594058728348030751e-02 8.530735509630831270e-01 4.308161969817696502e-01 5.469930148944442960e-01 4.842451677102229679e-01
4.830535292444737561e-02 9.296590686731481812e-01 6.658925755372490096e-01 6.866369367620386299e-01 5.810491758620162095e-02 5.765367307141623376e-01 6.614330436252220391e-01 9.132606616883428563e-01 7.829796808838919153e-01 3.197426125174552825e-01 2.183340861046850767e-01 6.689960221681423569e-02 4.833249127762914155e-01 9.929805902889020652e-01
1.121843424048689641e-01 6.335714895274442426e-01 2.794115480005590069e-01 8.124592925978456615e-01 7.364968527058320946e-01 8.408223933385283733e-01 1.370191879115496558e-01 8.185212507849537467e-01 3.649929507989303490e-01 8.284723905760669194e-01 3.177804485351827246e-01 8.887043658667695967e-01 3.446735814935405484e-01 2.568237086192629581e-01
4.062210823451261055e-01 2.159305508827283893e-01 4.853031774305951451e-01 3.392687893857571080e-02 1.901124315803407461e-01 4.136107208819649328e-01 6.164396186004267308e-01 7.283276507567071345e-01 5.924180735694875022e-01 3.207141626934475465e-01 1.437773555923527180e-02 5.560911315109486885e-01 2.936739793357482364e-01 1.172509313599505720e-01
7.553552259789493295e-01 3.502629049728676058e-01 6.043314817426919117e-01 4.555743852204756639e-01 7.051855184202445725e-01 4.800028113543098884e-01 3.870957519683725367e-01 6.299518476637439024e-01 3.673504470645424513e-01 2.339627305249497580e-01 1.662114713844812242e-01 1.907033444750575457e-01 1.963446233550991682e-02 4.653436885343729124e-01
3.094920878308042855e-01 7.698860162093621451e-01 6.856374240091263061e-01 4.152433090321880904e-01 4.065455940987461325e-02 8.081901447155925844e-02 2.351101376829990430e-01 4.615499791080968084e-02 7.804358162040545555e-01 6.727730366087586455e-01 9.398219677044037379e-01 5.795610841873980457e-01 2.122254713009634752e-01 5.841388806223927199e-01
8.147865312523844272e-01 6.397755072958054567e-01 4.475099571581496738e-01 4.259961664934565073e-01 4.393508644098146343e-01 8.111511829983135691e-01 4.080515004289005931e-01 8.710888655654835944e-01 1.774245181507927427e-01 4.159953691861439928e-01 7.664523357373008716e-01 8.544173551403625444e-01 7.196524987007274499e-01 1.357919159450818869e-01
1.446171760473567991e-01 8.190606475168995537e-01 8.634099927535430208e-01 3.500875333946756873e-01 1.151699223454620835e-01 7.885064756549199361e-01 5.419034743707962232e-01 4.172829937888590246e-01 9.957502317857442886e-01 4.911360799629874707e-01 2.704283319563178800e-01 3.831363117089204851e-01 1.846493657546242062e-01 4.579845873006632706e-01
7.142161689114879808e-01 4.891594561445896661e-01 4.209526140362789270e-01 8.616901385720450168e-01 1.141140182647691903e-01 2.252300207763403561e-01 7.981189182546760685e-01 6.817464334294081052e-01 4.684441207426680576e-01 7.478449835567516635e-01 7.407259763305746869e-01 1.839610242227541770e-01 6.803987762745852264e-01 5.183332290850365398e-01
3.835159162843525538e-01 5.665712419197090899e-01 8.890683970798129998e-02 1.491030905095386272e-01 5.883466299492667861e-01 1.664352240413898842e-01 8.144256644166384396e-01 3.083077152692988987e-01 2.709411782149172554e-01 3.611546751789660448e-01 4.363119926013517835e-01 7.823857901472152099e-01 8.136974967558874283e-01 6.801947999146171764e-01
2.798532139105907035e-01 4.289322576161758160e-02 8.691084579976222635e-01 1.706090390065841955e-01 5.230355887472488696e-01 4.988065010276878652e-01 2.731837469572744315e-01 5.601624547635486451e-02 3.916689516228717416e-01 7.047394280872872896e-01 1.223696669344568333e-01 5.485683615130290125e-01 1.046841527837673036e-01 7.070214900364424349e-01
7.678839771845513695e-02 3.854971637540942631e-01 2.519206335748914727e-01 8.769390670384979991e-02 8.366708555687317750e-01 7.493482567616310819e-01 1.098349646878503671e-01 1.645553794994480956e-01 4.409989317717633028e-01 1.642352494329207824e-01 9.554573691198330332e-01 3.513408454870240449e-01 6.699685131355368473e-01 6.742700252071435196e-01
1.059110430174178274e-01 8.169422313085834553e-01 8.535472832484892747e-01 9.691168692331921797e-01 1.095366839038404150e-01 3.565682454759103726e-01 1.456324534847243113e-01 4.862187495078651445e-01 9.618184342649281904e-01 6.618293898903797601e-01 6.060399534099526475e-01 1.701729110434396786e-01 6.718272016194237750e-03 4.421226569530063433e-01
4.403978163901576259e-01 4.252139371834652293e-01 8.903831590121890072e-01 7.248209593967583908e-01 4.852584452982213747e-01 4.934784522587255529e-01 6.650384677378582410e-01 4.699974404467479605e-01 5.160910067882669150e-01 5.146070588780512489e-01 4.292528004798571439e-01 1.117093211483002335e-01 1.606232042248322278e-01 6.381505898936946641e-01
5.886112871954537473e-01 2.957237964048704537e-01 1.980157104009413471e-01 3.467863192341352763e-01 9.700243394339973513e-01 6.004154746942449439e-01 4.194001764530733700e-01 8.151770497544028604e-01 4.629827946523163984e-01 4.204818749212071438e-01 1.238154318190085590e-01 6.858707239645067677e-01 4.146009666775410940e-01 4.559280496608436595e-01
3.784521292688612926e-01 1.673223961630798673e-01 6.168779457073995109e-01 8.890811781176607420e-01 8.526104628933522944e-01 8.132736010659269432e-01 9.123679523343415365e-01 2.255051628477072745e-01 2.856512426661057535e-01 1.488063378880870591e-01 5.554315114078904880e-01 1.627714978767094145e-01 6.067451442554928631e-01 9.377170573455165803e-01
9.767957034957359674e-01 1.890299499528889093e-01 8.296949879821410301e-01 8.063154100643920019e-01 7.919933910258833976e-01 4.499664398358518280e-01 8.976752599169300906e-01 4.210870304385123664e-01 8.342001102764806664e-02 6.990697627534157022e-01 3.774618625039571906e-01 7.550441987479570294e-01 7.650969092015741380e-01 9.981309782911534922e-01
2.843666450411472812e-01 4.082072755522712093e-01 5.961905650955618974e-01 5.271169127832275869e-02 1.170028132192185710e-01 8.330665324201802502e-01 5.874695092915324102e-01 6.086943813851161122e-01 5.868075049151877387e-03 1.709388560392982592e-01 8.565966708094905346e-01 2.399839987835682420e-01 2.589879324573151065e-01 1.027802284353579454e-01
6.494188264611444605e-01 3.144091003664613027e-01 9.496595208577529590e-01 1.887834441231236449e-01 1.570603549734456150e-01 1.943793008894088015e-01 5.462690274608490437e-01 8.716575482553449161e-01 8.434998835475451262e-01 7.686275270144962146e-01 9.752624770919415820e-02 9.826128600983780048e-01 1.456167001127560701e-01 5.635756097407931264e-01
2.013011686970069825e-01 3.846300233296751081e-02 2.491870171083541141e-01 6.455084587603675539e-01 5.817403061258999974e-01 3.021012351309814159e-01 2.242775955868220317e-01 4.375089761509527442e-01 4.301440389930392127e-01 7.514512615531592221e-01 1.811247832217502962e-01 9.263594947516994305e-01 7.191015410072145730e-01 7.383943844763830588e-01
6.549877456770727413e-01 9.225837134639084391e-01 3.127521538717025207e-01 1.446335551598243452e-02 6.168937089589016098e-01 2.397361840311309500e-01 6.970652655707944012e-01 1.249338847661086715e-01 2.977519527485863460e-01 1.014794695307610350e-01 4.662073199633816056e-01 6.775997540163134492e-01 6.274474006423133021e-01 8.161626829930235250e-01
5.389448931433135082e-01 5.589637435931787968e-01 7.803591108834452283e-01 9.178974377490521919e-01 5.096429581509351880e-01 1.482062372691094199e-01 3.887003011713089373e-01 7.056363498384116140e-01 6.341607618102157451e-01 8.828013832002312711e-02 4.251107496125470231e-01 2.054084883076096046e-01 8.368078315639105869e-01 4.328623844160117695e-01
2.495335308776747141e-02 6.277106631359983258e-01 4.179203073686676984e-02 9.925316698259367687e-01 6.029395043487911776e-01 6.853733438834687108e-01 1.164663446213416442e-01 8.621881540213850448e-01 1.754206121031931520e-01 5.610992876994017609e-01 8.131015885183493497e-01 1.317225880601374799e-01 2.928290040094667646e-01 5.292432071620850609e-01
8.993507340658385418e-01 8.318489936709648758e-01 2.132256383669478561e-01 6.509272694354005795e-01 9.382784697273891528e-01 2.624641475295881321e-01 3.194553757620404166e-01 1.248771471310318182e-01 4.624867984887407468e-01 4.293647938378795104e-01 2.054843732371304244e-01 3.892530427568902107e-01 4.202019326931775156e-01 4.755468028379905565e-02
3.551139141796550991e-01 2.785840060159887610e-01 5.665113510406550867e-01 2.627537630764159582e-01 8.650202506785497070e-01 6.294689600949562314e-01 4.663739577994848728e-01 4.449686672640904561e-01 7.345205622476489449e-01 5.789218358588666957e-01 7.750686805933106882e-01 3.383362627819952451e-02 8.614772776621010264e-01 9.780263367491888182e-01
4.960460536664375031e-01 8.683515099327678843e-01 9.372259391307391496e-01 3.057000944526477859e-01 3.273474880966439349e-01 2.541608308821774465e-02 6.307223244577498944e-01 1.954272122438536208e-01 3.365677308753947106e-01 2.653002053624983203e-01 3.421210506095029302e-02 3.777519720164808081e-01 3.613112153057684850e-02 4.889361551363047287e-02
8.086685986107433610e-02 2.623870975109814374e-01 2.251906570108491712e-01 8.016019154375844114e-01 2.459338105755232151e-01 1.260406792925750086e-01 2.161594001169709900e-01 7.527392616812056403e-01 8.099664494454535957e-01 7.491042197500961120e-01 3.195233309604186278e-01 4.573585293552718811e-01 5.467967307047983949e-01 3.095279338430406701e-01
7.122220218743795517e-01 9.561068824716703052e-01 3.413236600589353298e-01 4.469613807738004319e-01 8.712584584833782397e-02 8.169655412918975790e-01 5.525996762000318085e-02 9.238733564263369447e-01 9.959500775193550481e-01 4.579545239200666362e-02 7.899484031509759197e-01 1.966741612974267639e-01 9.087947514936123294e-02 3.195868936126210480e-01
5.420110104924713568e-03 9.490613757460657496e-01 1.454094272814742128e-01 2.185093103083424193e-02 9.299317244588420905e-01 5.544436401210275367e-01 9.642421354635318798e-01 9.900460260329947415e-01 8.919784121419280787e-01 8.909352640185220773e-01 1.986483533924959799e-01 6.980699281051268024e-01 1.464752342467334767e-02 1.495825548542695227e-02
8.865865354741353510e-01 6.568246444357491720e-01 9.495242817069496910e-01 2.617397066302910025e-01 1.955411766344733460e-01 7.777181057204953785e-01 7.256157162450238562e-01 3.473091801853758209e-01 8.833799329634014486e-01 7.914987317956245771e-01 9.381219540350508312e-01 2.709609142747466670e-01 3.150821578315921023e-02 5.750831485032689150e-01
2.712619540999876566e-01 8.335449660224227841e-01 8.731154322226938325e-01 4.181141632360674265e-01 5.039806415521355110e-01 2.250544486965074809e-01 9.205447627070102445e-01 6.509208701831936672e-01 5.488849938883620938e-01 4.970555055036158798e-01 4.778136376465060842e-01 6.978950548152769162e-01 1.292230816676752658e-01 4.275079783717338211e-01
6.151424171611075131e-03 6.172082001915352167e-01 5.768649786779442845e-01 5.172477943976250270e-01 4.055702984003736189e-01 8.056925344531535860e-01 8.153037075261069244e-01 1.186233874207855976e-01 3.100181367010692579e-01 1.537263848162973012e-02 4.077082416029595979e-01 5.181455325025410286e-01 6.892564580348735648e-01 6.227960753194747845e-01
1.663004683105081538e-01 6.074781688644955713e-01 4.905272423245717883e-01 4.198337599554113897e-02 9.601097225955140813e-01 2.934331814904640456e-01 5.003615785301847030e-01 8.243801264970177511e-01 2.093218663620890485e-01 8.658332927808838342e-01 4.352351771889092502e-01 1.732007802542566699e-01 2.546107392225056554e-01 5.184959002925019211e-01
3.300879961966093346e-01 6.654908704416022669e-01 7.708701334766502322e-01 4.091846191633495833e-01 4.593308916396388053e-01 8.181287539886404891e-01 8.205130369240152266e-01 3.734420650430614330e-01 1.288254870938807528e-01 4.599418739965065450e-01 5.903828476665271552e-01 2.218238634806879439e-01 4.259568973596831176e-01 3.618755016260644108e-01
2.928289681274826028e-01 6.025639819291650490e-01 4.369001470957475375e-01 8.908793294581967004e-01 1.279568364751314524e-01 7.957408098984650735e-01 2.683032884823038922e-01 4.029457677188412745e-01 8.494237190016773464e-01 3.936191048823196592e-01 1.508694141133901656e-01 9.628721321343695072e-01 5.477555214655894789e-01 8.259814766440946032e-01
3.831057468404839295e-01 9.956981507901222495e-01 2.093006685308068660e-01 9.498772203089230759e-01 5.624458519219914798e-01 2.503931427698784518e-01 8.911455822664908766e-01 4.463572479860874465e-01 4.836905589578266440e-01 4.915883323084887513e-01 6.955814090697791663e-01 5.111695634117296994e-01 3.813935783561884785e-01 7.052956912800124600e-01
2.041203617465972009e-01 7.803096279253102230e-01 1.839464380188180481e-01 8.500000447375397616e-01 6.800570188017107665e-01 6.673361331243539141e-01 4.102840327910162177e-01 4.573858392389146266e-01 8.904614627191371756e-01 4.199101768602115925e-01 2.619098813323231800e-01 9.309558083328793865e-01 6.076392882748188340e-01 6.611763023036418829e-01
3.264612090277964063e-01 9.088155192866440579e-01 8.072131262970700938e-01 7.340187262663457890e-01 3.709594951232126903e-01 7.946349014944480427e-01 6.019978014954744383e-01 7.737809443514330754e-01 5.292070142157807577e-01 7.839473053842022088e-01 6.292508371215279617e-01 9.718484288753027611e-01 7.870659804167240425e-01 5.820531738238594599e-01
1.984707945868691148e-03 7.489874041788485703e-01 3.081438123785641414e-01 1.892732531026841691e-03 3.609669620248582289e-01 4.737670120757686565e-01 6.144413879091592534e-03 2.452882788055824603e-01 7.353107279051652734e-01 3.942770847960873626e-01 5.074441389151532755e-01 7.756840084774352384e-01 2.956313916066755088e-02 5.516560905532490455e-01
7.177692789413192553e-02 8.252539971384064144e-01 8.924040034493542217e-01 8.737704557539289763e-01 9.529097161503382596e-01 4.523919132568497981e-01 3.221676005787702524e-01 3.449705999847363369e-01 3.699405060413020196e-01 8.883384311683503176e-01 8.135107677630443179e-01 3.729622735730719896e-02 1.046325820212440361e-01 8.292962977076997477e-01
1.553979921064406744e-01 3.306228519608329641e-01 4.673492161587929905e-01 7.487973821818838527e-02 5.444339281244193751e-01 7.335420410361467303e-01 5.986110833770723616e-01 2.177973828262773637e-01 9.673534945533925899e-01 5.004214268927495990e-01 7.920880763198957508e-01 1.494320886774452850e-01 5.735016476562518895e-01 7.908386279862784640e-01
5.541539104869634969e-01 1.215684657892790455e-03 9.506585293583040830e-01 9.458832464270772178e-02 9.976672252400711205e-01 2.943907377890977450e-01 6.417406524755349118e-01 2.413787498194539527e-01 2.581793687465281373e-01 4.604516102538168676e-01 5.847155591526917995e-01 1.201914595795567919e-01 1.590214856388982856e-02 7.168227818227196346e-01
8.586388069980088744e-02 3.692256014583009671e-01 9.273245000977857755e-01 1.984609829603991571e-01 8.767333245719894919e-01 8.194987382922461761e-01 1.039453476920146890e-01 1.514238392333151495e-01 8.881046817886243394e-01 8.683756699139552060e-01 6.423848388039485879e-01 4.737083308828664574e-01 4.004159907206478186e-01 2.606168619196715941e-01
9.157830537401610016e-01 2.634958788230702398e-01 6.985009797571893886e-01 9.041761480571752774e-02 3.710036626853019381e-02 4.865590643127603032e-01 8.258901507064194680e-01 3.893046326040395799e-01 9.308014472283699936e-01 9.640338375148971295e-01 1.097238167418289612e-01 8.670324571971252947e-01 8.745755506445597183e-01 8.693473804971685315e-02
7.740706937287181733e-01 8.488648316142100025e-01 8.693008284222289994e-01 6.520949107186216898e-01 3.326244305783332411e-01 7.454709232180342093e-01 3.422442213813446932e-01 7.102891696268365251e-01 6.899156335501906989e-01 7.025882359152000323e-01 6.068000990790434201e-01 1.734381469233977624e-01 1.948334486531760890e-01 4.610846081541636332e-01
7.459945361379983764e-01 5.660150465384762297e-01 9.928186331673749532e-02 1.883273651807138016e-02 7.778161453802745484e-02 3.435839229234023406e-01 4.097115881553999861e-01 2.932522667899944979e-01 7.406558143310872921e-01 9.283277157537850321e-03 1.594560568885646790e-01 8.679394340104845673e-01 8.297365874372334416e-01 9.533726887746808432e-01
4.101524170227692778e-01 3.937747639610225114e-01 3.521570768168424959e-01 7.195014242012981454e-01 1.220641516815657024e-01 7.666722844323229369e-01 2.229678728986206337e-01 4.237826153014043751e-01 4.218986898650537443e-01 9.946662535879797762e-01 9.744462023882360935e-02 9.380871134350845519e-01 5.507499613214275058e-01 7.452495136831577272e-01
1.260950462085429491e-01 6.714192178233776565e-01 6.053648451322014568e-01 5.620038068947230681e-02 3.140202865571205537e-01 3.994401928493617193e-01 1.643583286551789646e-01 9.596106300551188184e-01 1.374193931646697786e-01 8.239671919194625493e-01 8.728446251073931350e-01 3.857058981832768296e-01 9.785843841247490182e-01 2.517072238860310618e-01
6.503798104535992719e-01 7.039854321051807196e-01 9.667100083769186725e-01 2.983273469065415018e-01 3.087869351498949699e-01 7.716538091542752831e-01 5.438162208291716926e-01 8.896816443428918753e-01 5.132861786780815727e-01 7.427556968426876072e-01 8.905102308818764190e-01 8.543034481821069059e-01 3.800425894385744963e-01 6.014421919848348397e-01
