9.285394629396033217e-01 1.989923441110508229e-01 9.981217546513189154e-01 1.633247476581178859e-01 9.596371735314871421e-01 4.988989713091086520e-01 4.478921667110891125e-01 1.528181588528166879e-01 8.730689777023654674e-01 3.436127443961578543e-02 5.762990894413138054e-01 2.357344267466910948e-01 4.643849233071100091e-01 6.655427689993425044e-01
9.466604012306393257e-01 3.241918564728674124e-02 2.127896048098946169e-01 1.844766362983515373e-01 3.440285885399271271e-01 7.126558249585523974e-01 2.178794110870411194e-01 4.656469016415701878e-01 1.340703341051118214e-01 7.470097311979345678e-01 6.999193669235823645e-01 1.449255975727096191e-01 2.454396011926687216e-01 4.792041972132695671e-01
8.771262419752183792e-01 9.707925602723777025e-01 9.124735564350194839e-02 9.897302658778676099e-01 1.240741753575805850e-01 7.563913270271725997e-01 1.061967694879183410e-01 9.261420721380335674e-01 3.302524752931912388e-03 2.932332383084773619e-01 4.077019533385813910e-01 5.533598416249052576e-02 1.085688159647946183e-02 6.286303843265063085e-01
2.170076835742051902e-02 4.278646020366796421e-01 3.675006400703664244e-01 7.808007602074469311e-01 7.300209314932690763e-01 2.550863345599840848e-02 2.971776081166693784e-01 7.102981021528459449e-01 1.311523496799820165e-01 8.165970851581347834e-01 6.431931488552325993e-01 8.586654940371024614e-01 6.753038158188650053e-01 9.751398160634886514e-01
2.029457070957740861e-01 4.418527280111921307e-01 8.850774421540668069e-01 3.055410057286088721e-01 2.106355824087161599e-01 7.914439074586284706e-01 6.843880632042032008e-01 5.058447188099021163e-01 3.735909879114996945e-01 7.214735981711362101e-02 1.501807635302212507e-01 3.573069540485688256e-01 6.403972240366019308e-01 2.729286908215996510e-01
3.747458305444186788e-01 2.247426535812618864e-01 6.284042536061079653e-01 3.677708509306072404e-01 1.220941634619220340e-01 6.786681503910729774e-01 5.464634393827140224e-01 4.149766683679563251e-01 2.457041625133202789e-01 4.640754919158838199e-01 4.239675421079018847e-01 6.083117348620984410e-01 3.981889387290242777e-01 9.735048463905183747e-01
2.710695819989724642e-01 5.263333383679142941e-01 5.996954552024612584e-01 6.253610314219415489e-02 7.270405310167622481e-01 4.202924682893214303e-01 5.482509321445181438e-01 2.852984876453631413e-01 5.063807456350777336e-02 2.140606415921121330e-01 1.347765665382033573e-01 2.332975056688301185e-01 9.530918578331173396e-01 8.765783404648723742e-01
4.113382413263320103e-01 6.229450112207814971e-01 6.462617968786450451e-01 4.456452214286664715e-01 3.535587610539223657e-01 1.353823001043350516e-01 5.289008839792335159e-01 5.339013206690511604e-01 1.602563327113043501e-01 3.787229343168847517e-01 4.757417349701269504e-01 5.076971241946701685e-01 4.109179316053102049e-02 1.492552044001527189e-02
4.461293211155700211e-01 2.323586957066612335e-01 5.980181883452521108e-01 5.582478476495169595e-01 9.624353978568267465e-01 9.717122150857487872e-01 6.894833291983462065e-01 6.652393957220877896e-01 5.269535171570431942e-01 3.658233364192198245e-01 4.197124685614810335e-01 6.771135289531788892e-01 6.980213220577466959e-01 8.032993672167780819e-01
8.450814263899049106e-01 2.957261664948095392e-01 8.134781699917803532e-02 3.509860702937259713e-01 8.188751173969140984e-01 5.474672064427510421e-02 4.112119207342417315e-01 9.446753172431099355e-01 6.084543560818737040e-01 3.818481817453286409e-01 6.806555944958050386e-01 9.994917172529258487e-01 1.701024813411766701e-02 7.479338149780938583e-01
2.593835840549316707e-01 5.366917340782503265e-01 6.365481279556846061e-01 9.147600097801272812e-01 7.665457589223396706e-01 4.774573191098022695e-01 5.332615749281821582e-01 4.783402519622337312e-02 9.831898619345911250e-01 1.906944613949864697e-01 7.450083685291016833e-01 3.777940662570749009e-01 2.386943220208961325e-01 5.501623262788172264e-01
6.433988137711365018e-01 1.939359896724203169e-01 9.982076350197912618e-01 8.909690529858974584e-01 8.623240933653869567e-01 3.889949214809415023e-01 1.392008431491151832e-01 6.912163684816645670e-01 9.705431222174631944e-02 3.117770794722498628e-01 8.833233983734010142e-01 6.209936370826140140e-01 7.284927372277467672e-01 3.687912095579055638e-01
3.805654085842593570e-01 7.658113835029282113e-01 1.574419386353457240e-01 3.467295307755565714e-01 4.305273427235606354e-01 3.145911966310001029e-01 4.766201241014652590e-01 6.688531774711137246e-01 1.680974476745648039e-01 3.194137606692981635e-01 9.601678189134883468e-01 6.921102310772386801e-02 9.549102031311038630e-01 6.645251852900766476e-01
3.134355185265517152e-01 2.877719480341658365e-01 7.984354064284575614e-01 5.492567563845147660e-01 8.825577305404332940e-01 5.986677595441584065e-01 3.894507390827250948e-01 7.585177114996487502e-01 8.403937104206286035e-01 6.192353249496673762e-01 5.419042961312456885e-01 9.483946215775226340e-01 1.668413272931212887e-01 6.888763542794321681e-01
6.418430356734166065e-01 7.368532842314026166e-01 7.060741179574816506e-01 5.273570108387301003e-01 1.703105021695675569e-01 4.307836404756626436e-01 7.567987018138279121e-01 8.826490745980446473e-01 2.719356742998696452e-01 2.237357377666815417e-01 1.519753086960768940e-01 4.787445333325829333e-01 3.573705185343380997e-01 3.313694121484784816e-01
5.574315038711570303e-01 4.315548068460517417e-02 6.867857045637419944e-01 4.617511823453952502e-01 5.713415134823318642e-02 8.371630171164685663e-01 8.692751672251839423e-01 3.281008538716101430e-01 7.440165201524779892e-01 6.597997041113080607e-01 5.249036148824705039e-01 1.269758802819622723e-01 5.112367298388262871e-01 6.941198407452734420e-01
7.976801348821220827e-01 9.250336407159231999e-02 7.185216112302352798e-01 1.756168966180532420e-01 7.914531498481309768e-01 8.908395344447049835e-01 3.133810326490159559e-01 9.064102885054293735e-01 3.275995139939765766e-01 3.913920050240019544e-01 6.123213319779552410e-02 9.809974353474782971e-01 6.830755572302475986e-01 8.013729071611835897e-01
5.230939306862758542e-01 2.516509523822165750e-01 7.375608110153053509e-01 5.919490262056570362e-02 1.931893942895512861e-02 3.342671714500096147e-01 6.109895588316820447e-01 3.297824223057902460e-01 6.880543047288274483e-01 3.759432186669955378e-01 9.073305127516079205e-01 9.433950711955242374e-01 7.608170843396655503e-01 2.312310371925538899e-01
5.674031209908730888e-01 4.444475321099360388e-01 1.825035278738671440e-01 6.897661382170100497e-01 8.711018349833651309e-01 8.884021508623947128e-01 9.712949065998327525e-01 1.818618393534765509e-01 1.021417009245562113e-01 6.336413690815191346e-01 5.797292441283060649e-01 9.373058330554280282e-01 5.587182834357041772e-01 3.713581703010471191e-01
9.388070055008540526e-01 6.125700410730672285e-01 4.303143343611860461e-01 8.019398387145160179e-03 6.979045489061045382e-01 1.399715587377947656e-03 4.391414130440169927e-01 5.213880764385984135e-01 4.563506692756740257e-01 7.541196505190702615e-01 4.843298048431281533e-01 4.887457775160380935e-01 7.921463718877118643e-01 5.028763361528619802e-01
9.873389082188107624e-01 1.203787935096855000e-01 1.237564592188213908e-01 2.380479810126181484e-01 5.920137900475895831e-01 3.226852377535160965e-02 4.670919575797684020e-01 7.019363737307490192e-01 8.053747817876172332e-01 8.716616563909078685e-01 5.833907305246583963e-01 9.718809000137678122e-01 4.242061233068894488e-01 1.283426495602558726e-01
5.249034437211086424e-01 3.823873530725379055e-01 5.783316568096394938e-01 8.515587443526435596e-01 9.076421802442282694e-01 6.332792925577568344e-01 3.061577160573777379e-01 3.672003153735969860e-02 2.911243286917627460e-01 4.065644531824388341e-01 2.021592342845558443e-01 5.548299631949334954e-01 5.325324332516643278e-01 1.672412488087604565e-02
9.461765744676203793e-01 1.215058463339294681e-01 9.099519851585842201e-01 3.308353521988682822e-01 1.845870326843683795e-01 6.995774083126997667e-01 6.093451286777921139e-01 6.162494175971782173e-01 6.217402757332907148e-01 8.618142577779042135e-01 3.372514360223470842e-01 1.205783546150140939e-02 3.385861823299137763e-01 4.127905509751936819e-01
2.875542441827525497e-01 6.632799762607559657e-01 4.058405984678437051e-01 4.367110479617841712e-02 9.455376671933930499e-01 8.696756211321752250e-01 2.247887972285872449e-01 6.085832372767173704e-01 3.725940123318367547e-01 6.120398908357564949e-01 2.263991902951365542e-01 1.368621350775404144e-01 2.574989684948741919e-01 6.795028498602095901e-02
6.676973225336720885e-01 9.564013340929456986e-01 8.437533340992285913e-01 9.625646238820972922e-02 8.735760283756116573e-01 1.368911519973814439e-01 4.501995649430764468e-01 9.881266541906454925e-01 9.484425935762598181e-01 5.304790533707889333e-01 9.684726648748087641e-01 7.829390959327963140e-01 5.000549535273388635e-01 7.709087473000553192e-01
3.795686874865168425e-01 5.375020074953087423e-01 9.798666011461409919e-02 1.120968244150127857e-01 7.952373776906116465e-01 8.355408855736337070e-01 4.180959161505939381e-01 4.105974350230239267e-01 9.664192893707757026e-01 5.224244650854148464e-02 9.381854264325159010e-01 7.402704996666364945e-01 3.263311671839413952e-01 4.708799727093592180e-01
5.900267298943590033e-01 7.583585496247488011e-01 2.221623495638151979e-01 4.247797966764905730e-01 8.382037561300309525e-01 6.413754467052802388e-01 3.146966511834003999e-01 2.241475116823674618e-01 6.228427943173027170e-01 4.675267670131376674e-01 8.518568330708652381e-01 1.718264528329522811e-01 4.632136585569244236e-01 2.608276581457784626e-01
9.586702687343007234e-01 1.651499889610467120e-01 7.354045750947959537e-01 9.964709613951142630e-01 7.660813583401192561e-01 2.614073118880878566e-01 4.180365088977372467e-01 1.416509834041067561e-01 9.429011717869109077e-01 3.563612228788619607e-01 4.790897283687981512e-01 8.643286218816618183e-01 4.939952272576547676e-01 4.966533329042988054e-02
8.323165616849242943e-01 6.358173524550014832e-01 5.601202381274774655e-01 2.058680425929280133e-01 3.974980176681222055e-01 8.383226742341890469e-01 4.623415349316104539e-01 8.965815891552983974e-01 3.350788561417095135e-01 5.556132778084105217e-01 5.027459631084648661e-01 2.352912679606965485e-01 7.343002072765839605e-01 9.846823890878713126e-01
4.906391011401758373e-01 3.134099370052323419e-01 8.499948836184303413e-01 8.446831762006234978e-01 2.071432022759945868e-01 5.954854512795115795e-02 5.882136233281408666e-01 2.330442772970990895e-01 3.611945497407827999e-01 9.623574493925003415e-01 1.141078046450988426e-01 9.314675029418595376e-01 8.998352288791163778e-01 8.975079476761410602e-01
2.781891059695723589e-01 8.344643602418627681e-01 1.510090664516143821e-01 6.959783454968770933e-01 1.057492239857861227e-01 1.474929815587723292e-01 7.695483687466286860e-02 6.509770394274561056e-02 1.337722112672251606e-01 8.240049911691642581e-01 9.314706667260275186e-02 2.212774176062407561e-01 5.407129664959638982e-01 3.894998753686804704e-01
1.133770763814200278e-01 1.087394901162974659e-02 1.911331484727896157e-02 9.192743006465292632e-01 9.488178660926747110e-01 7.271190717056186248e-02 1.200561018807511093e-02 5.286099637556921360e-01 5.202948039139005942e-01 1.528541661994530232e-01 8.192619327730874534e-01 5.124449691460948308e-01 8.135118573418839150e-01 4.308852792587509750e-01
1.050935850002828742e-01 9.133091559887085431e-01 9.472232826640220038e-01 1.863094834325944582e-01 2.381510426036735906e-01 7.399417609854321842e-01 7.424045133020272802e-01 4.606519837880852508e-01 6.072783298982663558e-01 3.212659115766643980e-01 6.158292568465919548e-01 3.280065719076049602e-01 6.090099444634301529e-01 4.066598950961564096e-02
1.424172047083925863e-01 4.452493798742683806e-01 4.523130866502445002e-01 3.942086664775212856e-01 4.585075648930031500e-01 7.237988252402494105e-01 2.739517075612024621e-01 4.745122948093997151e-01 3.622439387499123420e-01 5.447292802963571434e-01 8.434785327362102070e-01 3.225565548687858719e-02 7.436434728844154574e-01 4.434318985195565554e-01
3.015389260788694514e-01 6.817223020766123298e-01 5.502249676749890739e-01 7.283998475575039766e-01 5.738303359785430491e-01 4.374953136616810401e-01 8.199861670670238745e-02 4.272531761740789857e-01 5.135101555131176276e-01 5.299695917455619076e-01 5.228507008934091260e-01 7.257347733732372186e-01 7.287170975768320069e-02 1.354030194386991459e-01
4.769857254844364070e-01 6.925859956199480472e-01 8.320557446292586867e-01 1.891691335641079164e-01 5.746782816429579777e-01 8.469678376324137892e-01 8.781296424214668495e-02 3.431149373010686787e-01 8.980020515431252903e-01 1.005194240820194151e-01 6.296773722438192555e-01 4.652352912796965390e-01 2.139614140502010819e-02 2.124404292366965930e-01
3.042833269158217169e-01 6.640261880108413450e-01 2.251632305174564586e-01 2.981543385310572170e-01 4.346742869402460130e-01 7.330497340912062176e-01 9.652746150120903312e-01 5.664632217420176863e-01 3.825664826055381607e-01 4.744494790040925114e-01 7.605140581302096692e-01 3.569146954687153483e-01 3.976377577057963464e-01 1.198065805408183859e-01
4.135360651682314925e-01 2.053875297189940996e-01 4.805421177277890976e-01 1.802137035914527230e-01 9.615431960721754212e-02 8.994951103168811191e-01 7.026040498318365524e-01 1.511192374477930978e-01 6.010860610268312643e-01 5.972388611014231019e-01 6.989190274248108237e-01 2.204305807870504674e-01 1.695978598263285786e-01 3.677369365867125817e-01
3.449836385390436799e-01 2.215189006805983185e-01 3.285241214510260521e-01 2.608977499512624698e-01 7.015669424203909710e-01 3.685832520672774892e-01 4.491555326536498249e-01 8.313615222180156250e-01 6.198183754490216302e-03 3.005399766806858830e-01 3.805848933553929170e-01 4.744026322395102913e-01 8.089472783305137193e-01 2.239316602437591008e-03
4.513511433667971584e-02 7.313318635212684438e-02 2.889839403046984279e-01 4.789026150226579626e-01 5.292538749269228848e-01 8.359459477990320853e-01 4.545338061460172385e-01 7.610823434291176248e-01 1.242410349602790509e-01 1.976909964527219232e-01 7.046497602094209389e-01 7.902173801707433887e-01 2.245646375288777863e-01 6.062696303311513324e-01
1.851334188869782071e-01 5.873911583834261485e-01 7.776116250930954488e-01 4.602282916818789538e-01 6.201402723975982800e-01 9.593249671064738582e-01 1.623836067844782738e-01 6.838369586732363503e-01 8.730531759578906703e-01 7.085520790015861214e-01 3.649882449039425492e-01 5.657799222873701739e-01 5.848591777331889618e-01 5.539195163780701314e-01
6.392085256352305622e-01 3.301220465878808019e-01 9.215018018515148679e-01 8.363606473630504912e-01 6.773545967932539380e-01 4.871537322799456282e-01 4.650495588027312444e-01 2.706344537182412413e-01 8.516137305336107799e-01 3.765819803448011704e-02 3.477899541028384167e-02 3.301510978989501410e-01 4.776695446179093363e-01 6.095541532694643827e-01
8.613129494487152815e-01 2.020198124176539878e-01 4.285965970373315503e-01 8.463464996060392487e-01 5.249752944776129304e-01 6.855641398248831786e-01 7.019671367055888567e-01 7.840018906522210340e-01 7.466809503967757333e-01 3.392400219159253938e-01 1.244295441814405878e-01 1.490422055757835151e-01 8.242980638773870217e-01 6.194174010321262802e-02
2.189274843909667645e-01 7.780011462707581149e-01 4.914061986602547005e-01 4.443787767311321302e-01 3.262507297577076359e-01 4.790160464740620405e-01 3.562043954640495835e-01 9.021400449545766698e-01 4.987451279311982955e-02 1.614051737669867093e-01 8.058594007302509743e-01 2.153563824073949640e-01 8.952616978741964049e-01 6.687035710224104035e-01
1.737495985768700013e-02 9.150551212423091441e-01 5.150087090901064313e-01 7.450921540082880989e-01 2.572643478155578478e-01 4.138278801474597479e-01 9.127518235064465690e-01 2.753799885811155645e-01 9.411593319125730606e-01 2.957757092256988463e-01 9.151223355148496719e-01 2.597130801928791977e-01 9.228982816017344826e-01 1.548818412562709135e-01
3.698544943905915927e-01 2.839381975627013333e-01 1.285919921780448449e-01 7.318481510790109112e-01 1.684292997866472241e-01 9.181516198387723593e-01 5.190182555850401114e-01 4.147225417248149304e-01 5.778178070950589218e-01 3.607612539652792494e-01 2.302550476788992606e-01 9.179159428881359384e-01 5.442305485363860829e-01 4.704145099855712164e-01
3.920214421395618043e-02 7.435647881223972355e-01 3.406637736834453589e-01 8.273078259243236143e-01 8.916145409583883241e-01 8.747169647233163925e-01 4.364524274831005357e-02 5.475590149675827467e-01 3.910240026138442904e-01 2.261576748939310155e-01 8.767267769620369355e-01 5.671557014476703573e-01 9.554192643416772324e-01 6.990727417419312362e-01
6.013749374214327759e-01 3.566862491455136119e-01 3.203055634001374941e-01 5.817861737260571209e-01 6.224831650807919337e-01 9.926728149104475651e-01 9.616772045165863370e-01 5.320811466171730952e-01 4.560737617819899947e-01 5.972864215694816403e-01 2.146487472721051448e-01 3.470044966052933111e-01 4.765183998143980304e-01 4.068675535230695806e-01
2.813788357566179288e-01 4.985383875863392822e-01 6.787746134557602895e-01 6.731044733386952750e-01 8.895113059781877274e-01 9.847507228009928504e-01 4.796771874788389178e-01 4.932967976228970208e-01 8.565734462422169848e-02 5.734168485235844326e-01 7.416729879891137411e-01 2.020559496977391012e-01 3.067844936052949167e-01 3.429880685453158273e-01
4.007976356300912979e-01 2.611751320329910309e-01 4.201101600558114768e-01 1.673756817938627517e-01 6.400282771649464797e-01 7.722578962576850392e-01 2.110425201483120405e-01 4.973187452604882486e-01 5.374000707237750474e-01 4.254940137617188034e-01 3.901966085066215228e-01 3.549725108418474440e-01 6.149814528179730067e-01 1.660010877527372530e-01
5.138492841126539590e-01 4.465718713190233169e-01 5.676315780375784659e-01 1.343107617030159240e-02 7.610224225221345895e-01 5.416745050443652065e-01 6.562312326662450568e-01 2.614605900697132279e-01 5.850977070345905195e-01 7.990460142980748692e-01 2.941893037760532348e-01 2.225585640074103644e-01 4.963210453725118709e-01 7.757085397113768765e-01
8.328914342141668925e-01 4.614694136114086964e-01 9.006938675004009243e-01 8.594541387925757059e-01 2.990144858114046622e-01 4.662905572243075669e-01 6.046837878656680099e-01 6.993715278573445771e-01 6.155390086440105657e-01 7.240344832230409811e-01 9.429242817894171180e-01 2.376518247800718520e-01 5.527777989501144740e-01 4.151786293552047757e-01
2.176411910199570476e-01 5.594967425327658228e-01 1.639624148959706318e-02 7.685269905317859696e-02 7.121018174311106730e-01 5.810518120991191582e-01 1.746264566452511158e-01 6.874434488338996285e-01 3.028100841510938945e-02 2.419088448136836877e-01 7.283695877626034099e-01 9.958237494668865653e-01 4.880268941916424685e-01 8.883201134118925424e-01
3.692755134262660777e-01 4.270290128247458128e-01 1.636936289845201120e-01 1.492417219581700927e-01 1.283065871506883227e-02 2.608422674676968978e-02 8.424368937536885760e-02 8.863334175032857587e-01 3.440225602708231190e-01 4.932891077929409951e-01 6.081438224613378019e-03 8.913672503978766759e-01 9.215332254404906553e-01 5.547879719172112978e-01
2.245095396169237700e-01 4.087821258767909693e-01 7.430238414558876237e-01 4.338044449723056362e-01 2.102974754286521808e-01 7.060338488034123561e-02 2.314721056881174910e-01 3.270834299193884354e-01 9.405772270925829570e-01 9.679610127449964629e-01 4.256212499658498238e-01 8.579559634083344655e-01 2.542651945381873002e-01 8.458656780301632150e-02
8.548260761576563782e-01 3.444063123165234108e-01 9.084812712246231881e-01 1.669040265862109518e-02 7.067444232224568967e-01 2.921688466146477037e-01 1.762323980772892984e-01 2.939173164702987284e-01 2.523475145910403228e-02 9.025117323823066418e-01 8.485851578514845839e-01 1.144007229895096511e-01 4.247318960448007719e-01 5.081499476606071708e-01
8.234570277850770115e-01 7.554672768469600230e-01 7.031593941321031549e-01 2.080915915306714714e-01 7.858325942334760672e-01 3.907219283782100705e-01 5.451223682649516400e-01 8.733019909846019280e-01 3.993665183287083975e-01 1.035868035552423017e-01 9.795021273104280723e-01 3.926176112334097690e-01 6.693176902409120332e-01 3.364782735226681254e-01
6.275716939445105114e-01 6.484911088137695900e-01 3.860719400013155056e-01 2.929991640673531572e-01 7.434123882656062943e-02 1.717570800838645884e-01 2.563981692318585415e-01 7.035715158585411633e-01 2.535037704093396904e-01 5.367115970834324123e-02 9.410465816379008919e-01 2.578578707479858290e-01 9.728677296570487076e-01 6.223739132648841155e-01
9.644863183571084075e-02 2.315565513355686278e-01 8.929815911378408133e-01 1.801370731221478838e-01 6.447002634112009023e-01 6.827795301243557713e-01 9.575905891328816422e-01 6.990040884121609954e-01 6.735978577824002222e-01 7.902948185877175513e-01 4.974956081310714096e-01 1.673294132103985143e-01 8.209564037297191197e-01 5.289231439682671176e-01
1.069396075494833953e-01 5.874413826051265719e-01 4.161497831039101536e-01 6.570121205536191278e-01 7.713405775984408796e-01 4.699271758132121946e-01 2.312381065565515259e-01 7.210827737369437385e-01 5.243940018084790600e-01 5.764732895859502326e-01 7.946807856355732058e-01 6.203303480537253334e-01 9.881458976188456367e-01 8.314958691077729558e-01
2.633985632705464486e-01 4.558849279920188513e-01 4.788026836484304827e-02 7.428834199141199912e-01 4.242234382231913070e-02 1.346891964966719923e-01 5.668174960386143102e-01 1.990317591039857392e-01 4.673326676357029141e-01 7.192127203880970265e-01 2.902832594897513108e-01 8.419594928414381174e-01 5.436698432481290588e-02 1.248804821780724605e-02
2.808560993150176488e-01 2.747895282215579993e-01 9.067557890092114992e-02 1.587436656264623602e-01 2.873247580905985421e-01 4.278814973345183015e-01 9.005351418297347088e-02 3.795378946853221747e-01 3.183006859286585666e-02 7.288871278740447490e-01 9.031785913932943721e-02 1.143144330606238324e-02 8.209499279209118150e-01 1.745621491198349196e-01
1.219070803355352117e-01 5.677721224575993375e-03 7.287992425839469046e-01 2.097067445966239729e-01 8.962913298753231173e-01 1.877482655479015827e-01 3.018721994401535325e-01 9.930777106187452796e-01 2.726904999502688387e-01 5.413220139702888956e-01 2.986238299939949492e-01 8.855085567482353648e-01 9.513681368815576356e-01 7.473756572572907153e-01
5.095193824460366727e-01 5.227420681982327677e-01 1.900263637547751072e-01 9.247041674402928235e-01 8.990170475910725933e-01 1.301361630650120782e-01 4.765030606683227088e-01 5.178974680598601443e-01 9.334107581127149000e-01 2.194867918414137309e-01 5.167808773655068189e-01 1.235724291897059013e-01 7.886113895294567522e-01 4.624797703852818742e-01
4.123833825794853691e-01 9.632067713961206534e-01 9.637661434737331279e-01 4.914724141387963874e-01 1.543979853684352976e-01 5.243481837353722863e-01 6.529157119811718202e-01 5.796298854059342975e-01 1.610104238805191157e-01 2.824697912519952281e-01 5.429226962025683889e-01 6.973779109248865460e-01 6.828708374761925937e-01 1.497141245412362265e-01
3.708863289903566729e-01 5.515028814739800778e-01 3.775079393003747397e-01 4.894240014849744469e-01 7.347829681819665337e-01 8.684475963643379925e-01 9.022918590003428108e-01 3.516849241576791574e-02 8.306003251559067602e-01 8.460616730903163241e-01 9.192781852850169244e-01 7.965283630468475984e-01 8.113508823444822715e-01 3.906898165075393115e-01
9.104119554584300111e-02 5.633870421368486481e-01 3.686585760067775386e-01 2.466464530307143077e-01 2.877237071965603743e-01 7.552801384125459316e-01 9.953310590686818005e-01 8.021466340199779887e-01 2.920892643262414934e-01 3.626154374982409889e-01 7.697234985531995477e-01 6.493324852162202232e-01 4.416249903717720526e-01 7.029309445992968364e-01
2.454444306451017965e-01 7.814339424716281179e-01 1.041947783478333056e-01 4.520330053489812761e-01 4.424710996591062484e-01 5.470344691770493428e-01 7.798846954960034772e-01 6.699989804830367435e-01 7.313886078281665037e-01 5.350155957383180283e-01 5.183037253309288328e-01 3.977689327389304363e-01 1.445987539295500168e-01 1.463993923512149076e-01
1.824334232430244729e-01 5.824699579415264505e-01 4.480450421451411813e-01 6.489812449085092805e-01 9.068217483724396732e-01 3.337495447692657713e-01 9.270053835275600118e-01 3.387778663809933866e-01 5.792995769922073546e-01 9.413969285818446497e-02 5.472836697040572851e-01 3.282330377481084138e-01 6.013810723301179495e-01 6.572596410023261448e-01
1.319554915351567326e-01 3.281517557252159323e-01 9.793797769178517187e-01 3.444921178157585029e-01 2.623018930054772380e-01 9.929179868485739080e-01 7.320863998641281567e-01 1.100508377547131378e-01 7.183898312491645566e-01 7.068465506907198881e-01 3.198908800560943400e-01 6.900191807557298773e-01 4.980795668949888899e-01 2.236536660613113181e-01
9.213264328434712658e-01 7.986413558634339882e-01 1.807794426516456943e-01 5.372696704260004896e-02 3.596943578459265156e-01 5.359776692790837460e-01 7.686059867434060777e-01 8.934944479091971870e-01 2.915402492709467941e-01 7.641957664151590723e-01 5.839892683895928638e-01 1.684289261061480136e-01 4.627976271717586521e-01 1.086797940114520022e-01
2.632540774288759655e-01 7.301224097069901608e-01 4.741688520653430938e-02 3.985944030648082004e-01 6.732187296441752844e-01 8.478078358423195571e-01 9.630699754983794714e-01 7.109321587459497271e-01 1.662720034085228837e-01 5.432085368980051898e-01 5.474123230441106935e-01 7.044340271704815359e-01 2.459687195699040707e-01 9.728392533576667445e-01
5.280361364330634633e-01 4.816375571352626839e-01 8.191378850552699653e-01 1.399654680703219523e-01 4.009743011136496227e-01 2.093678314667025697e-01 7.497658023467738131e-01 5.367878308849014513e-01 1.356196087949886886e-01 4.742598118350027647e-01 6.989978157408199833e-01 1.791897898171812553e-01 2.976072475280946428e-01 3.460495324236834147e-02
4.451267237985973013e-01 5.104832513237790304e-01 8.877396046845943411e-01 1.720959935418053810e-02 3.825973935830560002e-01 5.802975141892438016e-01 7.101389281545811283e-02 3.737626410387402398e-01 9.256631255556686533e-01 3.642052320264357324e-01 4.777714570132327587e-01 6.336082591023514121e-01 4.468776300256773748e-01 6.800093087180181239e-02
7.522650528042337248e-01 6.119780500376216237e-01 7.802534560490972382e-01 7.745538707124688393e-01 6.727297359374950769e-01 4.729759600890113269e-01 3.391605102176923348e-01 9.020695342049436238e-01 9.408759901715886276e-01 7.208228694429881234e-01 4.865208344645999272e-02 2.579212100702931165e-01 8.226295827134996186e-01 2.264154014105917989e-01
6.029417510835647365e-01 9.412971116927042470e-01 2.986695518092681301e-01 3.600527286964593232e-01 7.001440121692561469e-01 6.764318326548486304e-01 5.323238468456057415e-01 5.658356252667734454e-01 1.856245654066926987e-01 3.618141139667688799e-01 2.185383613784633861e-01 7.715617220799932952e-01 1.125254049398739520e-01 2.224997866815582315e-01
2.441893773354094632e-01 9.188761106774389065e-01 4.367764712281516637e-01 1.416139661847450881e-01 7.925458498755525438e-01 1.700233225458147590e-01 1.295454731596442643e-01 3.684227302854051755e-01 6.500963962196973922e-01 4.065606586757817276e-01 4.736231505117769469e-01 9.762758486402041136e-01 6.578787712040329305e-01 7.950044131438298578e-01
7.271193786464554831e-01 5.203233469923062016e-01 4.947644263090242855e-01 1.840446706765722640e-01 1.833461908212826730e-01 5.799816500585620593e-01 9.559413450745777308e-01 6.058572227920535624e-01 1.835255026587954141e-01 8.353457326765370006e-01 2.786146586096392985e-01 3.859096337012019040e-01 2.354747354569284301e-01 3.507880588346419248e-01
9.318316044903862672e-02 3.321561130776721216e-01 1.020252535390381299e-01 8.249457200168638371e-01 9.801983211454751155e-01 9.214716685085022618e-02 2.563131695990729098e-01 5.387681585797273742e-01 5.898499722870077511e-01 9.840387226120645980e-01 4.437400712258378066e-01 5.442165881641463088e-01 2.167058250431965760e-01 2.493586434429245768e-01
5.754147898515430404e-01 2.396492597093711208e-01 2.888677833151727103e-01 6.722816457537970081e-01 7.878656453268058080e-01 6.348279969794460298e-01 7.063568790183666346e-01 3.196969033274014160e-01 5.487392417290872793e-01 5.156606768872606938e-01 3.079653159451339883e-01 8.838554003109786450e-01 2.278161452629674510e-01 4.262020850769968616e-01
1.523236412339391554e-01 7.623091029842474775e-01 7.016950788467237743e-01 2.767914143449782260e-01 7.716711486427252353e-02 2.045292331872137215e-01 7.156540629386974883e-01 2.377893178725233314e-01 4.565912779698093615e-01 2.780289239468880513e-02 7.080177487948645654e-01 3.250472683727751999e-01 8.509002752932665059e-01 2.523008930155600238e-01
6.184877181856709427e-01 1.769346086345172653e-01 3.036208496970351778e-01 1.328958021036985571e-01 8.817275111939812948e-01 1.567797087933076039e-01 2.093630628583857956e-01 2.334639174123769312e-01 7.636154159300574396e-01 6.741470769253612438e-01 6.430997569656717872e-01 3.690633082585426106e-02 3.255318238969092670e-01 2.771120367377516436e-01
3.965496333512333882e-01 3.021493318850683174e-01 9.808880264195224408e-01 2.306355366473114010e-01 4.890573933751484192e-01 4.719516911528472969e-01 3.284019424647666163e-01 1.661681884770389583e-01 5.079394962151393411e-01 3.442784516892191116e-01 8.320763189274082983e-01 4.674787098423454079e-01 1.931040875146412539e-01 3.154008170869454508e-01
7.561943672741662237e-01 1.522859305946178132e-02 1.918400850672760116e-01 8.483698285236495051e-01 1.604913935097020961e-01 6.114761010263961571e-01 8.754177802186345891e-01 1.166630660293210831e-01 7.000475865253504848e-01 6.377710553231374924e-01 1.013563283499979706e-01 7.468775004243243254e-01 3.643224916230036747e-02 6.459748124736430785e-01
9.155588284935778365e-01 4.316172538751944510e-01 6.920226420277015844e-01 8.767810993572259237e-01 3.352319881222540765e-01 5.956266093399896766e-01 8.665984449645306453e-01 8.390364131220594546e-01 6.401044220572921217e-01 7.981269004406797984e-01 4.945835457449945238e-01 8.276803011648221631e-01 6.154579067237145873e-01 8.377752178119440840e-01
4.521476225637517388e-01 2.687440825785407661e-01 1.344985671271872185e-01 9.256530568054591734e-01 8.461458317268568674e-01 3.135046933036429451e-01 3.217714757431633377e-02 7.069209311442067323e-01 9.224462511388287211e-01 2.835889297481994920e-01 7.015535172858708979e-01 3.526973285739405384e-01 8.461378419602036960e-01 3.481906717294842579e-01
3.331789940675913275e-01 7.801607564351017432e-01 1.552490095948938498e-01 3.622996649776366596e-01 4.281352338476303032e-01 3.332318774762034197e-01 1.743234581626652568e-01 7.478874238530960339e-01 6.918172904781856314e-01 1.941837841449096658e-01 5.993363581319957056e-01 4.490178237203990008e-01 4.742047436071594735e-01 5.268287960524503655e-01
6.049135909718382775e-01 3.869206376144792570e-01 8.892826845807346725e-01 6.147246871028546611e-01 9.343554825003744790e-01 9.899275477352353914e-01 2.328151240601693539e-01 7.044626276796159825e-01 6.429348313043315999e-01 3.402338477192873301e-01 1.973479580319328353e-01 8.311333797274550461e-01 9.772959589760965571e-01 9.446026382288449375e-01
1.230409157322797098e-01 8.109551901842482202e-01 2.420446428271234574e-01 2.719906200465712631e-01 5.024657442877966673e-02 8.942023297394438019e-01 7.416336909666749744e-01 9.857001074806077678e-01 7.294667768723205326e-01 5.269403969918292630e-01 6.579738249173987530e-01 1.892653847815362056e-01 6.863226207398961387e-01 9.901163824150908122e-01
9.247486495477749147e-01 5.722983294178263236e-01 1.009731316541889745e-01 2.719855750224053903e-01 7.269880756609218286e-01 6.489061691580296776e-01 7.282556312438559498e-01 7.369224402375954552e-01 5.792956306632308650e-01 1.286914714735434284e-01 7.478257798678692447e-01 4.977603866538106159e-01 9.830062481110236616e-01 7.514362095847478829e-01
7.971527105854493422e-01 9.455349898043118317e-01 1.518922728913827402e-01 3.921316592439043625e-01 2.573560685546999460e-01 8.870599910974683588e-01 6.607310340537614346e-01 8.327005953358893597e-01 7.079582812108481393e-01 1.701469868516708450e-01 9.695528101102997010e-01 2.244022616968990302e-01 5.227558517714032682e-01 4.960273595661092161e-01
3.984830737779233578e-01 5.103163432484273399e-01 6.681555426832737066e-01 5.223943969592431680e-01 2.073388926276344968e-01 2.409335933004335129e-01 1.525635184182202453e-01 7.965622702686312451e-01 6.912248747305905772e-01 4.371946519685245836e-01 6.960554194142060114e-01 8.421306734001672289e-01 6.563546049145891903e-01 5.655722796431782440e-01
8.587811453953967389e-01 8.000688316705676373e-01 8.612243068918796762e-01 4.189451770464929226e-01 9.226979894532252313e-01 7.897984679653113904e-02 9.235262275104687557e-01 1.468034911984978930e-01 5.275202441008169929e-01 8.649032580523451363e-01 3.162889834212665452e-01 3.105481517730512842e-01 3.212730261221016237e-01 5.415708657272854110e-01
5.618135395947597699e-01 3.033857311817368396e-01 1.186764114764226052e-01 9.716107182610074222e-01 6.372889613678035525e-01 9.694803798246518500e-01 4.232946525946292837e-01 5.074539902079424625e-01 1.938109612699768780e-01 1.281338382151797628e-01 6.030538648208264574e-01 7.117632817691187386e-01 6.700603689947242092e-01 6.049350527435382041e-01
3.284329485775487889e-01 1.522261130578821398e-01 5.989005738596998585e-01 7.381517553108855045e-01 6.183190269933214189e-02 8.035838761211826498e-01 8.579825648876056032e-01 9.515875815442513819e-01 9.409972901382829269e-01 8.010220872250825019e-01 9.371091933189823475e-01 5.468060203562818966e-02 8.826285955369466141e-01 4.959646945517317551e-01
1.543606094942115980e-01 7.419019594716989019e-01 5.938253745218757818e-02 8.723926379003964504e-01 4.646343698406569800e-01 9.588200405204301280e-01 3.713833985656282977e-01 5.173194718179717766e-01 1.763087241018932438e-01 3.085146085305555674e-01 4.161906964330174263e-01 8.413574260679437256e-01 7.097838171910745286e-01 8.523070712181324282e-01
5.779961039474583728e-01 2.740922422891656218e-02 3.944637695914664510e-01 2.179027097134861313e-01 9.399112415396073672e-01 9.507856652684039123e-01 2.312404183473837360e-01 7.526895662330173042e-01 4.312785498132212236e-01 7.694381241586660813e-01 9.557585141440497756e-01 1.990040294306377744e-01 3.210595430769318526e-01 6.061543146828882733e-01
7.952833290672012279e-01 4.266343716442106970e-01 5.173034704780542503e-01 9.569230118926168593e-01 8.398623386052229689e-01 1.985867964287783005e-01 9.416678288486139969e-01 1.419516697040841269e-01 8.918105112795927658e-01 2.773649369824230382e-01 4.139931019248410671e-02 7.675503345093319663e-01 3.233153453235119157e-01 3.971169821233615504e-01
2.467732648857000610e-01 7.481477821916316939e-01 6.559495195340037110e-02 2.785639950597103009e-01 6.453954970125126422e-01 2.224025947513625923e-01 6.759169833463248844e-01 8.270414858870154262e-01 1.546857685521453307e-01 7.682972979471247577e-01 3.350765746881390061e-01 9.776855725619879589e-01 9.651115040986696370e-01 1.728848806878120481e-01
2.807357907695329224e-02 7.084541385711726758e-01 7.675929986551545126e-01 1.125999665988841603e-02 3.946233158873638791e-01 4.457016033538083732e-01 4.130998629445858938e-01 6.446490815008929509e-01 7.496817644058171304e-01 9.826761060422709582e-01 1.708502510540638175e-01 3.065286435565950374e-01 8.388712628585908160e-01 3.551029490439431280e-01
