6.518193096346939219e-01 1.325643628150230402e-02 8.192536357844535377e-01 2.465856664994784397e-01 3.696694684398679209e-01 4.837332037389957540e-01 1.186927656356281391e-01 5.435753146372835909e-01 1.975117717479264456e-01 4.170536866865142134e-01 8.737256788648654071e-01 5.196395283870918202e-01 2.001283114012011310e-01 1.642336481975339435e-01
9.645359278115224200e-01 6.936905920902698419e-01 6.075815986371236876e-01 9.081007002782106596e-01 3.065606240637210878e-01 4.910170437192558079e-01 4.005670887780502509e-01 8.548551124179522009e-01 7.666385631903980258e-01 3.811619830816456167e-01 6.090126245683942230e-01 6.649514006987681247e-01 8.409596218568419213e-01 7.912080780404621150e-01
6.584522347436490008e-01 5.639624110989379657e-01 8.828392568555847308e-01 4.833835891281703656e-01 8.056736311592559430e-01 5.581346402329883105e-01 3.215812114384336562e-01 4.785514743923647840e-01 9.715897704286788894e-01 7.878743784674911987e-01 3.280715149781296969e-01 7.373901203605385257e-01 6.326881580924748061e-02 1.033999798974557516e-01
7.353363336417413354e-01 5.148556888473426740e-01 1.031339438387850471e-01 5.315128173572249981e-01 7.286801811039622656e-01 3.542098310854474574e-01 1.513732592284762202e-01 4.286161925050069321e-02 5.182076827395453167e-01 6.490639647882113783e-01 9.754211853389375131e-01 9.948549379717129826e-01 6.057971583913527303e-01 5.977983750177013889e-01
4.763369830860342269e-01 3.381201101236807061e-01 5.593438525911602621e-01 6.035191327333757627e-01 7.275242664995695829e-02 5.555869678806989453e-01 4.382982468777423257e-01 4.322731518327148637e-01 7.867711995917009427e-01 1.294874353571892067e-01 5.981353689778834415e-02 6.779182984141304269e-01 8.032917056022265134e-01 5.871035363651494476e-01
5.061217463804928984e-01 6.644450372666889093e-01 1.227095453818383142e-01 9.472788347413825250e-01 7.157659667618361254e-01 2.810942576649462232e-01 5.730867548921843024e-01 6.429828823353864742e-01 7.557871911331129899e-01 1.620735889763602611e-01 4.608439639263035570e-01 4.825299867479306837e-01 4.146596598941529876e-01 3.010879569482696194e-01
5.742092941095696679e-01 9.479529173122164254e-01 3.547769639031944644e-01 2.396389748314364798e-01 5.735487198654550811e-01 3.231193221160510998e-02 6.760554026937394267e-01 2.049024082506155642e-01 2.666854663371240886e-01 4.841620622235639493e-01 7.206913071654185154e-01 3.837884413697120189e-01 3.517397150001655426e-03 7.801775795723114859e-01
9.499890768945873365e-01 3.958296467166345645e-01 8.400730428467618749e-01 1.372858912533292397e-02 1.703867689497392535e-01 7.142392295161451576e-01 9.237622179740806461e-01 4.364965762268002702e-02 9.998975768703401990e-01 8.968779565049834757e-01 3.978755781414629045e-01 9.300376154836184073e-01 1.181024163618066281e-01 2.419827449789112572e-01
1.958054924030117050e-01 6.284701575395796880e-01 1.556313801909192662e-01 1.274816704617371954e-01 6.083353643483027096e-01 5.443454726700580615e-02 4.436960947218371309e-02 1.569585144813145927e-01 7.792722968282120855e-01 3.764341571082227000e-01 9.010812904117636579e-01 3.664042027625882270e-01 8.265485940044975388e-01 3.972980506141992052e-01
8.392948177689208977e-01 6.545889176876922289e-01 2.510502948870092510e-01 1.299010789152488243e-01 1.963386803610451814e-01 6.501263100529163230e-01 9.803893135289715177e-01 3.225521561613433619e-01 3.283886414558864209e-01 7.574752546642151696e-01 8.943957431004444514e-01 4.416559051384298940e-01 1.929525454792434536e-01 8.076656732277625039e-01
2.071402283722265647e-01 3.207472212065552997e-01 6.605871748955830514e-01 3.122484413501119827e-01 6.713535243102780603e-01 3.641389104987623471e-01 5.846302042092687001e-01 7.739867805651513555e-01 2.748470345485127808e-01 5.491687383973676839e-01 3.796166462582021284e-01 7.915616479310101372e-01 2.202692114633970633e-01 5.699924349289771097e-01
9.768221680970268217e-02 4.778567660612141887e-01 4.361958909496893577e-01 1.212358639720848563e-01 9.725521140563344602e-01 7.176758863440509950e-01 4.768771709928507629e-01 4.399906362503880342e-01 6.078499399160651739e-01 5.242325559946974245e-01 6.651552126725532865e-01 8.675490143950631561e-01 2.977015918843349818e-01 9.173488196696204522e-01
7.010027323036882585e-01 6.221763508064814818e-02 5.557902913100842834e-01 4.118564751205054941e-01 9.301993066230673790e-01 5.381846604224944652e-01 3.778558549660251398e-01 6.706231342627471115e-01 7.041247427074843745e-01 5.208182761718452847e-01 3.116587102858333624e-01 3.035115841429881778e-01 7.965070934289264493e-01 9.955519131685672818e-01
6.328442355669976482e-01 7.803631584918699904e-01 3.639155493316943435e-01 7.588417757600496305e-02 3.771430557018243812e-01 7.220209850520441508e-01 6.474931756999361410e-01 3.153436202270749611e-01 3.042999316641183949e-01 1.080329580277669121e-01 4.439777191247007426e-02 1.227210443889868996e-01 7.573576174475915579e-01 2.813969887240972412e-01
1.094561442942665330e-01 7.192594332486322850e-01 3.291988823431823974e-01 1.715206646716977978e-01 3.041235312743627572e-01 8.755166707544543847e-01 7.075335433146769937e-01 8.288347138303741035e-01 7.226712470346008388e-01 9.605515775014167312e-01 3.493693941579530948e-01 9.804328825582565576e-01 1.110669143804909886e-01 9.719931026481929415e-01
5.683117184389457899e-01 4.509387652232186294e-01 2.725859443856400999e-01 8.153632743491637802e-01 8.293200264869473592e-01 9.246641739369164670e-01 3.813639476926201644e-01 8.110562893422015307e-01 3.649692626416204400e-01 7.660820901808587102e-01 8.078225400654126531e-02 9.052865206557291211e-01 4.689388841772910155e-01 1.764968257374714966e-01
8.008749671250814384e-02 2.483739954351305013e-02 1.414356331267301314e-01 3.760812460883794506e-01 7.401372948055485734e-01 3.627479066732772761e-01 9.923299844101152178e-01 3.774081954170463993e-01 9.688402156312135860e-01 1.533651007793191967e-01 4.330681069489298318e-01 6.543899832550427176e-01 4.540812355763453878e-01 6.554369972024522983e-01
6.476894061243547718e-01 7.764934700412762236e-02 1.158902752096436783e-01 3.815970820409360087e-01 1.425175448091534625e-01 7.906460151886116616e-01 6.177527230257451318e-02 5.867914789717942892e-02 9.271798812551981239e-01 5.773090547402258688e-01 8.424072121051983109e-01 1.957605832210196350e-02 9.349011123640661447e-01 4.343001012334792854e-01
1.937943027479325231e-01 9.144919723121619493e-01 4.320093549600867444e-01 6.158840938090862638e-01 1.366897434557639013e-01 6.198466566783757958e-01 6.605016453756329398e-01 9.470279080147728790e-01 8.410876771310237254e-01 8.970811822047786155e-01 5.824567125858270966e-02 3.568042660852580594e-01 1.532159209161597646e-01 5.089151079024797353e-01
5.743058896905790522e-01 2.201843067036292068e-01 6.503388449576970043e-01 2.801702127050892388e-01 9.585772908645440182e-02 1.117181092561716493e-01 1.518026723494708685e-01 8.834033781339449831e-01 5.291197536113705358e-01 6.148082053471892738e-02 7.938226353670366775e-01 9.984527533867997295e-01 6.491404435704394293e-01 5.895509360864429338e-01
5.731608852548519817e-02 6.093976994648442336e-01 2.788857999554732459e-01 7.530704947583466424e-01 4.350762933162367618e-01 2.725427765293407800e-01 8.242450502448508409e-01 9.496099034445184550e-01 7.896307726293056994e-01 7.867019995659647602e-01 1.248098892647664382e-01 5.388462662784417878e-01 6.272110170149896025e-01 5.091840424059037584e-01
7.870809396739406605e-01 2.369833985473972504e-01 3.238521493512865890e-01 3.528025785390018765e-01 9.755510664569657653e-01 6.596790094894369183e-01 3.230732524002873918e-01 5.166347518794628391e-01 8.626583621728195483e-01 7.843357563497481699e-01 8.984873631162620944e-01 6.565946404214759724e-01 7.448361519413637666e-03 2.150327695637115344e-01
3.402095414002765938e-01 2.980554062938397530e-01 4.070304210667393674e-01 4.097881295579597349e-01 8.397813510195689668e-01 5.890532040862009877e-01 3.383927798915565832e-01 4.841519162819135635e-01 8.334902613677623862e-01 7.810753129650865878e-01 7.670468446576357291e-01 7.067798605327009209e-01 4.492344672420467422e-01 9.920809952629210393e-01
8.804607722313111395e-01 8.390493369370720655e-01 8.203857125787025195e-01 8.816043060883090865e-01 9.081446461607898257e-01 3.014217270640551227e-01 8.491011122499835251e-01 4.405316335241437065e-01 5.216922477645058454e-02 6.065088451468779729e-01 6.454425895877985431e-01 7.138671598860675260e-01 8.438866355875154213e-01 4.137959914609872225e-01
1.384468286669293668e-02 8.601696569133154835e-02 1.140178133177973674e-01 1.490567699797124002e-01 5.094403972955818816e-02 4.484709005723024333e-01 6.840656839664857047e-01 4.662663875302895944e-01 7.751949492264031960e-02 3.134841774403587245e-01 2.238923755862355369e-01 6.185288860437015979e-01 6.199882149446748203e-01 3.575649848531119446e-01
3.236897201886335118e-01 5.251760829537268638e-01 6.658806708657555307e-01 8.988283032680632889e-02 2.766639195158038245e-02 9.903672541213667246e-01 9.961757483889809306e-01 7.893300390753682505e-01 3.252836723436373090e-01 4.826678277496171399e-01 5.472200933735423822e-01 4.691983620955197942e-02 7.130326955650835297e-01 5.699297793166246962e-01
1.256286055209671071e-01 4.865676486068688522e-01 5.006423982418537477e-01 7.513920706461058030e-01 9.438930806098135839e-01 9.114092834417965028e-01 1.444831219183997373e-01 6.592634639751145942e-01 4.723410140527040113e-01 9.046997659703936989e-02 9.731653483852416020e-01 7.599852156247877133e-02 1.879417213044225488e-01 5.253974443247320103e-01
2.252207527169209911e-01 3.957409980994657239e-01 7.170604385294502281e-01 1.594476947085907703e-01 7.383160756338330577e-01 9.906420151697209464e-01 6.285288082780684515e-01 4.204881058488785239e-02 6.892383219980815490e-01 3.328154418260630409e-01 7.299976151531254454e-01 6.783339078586335669e-01 3.152050789907464567e-01 4.043245156745378655e-01
7.650534525522511009e-01 8.665423556278690764e-01 9.506753004704393550e-02 6.865112015205921958e-01 9.252755978992975860e-01 2.926577064407840378e-01 1.260518662655437661e-01 1.007285046361706682e-01 5.777244312884678434e-01 1.118671526678352013e-01 5.703036932009942772e-01 1.308014195061353302e-01 2.858432742284178207e-01 9.909486014033886958e-01
6.928029968738265154e-01 3.733933652750418553e-01 7.311824813537965984e-01 7.623510256424455012e-01 4.398267567078039120e-01 3.700264903446404130e-02 3.126111909082456286e-01 4.487288759247270997e-01 5.356507735118646307e-01 6.576821939700697728e-01 5.913207857646685106e-01 2.095203747009644069e-02 5.227247032638997482e-01 7.625474291043210506e-01
3.735813247443423579e-01 6.931939443659362876e-01 9.854234137222182000e-01 5.455706068994813362e-01 5.850129149970487719e-01 8.019636318180461965e-01 4.744657166535231063e-01 1.501460274729038424e-02 4.999797242948336162e-01 5.682215568085999813e-01 3.350237726440015162e-01 3.919924857801553308e-01 4.743980921102494142e-01 7.766135000917662179e-01
9.563364511846040861e-01 1.940164760132677690e-01 7.227180057774809097e-01 4.250987742149505699e-01 3.912929184628251011e-01 4.030560036973023230e-01 1.856353430208292909e-01 8.640528421530193626e-01 6.723788608144484202e-01 3.503239864566963790e-01 6.486628228117523598e-01 6.489107023777251904e-01 1.880785849795906239e-01 3.448407555131198787e-01
1.523966052258385329e-02 3.165073877540883762e-01 7.828287782328259281e-01 1.798304846932156087e-01 5.188452829828668067e-01 5.794113956552618960e-01 9.860987156575817814e-01 1.636043747244619873e-01 1.944889567756591386e-01 9.451816072627294840e-02 7.046546863598738275e-01 1.090692069299574740e-01 5.756792310254056355e-01 1.011129142832900563e-02
2.775655138393091637e-01 6.020240228251316772e-02 8.002948712765355355e-01 4.700316047732889801e-01 3.110540435291204719e-01 1.748160562328778811e-01 4.079201562908852940e-01 8.170337307466131183e-01 4.396062192397021118e-02 8.224155519622888821e-02 1.709499997868890731e-02 7.406075177132419585e-01 8.838936171538797071e-01 3.035733363456690759e-01
6.626182742550412730e-02 4.588722188571809912e-01 8.959814737031916998e-01 6.395787545076726532e-01 9.885574403728902837e-01 9.533900567040677343e-01 4.147715773189892818e-01 7.796153908945335775e-01 3.920589587352607541e-01 6.050593281321906547e-01 6.390060657935742183e-01 4.814838245080341750e-01 9.847922353920776084e-01 5.485142257321591330e-01
6.634477078040632581e-01 5.418100341762831507e-01 2.343256205526167424e-02 9.369811902840410323e-01 9.585909050718193214e-01 4.137468820654595092e-01 8.143198048078822415e-01 4.799641028226462325e-01 5.389966733030672197e-01 2.276844844067579254e-01 3.432585583112452987e-01 7.533127118976759018e-01 8.164557659694604563e-02 5.892007217121285612e-01
5.298505677170302075e-01 4.260236189288226782e-01 6.072149615274048395e-01 8.486999574531557400e-01 9.816691259562305705e-01 8.608351476820531589e-01 2.152548439498003230e-01 1.256864981881112842e-01 7.746245724072897687e-02 1.811786698966701969e-01 2.250485382787772437e-01 3.531944091786839435e-01 3.117621743262682932e-01 4.294568846800412842e-01
2.683518475057732333e-01 9.633405217153953037e-01 8.807137515775703696e-01 9.823527264368667744e-01 5.875532693248384231e-01 8.236047222939013590e-02 1.501033370055490090e-01 7.159483603657744721e-01 7.001246394381525073e-01 2.231324509169214654e-01 1.688954014716679275e-01 6.915169677634896983e-01 2.358504851670928382e-01 6.946193554483370836e-01
5.657491689886288144e-01 6.315547644714742948e-01 9.740333294618361837e-01 1.322255727489910493e-01 7.800372703365128224e-01 4.533563807539386925e-02 3.222004656144010770e-01 7.227669827520555312e-01 3.267782191858739083e-01 7.761219207999089376e-01 2.173272972206613529e-01 8.727133419688940519e-01 4.930934707503207282e-01 9.173124883976424560e-02
6.344036450097511048e-01 9.393760941880091586e-02 8.290922489638747894e-01 6.909081593120658393e-01 1.284784840770103465e-01 1.446783682797690984e-01 1.034387249689370236e-01 5.051452012513412138e-01 9.707569723013310670e-01 2.523566455441259571e-01 3.375373143957667299e-01 2.577077023264630062e-01 5.731675194414567187e-01 1.738902128231778477e-01
1.294396917515071577e-01 3.614888798675018888e-01 9.059040518993776159e-01 9.001508707138974330e-01 6.742286231670024943e-02 6.709667818708379139e-01 8.530406266489425349e-01 4.172931016931596959e-01 4.187818548384959483e-01 1.850442993630221356e-01 4.874967005529421415e-01 1.598258630094785415e-01 4.428029371300495898e-01 7.892195601841150987e-01
1.056636396352224061e-01 2.609503086160365193e-01 8.699456937473081242e-01 3.919946390898779720e-01 4.047491020754397928e-01 8.921621710409671779e-01 9.211869089171395020e-01 4.460201045958600563e-01 2.694382303653122257e-01 3.999460281768456582e-01 6.212599585733334928e-01 2.052394130359070923e-01 9.052787995077496985e-01 9.428376932237023667e-01
9.498438106041573459e-01 4.019055473205843665e-01 7.568034740272787664e-01 4.916049952218354280e-01 4.112145827039744850e-01 2.982731995185572416e-02 8.651327085239982617e-01 9.693949772959287170e-02 3.810324842250684130e-01 7.379314617582309888e-01 3.638665679604984327e-01 3.319263360026184495e-01 7.340289673349523758e-01 1.145402589864895626e-01
6.128975335884004894e-01 9.224575589347480120e-01 7.648106791665708615e-01 3.679907889884769245e-01 1.749042571902258425e-01 8.952390353444226179e-01 1.826672384017549167e-01 1.590378398379083125e-01 3.593996025400498784e-01 4.353781480111404978e-01 4.425895635869230293e-01 4.241308513773404121e-01 4.125864170344050175e-01 7.085666312467021610e-01
7.699900887493632551e-01 7.269210496136279120e-01 7.073478175548852942e-02 3.087705636897832839e-01 3.458292643574503167e-01 6.986677149764353167e-02 7.416191937693616953e-02 2.773103022254621575e-01 7.280588180829483669e-01 2.253768720658292368e-01 9.851678678722330940e-01 4.421145179392979019e-01 6.023767645196493881e-01 2.877271636462541693e-01
3.746307697839803552e-01 1.117644174637097976e-01 3.051261205306523561e-01 6.628028144979503100e-02 5.103162426724353606e-01 7.085819951063935251e-01 4.511827453229833029e-02 2.298585279388576375e-01 3.102983754429656793e-01 6.965048696674682738e-01 8.750119408071572735e-01 5.003818627144982489e-01 6.049887560268648601e-01 7.311782375326950634e-01
1.536673625731451720e-01 6.317876011273415582e-01 8.322125422433963582e-01 7.175928192564019481e-01 7.514870709406940019e-01 7.030177090767059100e-01 4.899032256065203317e-01 3.604931304441877371e-01 1.100450943790787228e-02 6.982337605883282006e-02 6.801424314575825747e-01 6.088429338827386905e-01 4.087819700786647914e-01 1.579667744284778408e-01
6.955029835642093650e-01 4.834576981640941185e-01 3.308191697103768369e-01 6.293444250111467353e-01 5.910882105895491900e-01 5.872628870886007491e-01 4.434167845097592986e-01 5.598140652313915444e-01 5.482204778790281674e-01 9.688075339673877240e-01 9.635664509380996723e-01 7.411150341020918964e-01 6.268715368369350838e-01 4.511134043761677592e-01
4.389231210648382175e-01 6.824700227355684490e-01 5.325663742624301422e-01 4.461323503822852699e-01 7.176357090262215355e-01 9.235167088823978965e-01 1.793251370958779400e-01 1.584076872696549287e-02 3.435810488267247997e-01 7.144156189026128478e-01 9.980627505958560297e-01 4.094619198095372781e-02 7.613274441984596574e-01 7.907203070834722958e-02
1.591717157370652336e-01 2.824775336939755466e-02 2.783462113946192362e-01 6.973245914178318738e-01 3.862525744259766025e-01 6.578506262520078529e-02 2.540316893472807092e-01 5.159078441867509524e-01 4.203294999850679670e-01 7.619971329545709438e-01 3.850634278047102566e-01 9.019351360427944053e-01 3.622380009886020380e-01 6.935621166378178604e-01
8.395738069041180918e-02 9.409944246003804080e-01 7.664099536364633591e-01 1.470065582716411079e-01 9.150024438963905160e-01 7.273073395401014052e-01 2.733423412252937723e-01 8.729058117772060532e-01 2.195926145153316300e-01 6.531433959398307287e-01 5.588900056438604880e-01 5.759920341433133473e-03 7.340628075683424125e-01 1.620390471956685285e-01
6.940376616335253157e-01 3.271324938333775023e-02 9.343399575927658907e-01 4.535983165549367646e-01 9.307308336854923647e-01 7.847998477618606250e-01 2.196914185027937227e-01 7.709845395681410585e-01 1.174363893831317229e-01 6.802639547402928866e-01 8.114270503434978243e-01 2.466588672239865554e-01 2.164193890231687067e-01 2.348156123943789808e-01
5.953559340165726077e-01 2.956146174075839905e-01 9.503619355386316858e-01 5.261236305530488933e-01 1.063272908012158346e-01 9.164552986263979628e-01 2.549994157402399875e-01 4.149950430151525538e-01 4.352585865653649799e-01 4.251552159284094357e-01 5.682851703886837580e-02 2.757056422628313408e-01 4.948497299299754459e-01 1.239762433710853706e-01
2.370979387290007567e-01 7.048963766450784263e-01 2.433904199581414796e-01 9.832354098668127929e-01 4.727278759013349152e-01 3.911077876006092691e-01 7.040323346875393407e-01 6.039564761324464071e-01 5.579371002801863932e-01 1.480342748172793765e-01 7.822453107649282034e-01 9.935854129452609262e-01 7.122529990577375347e-02 8.904145932579587974e-01
1.233119364369329451e-01 1.823001147927240106e-01 6.660527492105293712e-01 9.532307570114868511e-01 4.657663124804261034e-01 3.067862042511904086e-01 4.001850644167266324e-01 7.338072893258924534e-01 6.416277605882384494e-01 7.768747189728015812e-01 2.606927639116572992e-01 5.661695452930274319e-01 3.224656168954934676e-01 5.265952814699091933e-01
3.024443128501993483e-01 4.054003904116563195e-01 5.185222089422458769e-01 2.063604771182458997e-01 6.856247691823972312e-01 1.510524957707749527e-01 1.789545146675021181e-01 1.707398184456647705e-01 5.750154371408160436e-01 5.411755229971166870e-01 8.556853828928548955e-01 7.932245060716736074e-02 6.165732425092965707e-01 6.130260887775824674e-01
1.939342812619671008e-01 8.371749734204988469e-01 1.902936840747571079e-02 2.980740093014605518e-01 2.059164974752593080e-01 4.965000888810244817e-01 3.675956694321317331e-01 9.327556919095743027e-01 2.238544183594470827e-02 4.141830159311697956e-01 5.930602776359726880e-01 7.927108902196273732e-01 7.038136971142812115e-01 4.701702966850043186e-01
5.046202549087556166e-01 2.631894268965560002e-01 7.752456678556921554e-01 3.683803035246688840e-01 9.469177531728393271e-01 1.698191337111772947e-01 3.011322328129000248e-01 7.604312723437579580e-01 5.659321592597332806e-02 8.967074427751294818e-01 7.613408525429484763e-01 1.062148041496420170e-01 9.068288094533135668e-01 2.987680832342261006e-01
7.121350574716510673e-01 1.914532255737796396e-01 2.045585437719958932e-01 5.737537055613761705e-01 5.837342987956943841e-01 7.662580405330410294e-02 3.780093152150881819e-01 5.810454091895972395e-01 3.584834963235158378e-01 9.710657157047017929e-01 8.600545591322911188e-01 6.520497574864431156e-01 5.807796272407075300e-01 2.570410035450880759e-01
8.479130813532209654e-02 9.690010670843136609e-01 5.517940222982891108e-01 5.120447890632040533e-01 2.095413108511202660e-01 9.159869343496349625e-01 9.559965121315271430e-01 3.567792651424039896e-02 2.714528650095618945e-01 9.008354126152237074e-01 5.107495131507517883e-01 7.577129780933983261e-01 5.581772343633736311e-01 3.270427706185222716e-01
2.724612003422901552e-01 9.140105700232615815e-01 6.688716217264254471e-01 5.390894579473547443e-01 6.536002326813348251e-01 2.661399464604954357e-01 5.598952546474941228e-01 3.658964136030845582e-01 2.977851085779821272e-01 2.971421194739857219e-01 9.563428430500942046e-02 9.586056066162290668e-01 3.669557804246889043e-01 7.699155037036107263e-01
3.663501616885620482e-01 5.902540732850006799e-01 5.654780848268202709e-01 2.353041333300320836e-01 2.585718115693861341e-01 1.517758208481424509e-01 9.668340524291649807e-01 6.094732935364548521e-01 9.241882196780140113e-01 7.645509513174536531e-01 2.670769391443961194e-02 5.181583544165989652e-01 1.372494933878809498e-02 1.058632562878998318e-01
2.345595440634766771e-01 6.474754933290768344e-01 2.025826970746037459e-01 9.486728526271192008e-01 6.337124731722556525e-01 3.101075829209929413e-01 4.764111435941230654e-01 4.761690612451416893e-01 4.619524135328993975e-01 9.121002242617123335e-01 8.290065720137088645e-01 9.679507878097411977e-01 1.818465212120032870e-01 2.513941250881248646e-01
4.032192158330616394e-01 6.109191161989233620e-01 5.097035722109303224e-01 5.708071815037596419e-02 3.934797415507227392e-01 1.848544948198831417e-01 4.666075082302656440e-01 9.509493768004142478e-01 2.294323368174836508e-01 6.700073503428977117e-01 1.851433068514103386e-01 7.736352739694962732e-01 6.203603760037142978e-01 8.241913790226702563e-01
9.253441012041117020e-01 9.073593060908904384e-01 5.416732401340097480e-01 8.706409926063987115e-01 3.255965723980922544e-01 4.244791132595565619e-01 5.886480049171587403e-01 7.370097255438463613e-01 3.765378028112242870e-02 9.685583974520883821e-02 5.531616273093006297e-01 3.124075436442613762e-01 7.463527035273802568e-01 2.393272976751563696e-01
2.011273160616715572e-01 6.130880463177351691e-01 1.173183945972301467e-01 4.905327136639772156e-01 4.202811031986419810e-02 9.830319497544787177e-01 4.133950423129884033e-01 5.324898233080813670e-01 8.041505433599466235e-01 5.029702420884772929e-01 7.660758869287943584e-01 6.307284092391396424e-01 3.165968710623754401e-01 3.958049930545173289e-01
5.758246468602266077e-01 9.754914581216747038e-01 4.843593765189803113e-01 8.996365159500462338e-01 5.779363560171163483e-01 2.925504905901731290e-01 9.948311375798319922e-01 8.843149871713597010e-01 9.283044815159091634e-02 2.158372564936669180e-01 9.564968238807535217e-01 6.949283214540136200e-02 6.879413097092770268e-01 1.717057106173224268e-01
4.720263987657742355e-01 6.075348299426550636e-01 2.668192995225431297e-01 4.075784028216923316e-01 7.586924644810009166e-01 7.208516483547444675e-01 9.546576583096328950e-01 9.030164710324372068e-01 1.797735807475412395e-01 8.286546660954422494e-01 3.829068841024434455e-01 6.512792978396859667e-01 3.417710192905596411e-01 5.618099297088415822e-01
4.566875598419851690e-01 6.062211685051808185e-01 2.643507729317401411e-01 8.551722422737806362e-02 1.271257909086366267e-01 3.164131341187919055e-01 8.494014938615243038e-01 4.513671996700170386e-01 3.626861209463998481e-01 4.930337976985703641e-01 6.965574371411323851e-01 5.090641821847970983e-01 8.982996975773188675e-01 3.015630679277032655e-01
5.462352900068683237e-01 3.513092632679635230e-01 1.281382700221210813e-01 5.661813359865450757e-01 6.342762721411638882e-01 3.658554507242984810e-01 2.638224393454380312e-02 1.186887327349758214e-01 7.089643154671808611e-01 3.537867037583638519e-01 4.175520736422222434e-02 2.568372031365064867e-01 7.679155845841776351e-01 5.515388575701108964e-01
1.437688223223791972e-01 4.118417436650220198e-01 2.415937913042927043e-01 4.871199202938325534e-01 4.258740743846027854e-01 3.165487417761314592e-02 9.081499180789249781e-01 2.278391093204553686e-01 3.423988234634487426e-01 2.451304242865456340e-01 6.096940509026393951e-02 8.473868489984796026e-01 4.934579706327135717e-02 7.406549857525674962e-01
1.320430731284930603e-01 9.795598126109478221e-01 2.455766303636729431e-01 9.005063416974028456e-01 7.121164775329695829e-01 4.644982930814752775e-01 8.658444925242818613e-01 4.979842639544111993e-01 9.052202982145683974e-01 5.920334554473565269e-01 5.622304281710033269e-01 2.820511390782456385e-01 5.016652079120320629e-02 2.144098731399529667e-01
4.581529381200668549e-01 4.332266154328571206e-01 4.106857474063980717e-01 7.861601889987774872e-01 7.617574788005230246e-01 8.746831335761068305e-01 2.928609644476368734e-01 8.022646571273779337e-01 3.423964875104166250e-01 5.321382697346277446e-02 8.878411942774740995e-01 5.915379174164892007e-01 1.327566359875489432e-01 5.733022121913766700e-01
6.621908774148400623e-01 6.761895392001854299e-01 9.438542963279320519e-01 1.204779288592484621e-01 7.252088460540794257e-01 8.309722802096111138e-01 3.843245038973598371e-01 1.493832773712472362e-01 7.973556709760956096e-01 7.339953692773160121e-01 4.006229408375494572e-01 4.801243088618861732e-01 9.875580522544246120e-01 5.274147496497979537e-01
4.407349888399727522e-01 2.192475919521071903e-01 8.507697256232842342e-01 4.828364474542327089e-01 3.481349382318470465e-01 7.921955834788800832e-01 8.814471808487266413e-01 6.145409027203423413e-01 7.211656315529558769e-01 6.507210130104650325e-01 7.407236714490387230e-01 7.273554046988284227e-02 3.470682694507339905e-01 8.967193763649703442e-01
5.670253304414932805e-01 1.188083510598906267e-01 1.388632288847413410e-02 6.612523307366866554e-01 1.118756806686762584e-01 7.834831820839708305e-01 9.360933222301085488e-01 6.753391342631890337e-01 8.236779812495140796e-01 3.936127988552310386e-01 8.966983644916152185e-01 7.506161260219578191e-01 9.595491303229883862e-01 4.355924665352222114e-01
6.235896365362942895e-01 3.518465680573102938e-01 4.203380155538982699e-02 3.551891798964033065e-01 6.857452974034566884e-01 3.448849463700714990e-01 2.161544611573753549e-01 4.092151037840460193e-01 8.390728464034520329e-01 9.092191885933220696e-02 1.145845532470949335e-01 2.134696384005922987e-01 7.288836886880079025e-02 7.213690422103677946e-01
6.856082706572087515e-01 7.810344984358125187e-01 5.155104414271165503e-01 6.226732634749743145e-02 2.868603755133001254e-01 3.164511100232948460e-01 2.613993978108321015e-01 8.406997211797021530e-01 9.885241116097969183e-01 9.580230010982409006e-01 3.111827788983556609e-03 6.309479093630051549e-01 2.396252410110156772e-01 7.246003037722898998e-01
6.442110717806922571e-01 4.619736773980085420e-01 8.676657980929607383e-01 1.971182844831188552e-01 7.881696099640761455e-01 5.224717714891572440e-01 9.870084945289885336e-01 8.773733226300728383e-01 7.774457584325579207e-01 6.626850405186648363e-01 2.407223662211492865e-01 9.011833727951347184e-01 7.045881980247863385e-01 6.009904237469997357e-01
8.980428774428158567e-01 5.020822410674261604e-01 4.016923158490163237e-01 6.964544967973926859e-01 9.115450505768050160e-01 1.718232818871600065e-01 5.732715499046383556e-01 6.799673284139990947e-01 1.844337210131560267e-01 2.257416583698492740e-01 1.136121256535012058e-01 3.566464302861160895e-02 7.730185252314053512e-01 7.457144005501579187e-01
9.539534417418880086e-01 2.931173403858946536e-01 3.293027238657497691e-01 1.508197526567854885e-01 4.713564634175100299e-01 1.442029837872060849e-02 4.568675730459440532e-01 3.162271120645213651e-01 2.883312355360555523e-01 7.481102699358944674e-01 8.186633383619955628e-01 8.346545037045421944e-01 9.157562879203979822e-01 2.477269378027906477e-01
8.073495658772178452e-01 9.709676821793562507e-01 4.189372060412425158e-01 9.514446973564283372e-02 5.743059847393069406e-01 2.983508095529228132e-01 9.578711917369160389e-01 2.098376265394441553e-02 5.317187257637504549e-01 7.837022070722827749e-01 9.641471743436942354e-01 6.570777610045469563e-01 8.394371547566008562e-01 7.618571106766588441e-01
2.583587681339082343e-01 9.074326908660438340e-01 5.122911415054094419e-01 2.079762626006791404e-01 1.980276721874039136e-01 9.431561723701248345e-01 4.467136360140769868e-01 5.248911440412300511e-01 3.180185444207749290e-01 5.709612054030251960e-01 9.126447653492194556e-01 5.041188666254112771e-01 2.003747457380249397e-01 6.085941383485422573e-01
3.842437487159310328e-01 7.301682784889573785e-01 4.682887157281511170e-01 7.616683647511999222e-01 1.356559362928815293e-01 9.717427472388761034e-01 9.690027415821810264e-01 9.008938068193891313e-01 2.826716017383945623e-02 5.812213008103528367e-01 8.930402063887370456e-01 3.529719798806378872e-01 1.105607135446468048e-01 5.448900596536826457e-01
8.029308939355409569e-01 4.749247369781918193e-01 8.337069002295246500e-01 2.721232229028871519e-01 1.999113886907479820e-01 4.252467894974116813e-01 4.741768777261040624e-01 5.043581148739607611e-01 5.142881540432228116e-01 5.267200908444223950e-01 2.477196201575446732e-01 6.343223627033994783e-01 9.662718588603513847e-01 5.297350662818161027e-01
4.286515361913442179e-01 8.423493532824448682e-01 4.185240645937480242e-01 4.757398803774547380e-01 4.964734888763672194e-01 9.378999994275175611e-01 1.037292180689390886e-01 8.517005648479721858e-01 5.823620068230932478e-01 8.351996195005484402e-03 4.965668671893820330e-01 5.945339087788283905e-01 4.811965515774437874e-01 8.173093688807467894e-01
7.985098660540878024e-01 3.983195934635677116e-01 5.261435864856580658e-01 5.138746053639907663e-01 9.498822599920883070e-01 4.868792447164085324e-01 5.991396171008993576e-01 6.475423495341317004e-01 9.426456911257046212e-01 8.194218581768296650e-01 3.167431632631285687e-01 2.402439207688360501e-01 3.393467819038660238e-01 9.848442791209939262e-01
9.013971080421201432e-02 8.533648214322295811e-01 9.712869812340163556e-01 2.808128764970907465e-01 6.386560779603884797e-01 9.266328489526221013e-02 5.965880056350597593e-01 5.057196386677487165e-02 2.448176074789378820e-01 1.818682061538585693e-01 7.038263739170240729e-01 2.377667535839416146e-01 4.092277058931345080e-01 4.700795663951446990e-01
8.735811785516590655e-01 2.110801820296733800e-01 3.697349643634906258e-01 7.639965909799443233e-01 4.582071496431361357e-01 1.895361238186845654e-01 7.391186441700385856e-01 2.321992727116642952e-01 3.093688325382035753e-01 7.612673679484410760e-01 9.656083372369015372e-01 4.419602252082359684e-01 9.695090750740090746e-01 1.544592022700724820e-01
8.881933171536354754e-01 9.187571963612273240e-01 5.490878031100165924e-02 9.348356680728703294e-01 7.417984380196748218e-01 2.875217997255622437e-01 5.665516074642218403e-01 1.871353038872526353e-01 2.577779547922098846e-02 9.251981780137894518e-01 3.540401086872834169e-01 7.004321582499040133e-01 4.202163075694829164e-01 9.754440761441754981e-01
3.465753872292477444e-01 7.643263718758426251e-01 1.167382018113921616e-01 9.716571469452912613e-01 2.837069674514056672e-01 6.700285456042783805e-01 9.287263340423965730e-01 6.288238069096722116e-01 1.855180833968883558e-01 9.458308704442276449e-01 2.592489403525216618e-01 5.704894381109056889e-01 4.163202290607207479e-01 6.092581576750999428e-01
5.386729940143587525e-01 1.708585812604579424e-03 3.371456810933084469e-01 2.094248768176338871e-01 3.736488240553662576e-01 7.978950552390079443e-01 2.937394478670277698e-01 1.044499074111574499e-01 7.848954827261976908e-01 7.712425696129994179e-01 1.117187220071889087e-01 1.527602995147361309e-01 8.834735803506151841e-01 3.422098638170917306e-01
2.139307153857551436e-01 4.852201922616510288e-01 8.194797949631567047e-01 2.056455826895772221e-01 7.138420383755136323e-01 9.067111943886546621e-01 8.129975224915796383e-01 2.647571809205313542e-01 9.401786638554961995e-01 4.641639243920714364e-02 9.891858442512664329e-01 9.584444953953891178e-01 4.418793894525389065e-01 5.324407860234811052e-01
2.493954424059605657e-01 7.544916176633436056e-01 4.162774829223473416e-01 1.150268296886707287e-01 8.362943919537371151e-01 5.652646311144404745e-01 1.712242594676270935e-01 1.800673140374312586e-01 1.116900699520423368e-01 6.057637630119477867e-01 9.044824038467504934e-01 2.263846940511229366e-01 3.056349940740806792e-01 7.637941530325078610e-01
6.762306107384860043e-01 2.860196839188366980e-03 4.763526989446538185e-01 2.015016366884482268e-01 6.008013610123784654e-01 8.302441225618785170e-01 3.572922215742765362e-01 3.443429873320569268e-01 7.846824423749937383e-01 3.196827005765465746e-01 7.278139619051969822e-01 6.262594008094016784e-01 9.467958259894948547e-02 1.895118073336118369e-01
8.856055585803773722e-01 8.160964125088778776e-01 6.603095521581133776e-01 4.847306341589843193e-01 9.818795333308026896e-01 1.732438293329024992e-01 2.813605719136783589e-01 3.382670544005117463e-01 5.246059921591710307e-01 4.671003813404736027e-01 9.279366273379842101e-01 7.280914463275957038e-01 5.803865157997887270e-01 8.745254265679242023e-01
9.708615745271105268e-01 1.269870679562675742e-01 5.351142144525822264e-02 9.549631647834098125e-01 4.913648124568281705e-02 2.481033514164174836e-01 6.930439952018009331e-01 3.053399493262787256e-02 7.077184360922361694e-02 6.575855691407859194e-01 7.262114516607893755e-01 9.867471306436733647e-01 7.085006109365340476e-01 9.933410099498218848e-02
1.641594984368431875e-01 8.337072276704486917e-01 3.209674323985167721e-01 7.723408382729473054e-01 7.633164777014723734e-01 3.320103745851652466e-01 3.907778674626340987e-01 4.387606351859667519e-01 7.154902311887031408e-01 8.645092224392679769e-01 2.175242609599959964e-01 8.686643609617640260e-01 5.651002575653341076e-02 2.288691272852768632e-01
3.582761542149157652e-01 2.988094359451777260e-01 1.002160673987839701e-02 5.893396314640286793e-02 8.786303291139299088e-01 1.092151000220353829e-02 2.215075993985269331e-01 1.730112140464576953e-01 9.275424245744411378e-01 3.015488925163136713e-01 8.578796051251698085e-01 4.499607956037271483e-01 6.501258953514250649e-01 8.868775740998763313e-01
4.878837385586882736e-01 5.863101603922149518e-02 3.109620064105378390e-02 6.917280420529268170e-01 5.937173505570410015e-01 8.499210126030154466e-02 8.974091262625853993e-01 1.021305355297220663e-01 5.090238344395743297e-01 8.740233691839570662e-01 8.919698295781792741e-01 3.511918737183494788e-02 5.606190817774600044e-01 2.721297281624354136e-01
