6.276325085531099246e-01 4.383330126905725654e-01 9.936025959555548903e-01 6.018399603046089563e-01 6.846386008487778119e-01 8.137972267054376374e-01 1.481666667673131599e-04 8.921962427886964697e-01 2.381815415629419119e-01 6.661960590343364297e-01 5.362702873038492912e-01 1.832012598215480015e-01 6.853019363472845349e-01 4.857243075523247633e-01
2.786469524877922543e-01 1.418404333530531858e-01 5.308452146945545902e-01 6.599923785608020621e-01 4.782787229783180827e-01 9.639885796879142932e-01 4.430117074310805370e-01 5.377565363529468456e-01 5.779439254508412782e-01 7.513510860814666126e-01 7.654285294217709756e-01 6.550064301483321527e-01 1.664525069908062704e-02 5.504878183620746102e-01
4.082790925429673479e-01 3.224526989037269642e-01 3.394920783744509452e-01 7.651910398197966368e-01 8.695798705207653523e-01 2.695006467477505385e-01 3.469540042886654074e-01 9.225471558124636040e-01 2.794493295757708440e-01 7.645401767767707746e-01 2.709767692290940833e-01 8.356588606560858556e-01 4.929047018766982147e-01 9.996201382665053092e-01
1.693094366940826045e-01 9.004106237131974666e-01 1.265630181878109051e-01 8.690744828629434204e-01 6.937374686527386647e-02 5.643791613368759341e-01 8.942978748045382620e-01 6.209402969222435065e-01 7.634074803380298535e-01 1.767472910177358969e-01 7.465733692009161038e-01 3.692976704008303912e-01 3.967253752176788106e-01 9.808940940935118036e-01
6.208561382505015658e-01 1.186359479217059532e-01 3.478203315783248151e-01 7.483057513025281882e-01 8.806752749191957275e-01 2.154129567093037156e-01 1.110228003324561508e-01 8.452936481559851778e-01 1.613393804242794216e-01 8.169347761434180288e-01 5.302415759033187737e-01 6.604442094875481173e-01 8.499679499706966901e-01 7.591861848800252055e-01
5.993019480947742172e-01 7.525485288053700428e-01 4.897219141945824417e-01 1.307190455527795780e-02 9.681323378609940633e-01 8.045707441202465393e-02 5.590809824766942437e-01 2.603637419291857658e-01 6.406983418284026843e-01 6.337791683735194415e-01 6.786624019224031246e-01 1.409959298994878374e-02 1.898600592113744989e-01 4.942034194116693424e-01
1.993301186545561876e-01 4.616298283145066073e-01 1.977281661280042568e-01 3.043600491314798484e-01 9.380552103146337917e-01 2.832262116682502384e-01 3.308451524633704288e-01 4.135872422052166986e-01 4.902549436832163154e-01 4.292307792625145169e-01 9.401710003647766323e-01 6.387359984025201554e-01 5.045630083142385036e-01 1.554838442816530719e-02
8.877126189740985884e-01 8.631548553256362943e-02 9.201228425570275871e-01 7.303972555703318603e-01 1.046720206223037408e-01 6.259254175126954811e-01 3.385861032611702237e-01 5.514960275613042251e-01 5.497456677715629736e-01 7.897353916114081551e-01 7.379173091147409602e-01 1.930154876997016711e-01 6.626066822365502818e-01 1.347437571541133527e-01
8.523992860504743252e-01 6.641128405879807017e-01 2.370849102170687894e-01 4.993501166391753898e-01 3.945663607737620593e-01 4.358300783902625541e-01 7.578145545096317548e-01 9.127991461697616549e-01 6.359697422062080552e-01 2.639718999700522151e-01 1.531778711284557115e-01 1.716015657458141996e-01 4.290649114789590879e-02 2.529225497181597504e-02
7.985459655195508155e-01 2.505102594347800027e-01 4.893890134623699595e-01 7.455306542702322403e-02 1.821793017167760986e-01 3.037918426734551591e-01 1.366619899345016265e-01 2.722852850280483850e-01 9.359163758172160952e-01 8.227043591222704677e-02 5.805387333393499105e-01 1.240689035440815102e-01 9.394235321877653089e-02 6.819517848337350863e-01
7.363235152806758554e-01 9.816712767595802136e-01 6.851646414939648322e-01 3.641044071947718841e-01 3.051235954868678490e-01 4.601174436268656853e-01 2.904486257090610479e-02 3.726761121739983196e-01 6.961801107181284642e-01 8.283637593793251597e-01 8.674617498964187767e-01 1.836466650514390064e-02 7.251824084715661201e-01 3.745740261022710849e-01
8.141186981579152659e-01 2.533865259904177769e-01 2.928836719921923404e-02 9.294205583359685940e-01 7.535179723288992770e-01 1.584979386101541543e-01 2.276344507708557563e-01 6.840117826156935088e-01 1.226736314096875669e-01 7.504434722967560090e-01 9.370820487601139170e-01 7.087244095985041348e-01 7.025893169115443593e-01 9.690635034401395842e-01
5.897329330185394625e-01 6.443897431118591479e-01 3.899742748626615629e-01 4.257002988415947708e-01 7.169350607420043042e-01 4.078820027134605342e-01 3.160268704100336334e-01 1.248734424917097297e-01 1.481684866646758580e-01 5.285510841151762618e-01 7.588446971724966961e-01 6.153634321745855562e-01 1.008866271273516357e-01 6.937790856702830133e-02
9.748577000552546279e-01 1.027050461609904097e-01 6.705871779052200443e-01 5.639765416984610091e-01 3.335208597434398126e-01 7.242817514925691258e-01 2.172928432985012925e-01 5.935093627090474167e-01 2.740065342209703214e-01 5.395382556048217149e-01 5.467477289227028470e-01 4.151780309118044965e-01 5.746036129540866844e-01 6.550592502419781971e-01
9.020574395610558849e-02 1.485251172173424061e-01 7.296266674573717026e-01 3.377833703316227565e-01 6.565768228110169247e-03 7.792833896861863785e-01 3.416640817283101983e-01 5.679965632741599268e-01 6.379805797404722867e-01 6.822050355769951890e-01 2.701739670173821661e-01 5.462612835364336616e-01 2.301313476544050163e-01 6.316937954835885050e-01
6.083438660756802507e-01 1.514172214437885522e-01 3.685444280694653019e-01 8.889748662938496970e-01 7.199358401891727821e-01 3.396254966842288114e-01 6.390846248483594838e-02 8.871866534927111969e-01 3.560009288115928427e-02 1.444606097051270854e-02 4.501147766355884094e-02 2.147732910579623899e-01 2.780357110612751148e-01 2.202243311165335005e-01
3.620273929388828638e-01 5.658327839342276455e-01 4.972713430723963990e-01 9.429920799000534037e-01 3.392669262088519044e-01 9.270238430094206450e-01 8.222728398325978016e-01 7.966291320069806003e-01 3.420181268476507608e-02 5.383952292673221951e-02 3.771799452709483358e-01 1.514901991547501492e-01 2.313994057435955209e-01 8.127621194066944055e-01
3.726458933240510696e-01 6.357728627622210027e-01 9.459119258840910094e-01 3.966419476478305617e-01 6.990643353459230491e-01 4.917563659516788199e-03 1.875477855418861139e-03 2.504540309310221424e-01 9.832683519818473661e-01 3.971684199703708895e-01 8.275765789081263035e-01 3.513581885248281411e-01 2.486801485876133366e-01 6.667118644923616388e-01
1.407508337589309377e-01 7.995011192537682110e-02 5.884420005796203723e-01 7.518374426559046864e-01 8.989138801191807193e-01 6.926139994742530615e-02 7.969068063446373973e-01 2.571316861006192056e-01 1.979168429296689347e-01 8.386122826036265243e-01 6.790796039570482501e-01 2.830306189846425458e-01 3.242941839742639054e-01 6.118346473851175027e-01
1.150621055622266242e-01 8.103867111867748552e-01 5.355773672120913709e-01 8.544647668397736817e-01 1.813584266440673165e-01 7.057109811493726959e-01 5.189110780419903257e-01 2.723555922142005814e-01 5.586998697711504924e-01 6.323554674902399642e-01 3.487437532394099815e-02 5.701467325212538073e-01 3.311640779782119015e-01 9.983417846108703086e-01
7.401822782046436622e-01 6.497875515495223908e-01 6.295429487469536012e-01 6.993755044921802222e-01 9.043557333693398315e-01 7.855409856528257073e-01 2.492606395395391417e-01 7.825749831307280413e-01 2.873321677977846988e-01 2.203709452217844644e-01 8.319654349342725519e-01 2.734467404816333103e-01 8.980671232303966134e-01 2.631557180990011791e-01
8.050554146624365748e-01 3.080971595527528528e-01 9.432925788761955532e-01 3.263815375004615049e-01 1.006460327404085087e-01 9.695053297525901836e-01 7.502156068670573497e-02 8.421597752407053994e-01 3.634516436302099862e-01 4.292334725266950812e-01 2.413760387342681613e-01 5.588227742311429047e-01 5.931492035687068176e-01 8.681906612101670806e-01
3.651735016175767790e-01 5.987471873879091078e-01 7.132429791910195327e-01 9.946117893099829521e-01 1.189663960097007145e-01 8.977727875202359265e-01 3.830005415087054388e-01 5.539529177649809011e-01 7.065829978805382439e-01 1.762203400601020098e-01 4.288880015866896045e-01 3.371195283400879594e-01 2.853739573644633598e-01 7.580771231100300600e-01
6.810929282277933261e-01 3.199792344311396253e-01 5.033998320873861454e-01 1.791346970641238823e-01 4.663053883629070251e-01 1.845579306372566730e-01 2.475072153594151114e-01 8.256312225713827724e-01 3.591794670001937639e-01 7.777995932593945172e-01 1.570988172900347202e-01 7.138802629420032408e-01 1.494712447523249832e-01 5.973591592007134743e-01
6.443755397888693004e-01 2.538357144912645191e-01 4.076597215186210654e-01 2.778090220920708120e-01 9.164972234058202938e-01 9.063002949858945945e-01 2.341495834885100047e-01 4.023659322788188941e-01 8.884121340608521766e-01 1.287738524326009770e-02 4.223324250767811483e-01 5.180433625836150524e-01 5.947472530214181763e-02 9.153614422057940736e-01
4.804587895565383127e-01 2.929780297177355664e-01 2.227122346195998803e-01 9.653060089879470507e-01 9.075935934555421358e-01 1.825347240301580243e-01 6.411889365113877526e-01 3.383738153970516915e-02 2.309450900644149929e-02 7.416366705884303023e-01 2.832746613951322434e-01 2.891115358403871793e-01 7.713091566974995539e-01 4.266320363594012788e-01
3.493097257925360521e-01 4.602272625924175298e-02 4.313066649261162455e-01 4.807648539504911778e-01 9.422500438066103712e-01 9.601619389068958288e-01 3.985099325281705740e-01 2.644925126254146219e-01 4.620868805170877947e-01 6.369372938268724749e-02 6.995578729644283955e-01 8.156558876912330946e-01 5.058179072882055261e-01 3.800603474325262576e-01
5.003483107608612812e-01 3.076643918711481351e-01 5.350074949834112692e-01 6.151390391409740088e-01 3.263676210024162305e-01 1.887978260497452654e-01 4.885889939340833932e-01 8.747745450444395221e-01 8.952709880171849655e-02 2.474900794704057994e-01 3.518274049478660181e-01 9.598852011001117734e-01 1.073740270458583002e-01 5.676467436593989335e-01
7.836699251817087486e-01 2.980593747160120710e-02 6.599173221528487066e-02 4.399345664735412331e-01 5.670381726415749668e-01 1.565762161971886446e-01 3.766145639451989879e-02 6.500943615520117236e-01 3.114332332825979766e-01 2.556227145435463477e-03 7.449617687005281041e-01 1.527450882765647444e-01 8.051690470086360074e-01 1.628754126307460082e-01
1.256179441195023339e-01 3.744306873697343940e-01 2.620538479402501064e-02 7.013503032576220431e-01 9.999366833933434062e-01 6.672325098844619218e-01 6.184013145059551464e-01 2.430440993714397813e-01 6.916744430005967725e-01 7.874090280042084222e-01 9.071020401802836197e-01 7.495565649283897347e-01 2.478411650562707402e-01 7.086962926532328622e-01
5.768946191685860869e-01 5.403729852730293493e-01 7.536494129374696760e-01 9.793720640069807359e-01 5.302626617570090906e-01 4.652012955171066499e-01 5.295642954002161007e-01 7.421939482409940503e-01 4.245840410085697236e-01 6.228625964590156494e-01 2.009143932108973241e-01 3.468962209748679415e-01 1.699993839850754140e-01 8.313332958815993212e-01
5.779672391344862215e-01 5.703593053329529816e-01 9.849899001990090053e-01 8.165357030250776083e-01 7.688859829859965300e-01 9.973652351126945925e-01 4.655249399093150942e-01 3.481773779639963928e-01 4.735696051402672468e-01 2.090552330908157508e-02 2.944756799189214291e-01 7.795199377008343866e-01 1.920445694082045796e-01 9.417636688870878459e-02
1.969116775129207131e-01 6.644388235233487094e-01 9.180041421229546694e-01 5.217226737052219621e-01 8.970283131061462800e-02 4.435156427483645247e-01 3.914877996257037918e-01 6.208248335090056358e-01 7.594624698930918516e-02 3.297829993916011615e-01 1.630498802193326435e-01 9.272248874505875094e-01 4.380221013438454492e-01 5.646451589997893983e-01
1.399323143732582597e-01 2.043799581677663291e-03 8.081441790355329280e-01 8.414071699643229651e-01 4.124040243290554297e-01 1.746380871846080485e-01 9.161656035189461589e-01 9.871075983925063912e-01 9.463169384671799023e-02 4.980093743063689349e-01 3.991181706499803417e-01 3.152320335278581132e-01 5.358750252941767434e-01 1.341022631154593636e-01
2.477861366169168411e-01 3.025515270337693075e-01 8.646118599647077962e-01 3.002619848120036128e-02 5.391813372092424395e-02 4.202630654855102899e-01 4.134263544894535292e-01 7.699893790144995975e-02 4.972758688882468192e-01 2.413402709771041987e-01 7.448814388152846799e-02 8.022866725094263129e-01 6.905120947888292449e-01 8.526361767733550145e-01
6.531072814131699822e-01 2.592098299253352556e-01 2.671640679487476966e-01 5.606449499670660419e-01 9.536045873229279657e-01 2.632461028841359685e-01 5.183128100691778428e-01 7.283332003316959069e-01 4.683785606082567776e-01 3.946710818641050444e-01 9.742778780108879433e-01 7.513360066524968905e-01 9.495436669144663444e-02 7.221638057500402441e-01
8.987985881957897272e-01 9.441403840693365357e-01 7.171146566423607371e-01 8.998135553552157884e-01 7.163934624618850666e-01 9.952890457007996794e-01 2.960453114230472416e-01 6.449824395436332125e-02 2.190773068755058617e-01 2.915211496839731353e-02 3.674961444215847362e-01 8.042867509566266060e-01 3.126658897508272084e-02 7.685081020201294244e-01
3.934070396918161183e-01 8.296063508954409915e-02 5.387434332922664826e-01 6.007544401305038306e-01 7.572958673137030194e-01 4.697779358843349184e-01 4.425643939938698201e-01 3.973668455739886030e-01 3.312153570033915528e-01 6.244499849027043137e-01 2.154325757908348571e-01 3.208971911508723407e-01 2.625419625702102300e-01 4.061510328318993501e-01
1.627734905928708287e-01 9.493658076201877405e-01 5.470372112851916713e-01 7.142978283419308960e-01 9.096985396875175711e-01 8.806324057675651851e-01 9.947693569243676315e-01 5.513724716122619940e-01 9.387563266755993840e-01 8.958794764060827864e-01 8.087081517963383703e-01 5.817881424091133624e-01 4.384947554558678018e-01 9.664603202093308143e-01
7.777983437388036325e-02 9.702885397302157822e-01 2.668861557815762620e-01 1.909463451736640449e-01 4.551721617577539902e-01 5.410879022700842977e-01 5.523044241917561825e-01 4.586103682176894125e-01 6.641978301643470806e-01 9.397302671176177569e-02 1.068759627127549017e-01 7.598895204409795712e-01 8.321097939839795510e-01 1.091802770353880181e-01
3.408295834828181103e-01 7.518536185458019050e-01 9.611319206652946256e-01 9.764840849316676064e-01 9.097377612010315584e-02 5.697325465918895437e-01 1.653079348484332023e-02 6.100366222621420587e-01 8.240225405790683189e-01 2.720796323581922138e-01 3.757851498790424349e-01 3.233975870974004074e-01 4.993956906947576435e-01 8.353274052958589158e-01
1.366000598177714576e-01 1.748872696882194377e-01 3.043898067925832063e-02 1.987881619292217739e-01 8.610921182024841025e-01 8.362672813190252796e-02 7.645722343117177244e-01 9.806807658810421380e-01 8.590599381734002060e-01 4.270416988729650587e-01 9.157699505621389457e-01 5.573275779082341730e-01 1.522385895535773859e-01 9.918961522796510000e-01
7.178758563699374484e-01 1.561971196945560747e-01 4.087782811982959563e-01 1.059038549118898054e-01 4.241334226140229813e-01 5.547621096109766059e-01 6.830443278550042407e-01 5.590397236458695129e-01 4.361656299541363246e-01 9.250527491623746768e-01 3.422924795113047036e-02 9.657820352595840596e-01 3.281575510670163842e-01 2.994617416183852354e-01
4.153329999326371702e-02 4.838670126613831002e-01 2.478162700784858341e-02 8.641791031186076832e-01 8.274820185592348665e-01 4.776023332906411678e-01 3.224866299665984926e-01 6.409353986837795780e-02 6.158712114153193085e-01 6.361576170165950117e-01 1.632380346201958154e-01 3.126654336829889358e-01 6.664585867351663362e-01 7.757461760664796646e-02
4.402831157639929271e-01 4.128490925773186104e-01 6.994011405353668387e-01 3.341494504298317958e-01 1.407650674155305204e-01 1.660205524385605091e-01 5.350151938516395367e-01 9.003801400185309500e-01 7.523949539976337864e-01 7.425831978866536121e-01 8.813711133264382491e-01 3.251850162251178622e-01 2.698195957457827365e-02 8.709807260166746445e-02
9.947952232258538974e-02 9.946522679174815140e-01 1.411109414966462694e-01 6.874283818460918960e-01 3.579400680773739962e-01 1.019456108893767032e-01 5.800271253457960352e-01 4.861664197205234350e-01 1.625934333236251916e-01 5.920945139703873705e-01 1.052042204242964463e-02 1.520992373870819758e-01 3.540009017339529329e-02 2.823589963503305711e-01
9.161906396656334106e-01 9.507252573492177561e-01 4.380807156597650298e-01 9.139604700745203036e-01 6.433875564254689650e-01 8.800557141548006612e-01 2.080790985925425884e-01 7.923044110147808849e-01 6.617904799955653949e-01 5.164363129097286897e-01 7.561237529952954395e-01 4.410462578012058765e-01 9.000437420442187753e-01 3.189596425200251772e-01
7.731255324008317054e-01 6.226516807922612973e-01 4.137472128278847361e-01 4.165254678424724633e-01 1.916398872444976531e-01 1.987453700757729758e-01 4.849594051038921272e-01 4.425423827398621279e-01 9.466292961875045764e-01 6.346294291709411173e-01 3.183109310920606561e-02 6.082410949744548878e-01 6.217794317634263157e-01 8.970037697699234647e-01
3.867722026758739773e-01 5.555197412848624783e-01 9.332129243826581266e-01 7.934705446248698779e-01 7.411443561262145430e-01 4.611474302665546920e-01 3.778238346377376100e-01 1.932233089994660480e-01 8.847913227746747600e-01 6.897549220443132123e-01 8.679674626533838699e-01 6.296300851878356974e-01 3.649655604282994181e-01 6.204862795150333232e-01
5.520981964754191340e-01 4.986700662582708166e-01 3.681577974977402468e-01 9.505125817482733552e-01 7.166818793446477764e-01 8.378146857369945799e-01 9.246933765057264720e-01 3.214590765174374365e-01 6.495541504516711973e-01 3.953812730181915924e-02 7.046008426199221741e-01 1.159050156846402890e-01 4.320478433405180452e-01 3.151351994338718043e-01
8.137661537903508879e-01 5.182071589560499625e-01 6.270353377992987642e-01 7.720207594648310634e-01 3.346800741208335594e-01 7.771343055045665249e-01 6.995310758766862813e-01 8.276619260760817998e-01 3.968010983079875986e-01 8.964376084603964401e-01 2.369021374847820605e-01 5.631310528944540872e-01 1.880814153371779263e-02 9.627003207858025879e-01
1.271279353853078664e-01 8.701428525805834369e-01 4.735636121978179514e-01 5.776797450107874488e-01 1.659292874655878824e-01 8.025692993675769271e-01 9.825135745037795187e-01 5.753478960417299781e-01 4.374841340319339800e-01 6.243040808349126225e-01 7.079200974902463139e-01 1.294913237605070933e-01 1.352273008722320036e-01 9.351909839103793587e-01
4.304379048903461680e-03 8.745161154558322991e-01 9.139783219694197491e-02 7.725125386521254356e-01 3.597084194380106847e-01 5.357810063633883235e-02 4.477611339696575543e-01 5.256724952907143589e-02 6.855445472372512228e-01 3.709640884180457343e-01 5.183495789613190574e-03 8.580371257585204248e-01 5.389181649468109958e-01 7.357685258536944550e-01
8.471673726983366404e-01 4.048911546345722590e-01 9.962439869626482647e-02 8.984923680449498073e-01 6.539246863573501267e-01 5.268244843366126640e-01 7.586173410083557611e-01 7.674983646409077043e-01 4.786726089678008389e-01 4.277701167764615953e-01 4.460630668691027978e-01 6.139627670771828916e-01 2.933655821648665230e-01 1.907100158778505250e-01
8.126016142153312805e-01 4.871322192115095095e-01 8.308306580540976150e-01 3.238830008775661629e-02 8.252717953529830064e-01 8.329509566231435569e-01 1.756250262725875810e-01 7.318687306200171161e-01 6.305389983081344241e-01 8.523767732792359997e-01 7.631126812235285994e-01 7.126019409654948955e-02 6.740764866734391125e-01 6.376186503559824192e-01
8.774253272999468223e-01 9.698330417707247131e-01 1.255596737370523464e-01 3.805352161205317607e-01 5.726656157593058571e-01 5.704327940094551241e-01 7.860745981696292128e-01 2.613596955116496146e-01 8.318983901165925010e-01 4.341686333155531097e-01 8.663701273827212335e-01 7.912240092806486214e-01 6.230147865709091404e-01 4.363072368429432579e-02
9.006785699096073738e-01 2.163451128883843166e-01 2.160288948131260378e-01 8.753780559122432692e-01 1.972756225881706627e-01 9.174859928443525048e-01 9.263065336078086798e-01 2.840217863685571276e-01 9.940721506723130263e-01 4.891245981308631752e-01 2.313968513630456636e-01 4.106115254063407161e-01 1.401172328526723021e-01 7.388356796292447903e-01
4.276411868865603871e-02 9.264046289689392699e-01 9.713631580654743525e-01 6.740638465324310102e-01 8.736725579330377744e-01 1.320147773915691936e-02 6.073612230498888209e-01 5.813334817111579511e-01 5.631942755777414877e-01 5.955982504374519593e-01 5.953604208943595877e-01 6.694897115960829481e-03 2.088310025072005471e-01 5.488250244449899284e-01
6.047025574777615819e-01 7.636597262439853706e-01 7.818057235190538634e-01 4.935934942192428121e-01 5.206714788856768861e-01 9.378169066807474641e-01 8.581172440074416041e-01 1.639085502127559657e-01 9.526568556169791036e-01 2.326036915816536155e-01 8.146714760635441754e-01 4.142917233304425073e-01 7.536202613173581533e-02 4.442555891839494731e-01
5.837850290562506261e-01 1.596917607835200981e-01 2.067205477763693899e-01 1.090532997849542607e-01 7.255617297300700486e-01 4.006228640701244847e-01 3.624930590685907505e-01 7.049485162554998130e-01 3.877020696545286915e-01 3.209742727962929809e-01 5.488417448839815194e-01 5.212217225637090223e-01 3.816662963596558766e-01 4.008400786034055363e-01
9.637338748735941873e-01 9.399452489688606693e-01 2.098012991336332123e-01 5.668066551380447349e-01 2.316578628411778418e-01 5.563786130977943500e-02 4.088466712869193165e-01 7.494770923875992974e-01 3.503322534467540050e-01 2.900909776540387952e-01 3.651174988593464121e-03 3.687477836504157169e-01 2.964253416289774901e-01 1.150878560748650470e-01
5.633514626096325362e-01 3.248184762336242537e-01 6.572185283189099225e-01 7.099288768168948716e-01 6.708457366048529158e-01 6.750926698752416355e-01 8.810807641871242213e-01 7.553350580083657562e-01 2.950190751449041082e-01 5.871334389517134378e-01 9.908302469686849356e-01 7.025215764859389367e-01 8.386836139795239564e-02 2.116935616599425751e-01
3.108039059603037169e-01 8.050816329387234793e-01 8.708795023018831571e-01 3.507400331937826632e-01 4.595368673270591175e-01 8.357168316774158390e-01 8.993789844426035573e-01 5.374004255018495213e-01 5.429106133210825913e-01 1.840665267325142240e-01 3.926936784737737884e-01 6.844460379965980890e-01 2.365583537405108183e-01 9.820984850065186400e-01
8.596731640861557944e-01 3.753395678728542739e-01 6.116086827005847715e-01 4.535047927721109762e-01 8.358907360316456536e-01 5.130044165460425631e-01 9.636461969213881984e-01 1.199858230660573177e-01 9.600627237340499942e-01 9.698082513254727699e-01 2.724796106675519969e-01 7.846104959246473776e-01 6.731840418562564654e-01 8.024663065607603452e-01
6.067069271627931748e-01 4.190702594492812239e-01 7.940005149649743688e-01 1.033430196517531874e-01 5.299471729044795687e-01 8.630313593535122729e-01 7.381162792372247816e-01 7.557802384389057382e-01 9.486994937114987536e-01 9.028375119327259890e-01 4.668051396373280593e-01 5.737119154085883466e-01 2.030859480817970297e-01 2.394311870151218935e-01
8.219117244518570065e-02 2.148070947147531218e-01 3.309148634453432658e-01 3.937191417052432474e-01 4.637559987646223680e-01 9.810833068209271479e-01 4.795638244036590780e-01 9.516285884431259223e-01 3.091413123687625220e-01 7.502686850181122802e-01 8.268649727274964834e-01 5.117006199748930229e-02 2.374156217485768883e-01 3.898649579579687163e-01
9.073966275356145639e-01 3.937320756546351941e-01 8.319099814703794227e-01 4.925192168770652357e-01 1.279539273335648097e-01 1.960447586325548830e-01 7.130585473940400654e-01 8.364632613757982948e-02 7.427636764255235446e-01 1.959775456545745920e-01 3.920470156375838178e-01 9.072015479101946944e-02 9.410545342315770334e-01 5.176197376882315515e-01
9.139508250109775744e-01 6.757598489556890797e-01 2.018870048457868105e-01 3.315090077751883246e-01 4.370972749239889765e-01 2.653721120707552839e-01 3.090011307240480010e-01 8.645198821141564238e-03 5.482589706860699907e-01 1.569723835230689701e-01 3.711355617641397542e-01 7.034596875212689726e-01 5.600694098044407543e-01 2.377363016667036755e-01
3.266904319622743191e-01 2.423678057883337233e-01 8.018396568526547918e-01 9.541146324062047546e-01 5.778730920086928569e-01 6.075195518463583078e-02 2.816389781100009371e-01 3.227215925715131162e-01 4.429071569406024533e-01 5.872134680718164024e-01 2.681208327203742359e-01 9.894593022800542981e-01 7.611574180499331987e-01 2.235211918918337259e-01
6.450653515137633187e-01 2.538191999319765468e-01 2.512139807805461311e-01 1.852616300698384233e-02 4.359503506874597978e-01 4.593818158495152071e-01 2.185883791564557921e-01 2.390133060465102766e-01 8.315328360523348561e-01 5.709624285486695205e-01 8.399737064023350408e-01 8.399880833500383837e-01 6.538399665748443335e-01 8.164311700641099234e-01
6.763806823808105051e-02 8.501627352661000891e-02 9.046470084822166857e-02 8.621839390415507731e-01 6.844608966329324140e-01 1.826820731735142589e-01 5.874766701341459507e-01 5.025348405527045870e-01 1.754593731416588254e-01 3.216175304841850657e-01 2.886782061520886122e-01 7.867781769898442024e-01 8.128059842439760985e-01 1.123586211262994627e-02
9.641853064475641721e-01 2.946658724952406772e-01 1.484314946430793647e-01 3.537598331532615381e-01 1.878539060136656946e-01 5.585253636311717784e-01 5.770282256884422534e-01 6.531191041603808811e-01 3.469402575520014187e-01 8.089887038226473148e-01 7.745662995459978717e-01 5.776288771105617670e-01 1.698747735064206621e-01 7.478059480551868532e-01
6.951786176377388049e-01 6.683843670171289997e-01 2.065827185719143477e-01 8.683373707812303000e-01 6.120187261765033249e-01 2.144946907976182926e-01 7.907346576611430367e-01 2.284596040532371752e-01 3.186178365846569216e-01 9.929881329498024822e-02 3.991976968071953014e-01 2.410769403079729978e-01 2.626932680945482934e-01 1.591687201667052465e-01
1.351203879915449102e-01 3.032749512945361881e-01 6.487997175725298549e-01 9.088115170631291262e-01 9.435846300554335819e-01 7.084311099725492111e-01 3.427860837397783689e-01 5.235639524985514770e-01 4.330999676766966733e-02 4.778277711539026251e-01 9.134354362838853492e-01 5.658923936734061577e-03 9.383442164348686498e-01 2.709099940070545109e-01
3.761183726443865227e-01 7.386921690405390262e-02 4.513859216875729663e-01 1.927194721034464209e-02 8.514828261094764539e-01 4.474707434900150327e-01 9.869464892732955352e-01 1.325425249964234942e-01 6.415501182547420633e-01 8.722580178374075288e-01 9.836320445202428875e-01 3.219179687819934133e-01 4.400823559617553782e-01 1.545068922967918201e-01
1.003614415875034860e-01 2.708141043383452962e-01 5.644522472944243363e-01 2.259225632956597396e-01 4.544566240090176512e-01 7.262659629140950646e-01 7.732659976544461466e-01 9.404878357909622899e-01 6.063128520990119785e-01 6.988866988895280352e-01 7.800483711141716903e-01 1.565224945625228736e-01 3.052239525174638146e-02 5.104960325122738229e-01
6.403362946460894323e-01 9.367751262812726853e-01 1.114762852417130468e-01 4.417656287573545892e-01 5.088038878433305268e-01 5.970544436903258978e-01 4.298807321001093529e-01 2.332934291848179909e-01 3.889800212510018396e-01 3.867487265136682062e-01 5.378583746439613567e-01 4.279434689366443667e-01 7.425701451923113483e-01 6.927879380031388701e-01
4.008646861314174581e-01 6.173768316442346249e-01 6.757696967790216558e-01 1.771475088002968379e-01 2.752414237969188493e-01 7.456547583147205005e-01 3.279341015864434272e-02 6.738499181145244377e-01 3.504236046351162370e-01 5.359707312993834405e-01 9.903410910088173980e-01 4.076813233263664182e-01 5.543778442803434237e-01 1.845093967271752566e-01
1.465004298909989844e-01 2.296530337486668572e-01 5.274256139499734486e-01 2.378678626219626890e-01 3.125446930968817094e-01 6.620810666432627167e-01 6.708659294179345478e-01 4.017687429897079943e-01 3.467130361771166847e-01 4.855390619317412337e-02 3.124813224137994450e-01 5.452233163473276800e-01 9.597440124762363078e-01 1.675163367655696511e-01
9.114322392276243967e-01 1.251543816729230318e-01 8.916676053144332315e-01 1.238256487545088547e-01 9.096767098184053157e-01 8.691819113789776008e-01 2.128472685542066589e-01 7.671618064060362618e-01 4.200448684833050228e-01 1.297964929718562477e-01 6.042800063144050382e-01 2.678799257981945292e-01 8.746814110850459345e-01 1.180562763592138964e-01
9.151873333160052137e-01 8.541286333377842155e-01 2.765362988275035239e-01 2.863550004502792845e-01 7.466811293068051913e-01 9.244450347467597640e-01 9.962038737148283252e-01 7.912352770954478309e-01 7.351427023013469286e-01 6.196306823415094200e-01 5.618097851615984073e-01 5.280273895506174542e-01 6.627400735422905864e-01 7.289048461233963438e-01
8.721922079249089244e-01 8.063976682835175547e-01 9.351474248830631275e-01 3.612920767761576002e-01 7.911274176338332076e-01 9.166103993946783657e-02 8.460320603937629969e-01 7.662284249505892930e-01 9.884451924996752181e-01 9.656534863066679186e-01 2.778246731581047735e-01 2.713163469235861935e-01 1.689096764643689408e-01 5.751892409583970744e-01
8.768219465468740648e-02 8.815220011089508478e-02 1.770033994664353960e-01 6.018763665625199710e-01 5.335284838494308568e-01 9.384446637977810202e-01 5.295224098403505941e-02 5.810784147051806237e-02 8.622627294010976051e-03 6.408103947106356113e-01 5.322794190432911243e-01 7.962611917814980123e-01 1.287469847609830076e-01 4.226860299439012536e-01
7.698616843214487471e-01 9.927703175694128079e-01 3.037722459341470893e-01 9.234381176811523595e-02 8.887823623114388116e-02 4.072999214356198827e-01 4.348291337623543251e-01 3.139321653379526511e-01 2.456950341194500398e-01 5.274984158549209656e-01 9.881255951694741801e-01 3.216747120166674190e-01 3.090888951473411694e-01 3.492867516400649519e-01
2.701728006867548659e-01 9.729469511865828091e-01 9.295738716792533163e-01 4.865823211586535191e-01 1.041652861110603512e-01 4.442017791684255146e-01 7.062547487071039187e-01 8.936357172878321986e-01 6.546748664627816128e-01 9.980566655246798646e-01 7.612913493941561027e-01 5.505977541563702449e-01 6.424888363312560857e-01 7.701332175858753848e-01
5.718700510186003338e-02 1.419240278332845051e-03 3.790168518090916150e-01 6.976793679069251963e-01 9.323193742841088261e-01 4.479987202447844874e-01 6.458669844773373692e-01 6.159553888836104552e-01 2.543733264983705222e-02 1.724942376737588212e-01 7.248441824350682072e-02 4.088261644710045051e-01 3.641635704073290514e-01 5.211733295582263725e-01
9.928593441495972005e-01 7.673157815823571370e-01 4.510686835718346055e-01 7.488464572838283706e-01 4.562895857719494463e-01 4.766103404370768404e-01 7.615125452889903723e-01 7.837981684561102780e-01 8.994914471414983126e-03 3.117535818519097113e-01 7.556069762492287900e-01 5.630653866634464100e-01 1.459299336151868021e-01 8.511268804013794043e-02
4.607982734947602133e-01 6.379231628120818343e-03 6.668217867353409822e-02 3.056941729474671465e-02 4.536933845326974746e-01 9.966572985871968715e-01 2.610237661040282209e-02 5.823925557800969655e-01 9.037961880303218010e-01 7.123455956984833248e-01 9.868419123210546706e-01 7.642224875545885476e-01 2.165608231519691174e-01 1.780060141991741673e-01
5.607714892308387489e-01 8.665190708039823830e-01 6.374737060336926886e-01 5.594035331779241282e-01 5.108119344456840683e-02 7.257071621816623130e-01 8.506604898475894627e-01 8.747801457117162505e-01 2.683653128191479942e-01 7.327689160391900325e-01 8.833356392539493118e-01 5.657553534328174649e-02 8.503846025269724551e-01 7.503402844893185542e-01
3.425629277054308419e-01 7.407462521453157533e-01 1.849744900537908521e-02 3.510095455110736617e-01 1.110381321723651338e-01 6.012371620350287493e-01 6.768048451186474690e-01 3.418674592824648695e-01 1.875595997096607404e-01 6.675006597410740872e-01 1.837750927342575169e-01 4.232048360730481518e-01 9.188853710733019264e-01 1.468882450410791130e-02
2.090957638065787938e-01 3.649920663418348976e-02 6.336223723911593719e-01 9.606269523482915407e-01 1.749827246563466776e-01 7.820408833697486406e-01 5.898672158783356823e-01 2.286561601915039210e-01 2.132340017255706099e-01 5.492519884957224319e-01 4.933479725789963188e-01 1.648799135287968287e-01 7.643785548206007974e-01 1.117980124190226521e-01
1.955260903375953818e-01 7.892574171135908756e-01 4.478607312664925066e-01 3.637135760042435884e-01 1.284345315186464775e-01 9.029792880987564940e-01 5.404723057831612998e-01 1.379768503097671406e-01 2.989377175033641754e-01 9.765593364047542302e-01 1.798933291728643802e-01 6.160715775638647695e-02 6.448108554294137429e-01 8.748796740673591144e-01
4.457222806955450922e-01 3.510147592003756145e-01 4.061393094884803157e-01 6.943677088120241425e-01 7.244417112319908592e-01 9.418588121875459684e-01 6.944377139920394626e-01 4.362473435856170090e-01 5.966361841625621443e-01 8.869329843315436612e-01 1.490056215447035370e-01 4.091341625838220697e-01 3.241780177968209831e-01 3.452372056214330076e-01
6.315887436152014534e-01 1.429079334804195245e-01 1.660129325272345913e-01 6.602309719057123383e-01 5.817675351543835083e-01 6.363675045630065030e-01 6.727060923897993927e-01 4.519227855760726831e-01 9.468434143601682784e-01 7.399469688719576554e-01 9.591837595130865424e-01 5.658863343082546349e-01 8.239118839684862472e-01 9.704897482673003895e-01
2.755665491260889111e-01 6.914540438364285002e-01 2.701992835599429377e-01 1.980892248972283554e-01 6.124322419781522697e-01 1.482705211070280971e-01 9.817952744123259468e-02 1.959781123438915085e-01 2.619489576615827708e-01 6.168449179790076453e-01 7.246240956823274404e-01 2.271820173663396947e-01 3.515866973986802035e-01 8.129380721775861796e-01
6.591284063510671754e-01 5.095021450911768612e-01 3.252944109790419924e-01 9.456541996579312936e-01 8.370348623587353654e-02 6.280015218262587906e-01 5.402273009762390554e-01 6.140186782291021661e-01 6.677070052215411389e-01 2.166274213936458803e-02 1.151618653488267752e-01 4.473269370003236656e-01 6.592317918595143045e-01 1.512329914415234677e-01
5.313111878920985243e-01 2.913513898733333107e-01 2.706816793704397428e-01 2.934308738641230319e-01 9.305676559404321146e-01 1.577914484552166430e-01 4.876548742034390038e-01 4.653070635420172296e-01 2.236910293022095209e-01 4.310460661710291408e-02 2.945714981615912276e-01 4.444512261587185709e-01 2.964207328669185015e-01 1.254406522776017052e-01
3.694668360424838705e-01 1.997390578991824484e-01 3.644601218596399406e-02 4.477304080805792896e-01 2.677941550802713788e-01 2.350007909980614818e-01 9.875120545178923681e-01 5.455656791045787601e-01 7.998009510480196260e-01 2.441068040050357046e-01 9.041251006064113804e-01 2.830046774543282240e-01 1.221968004057983892e-01 9.967998110394036271e-01
1.463815528032164082e-02 1.932139645548525131e-01 3.127170706010248269e-01 7.569453605519211870e-01 5.760332836008634771e-01 3.415083439046533442e-01 7.812479033415540286e-01 4.812397869644623460e-01 3.665838278336474021e-01 9.564850459999083565e-01 7.162013148890149505e-01 2.753454642839044952e-01 4.906921554819893005e-01 3.020204061682769670e-01
8.329682557794438891e-01 9.065202988375032911e-01 6.456997811966026513e-01 4.983905983911729454e-02 9.519153238714930243e-01 4.247368814112690849e-01 6.357240449360559431e-01 1.753314428328632824e-01 8.123291039507146705e-01 2.069720426703236527e-01 9.474340570168948705e-01 7.175402030685347210e-01 3.675269951399789958e-01 1.127502849462509449e-01
