5.539681325885517094e-01 5.364969527808920446e-01 5.140097056411752074e-01 9.113798431622537333e-01 7.225900571738955724e-01 4.023471817888786273e-01 2.963374237158685753e-01 8.395148533514895650e-01 7.477099969428256943e-01 2.962591240976235607e-01 6.237550637321764846e-01 1.184823505570719027e-01 8.987147661447092428e-02 3.402120912920570950e-01
7.529483579639826285e-01 9.805020669425379420e-02 6.949929357889192971e-01 6.501404403017747580e-01 1.654770996964735064e-01 2.633601256185164052e-01 9.395991770376416197e-01 9.230610608665485994e-01 9.362821088447381701e-02 4.803440362801335572e-01 4.205506992709442393e-01 9.575146190286907277e-01 6.495388184042694135e-01 3.715358846342207144e-01
2.506387337796249781e-01 1.793136932118931659e-01 9.334748593422728113e-01 8.597986489059984416e-01 5.149467005094358063e-01 9.270474354674085316e-01 8.009076502238650086e-01 2.767565295232639055e-01 4.811887693690486412e-01 4.354000409309464192e-01 2.811188043154777549e-02 7.638563649034058045e-02 2.775399583214903654e-01 4.869691408995421300e-01
5.937802649500965035e-01 2.441359663107133260e-01 5.799434643886390850e-01 6.506716639871579222e-01 2.590171213745928736e-02 2.383612413006305220e-01 4.302020929568335372e-01 5.883630711346378162e-01 4.440054939664850320e-02 4.070709291738182634e-01 8.093653384671884998e-01 7.740867670343478668e-01 2.604653023623515473e-02 5.931894494155698361e-02
3.921558485972542751e-01 6.568555284012773665e-01 8.150638694205518675e-01 2.879963937023195530e-01 9.210061375456413124e-02 2.926562391157511156e-01 1.949657358136341889e-01 3.390626024554337370e-01 6.053401719209418053e-01 1.909666555356143158e-01 5.530660178601731758e-02 1.028068477363629496e-01 3.833639206454624304e-01 6.491789708411813686e-01
5.375338668589282332e-01 1.963126591119853659e-01 9.414403051875558370e-01 6.701100513113211754e-01 8.676169208655123422e-01 3.431481656684075565e-01 9.564415792440210673e-01 4.345112204063800165e-01 8.728134573301425947e-01 7.686711208542881257e-01 1.498297799321123280e-01 3.348424096613402678e-01 7.887490278136088939e-02 5.814725452891688073e-01
5.803777879698401865e-02 4.114516007363996364e-01 4.039232000368492281e-01 4.504742789352030874e-01 1.136771225821330278e-01 1.933837033330725319e-01 3.684098116438833115e-01 7.194878249849252505e-01 7.570396773152318071e-01 6.997951192322917624e-01 2.981955676982968040e-01 9.608420733314547713e-01 2.333334458773299591e-01 3.992105269397068223e-01
9.250098262409597316e-01 9.865211960895567955e-01 2.076094614873290611e-01 2.920491071270492345e-01 8.653502639817423070e-01 8.617052893997445562e-01 2.140950280604109190e-01 8.334539081374693348e-01 6.834070029688529280e-01 6.372036794155477857e-01 5.736781117412287356e-01 8.899705159684571099e-01 8.140863583681495763e-01 1.288693163046054080e-01
9.964344901986066372e-01 3.455962590764107834e-01 7.078698275316366306e-01 5.310144567127753623e-01 3.789935578802017258e-01 7.773649825537854996e-01 4.938018123505386603e-01 1.554957073113905075e-01 5.401524940278531473e-01 6.470656025676051470e-01 5.097557468882636389e-01 7.984648735260526653e-01 4.857810565407050252e-02 6.362533395645897372e-02
2.323103075855137423e-01 5.021710100118603748e-01 7.301811014733945449e-01 5.096591694341995327e-01 6.662231387033733521e-01 2.696221150829533064e-01 1.534826183922893827e-01 4.653114843053540728e-02 2.855064983124599998e-03 3.780183418631380965e-01 6.944396674211658071e-01 2.199222633953199502e-01 3.841539530385683632e-01 5.565735812345490308e-01
6.790243822086557968e-01 3.140636683593207579e-01 4.907754409909459437e-01 8.686907586017753591e-01 7.166430036397164471e-04 7.569267825957234352e-01 8.240733017737912336e-01 8.040977793001935492e-02 2.967326893569632862e-02 5.925935087821402325e-01 1.208844235107420229e-02 9.105948069181826199e-01 8.779551909446292601e-01 7.862699140061066849e-01
8.593654061270971090e-01 6.525711261682283215e-01 7.576468392226809456e-02 8.386229601972041703e-01 1.049056191298766150e-01 8.993879270569936635e-01 4.638604894465019335e-01 9.535641609608436209e-01 5.902405118535787309e-01 6.435965762871787010e-01 4.955157918604504719e-01 5.721171887584861615e-01 6.800110457569893407e-01 1.846753232232304365e-01
7.273935039645318401e-02 6.009650749960743221e-01 2.149212643242900400e-01 7.619994184928153835e-01 1.744966391244118231e-01 5.244637369297929785e-01 5.289797082682261564e-01 6.926488220931371620e-01 3.922482974354966068e-01 2.271582933864313425e-02 1.086723588948507180e-01 1.599700478838759210e-01 8.634052074193028226e-01 8.483812944598534411e-02
9.987136476803237795e-02 4.863427389375217791e-01 3.741561904400253491e-01 5.986462748254437471e-01 7.244165392189774177e-01 7.405849336208125688e-01 5.770796502034208908e-01 3.883745023762567028e-01 9.670006997121598502e-01 9.489080162390994833e-02 8.036924582805543560e-01 1.874346330239989866e-01 2.819261654729332545e-01 1.741165935785370378e-01
3.780622673794979960e-01 4.736008251301779826e-01 5.221408507313068936e-01 4.758551176549962181e-01 2.746697084712093062e-01 3.439881765105526901e-01 3.125924128602495244e-01 4.960881347302311672e-01 2.501501163611397072e-01 2.797443891166957464e-01 5.869736307383910390e-02 7.408600088807228978e-01 3.238209744306458360e-01 8.267914108564389242e-02
8.282833731323843152e-01 1.026164585554666386e-01 9.332234721112193654e-01 1.494522673697786797e-01 2.092093745389882464e-01 2.912644788938878460e-02 4.579553959284606846e-01 8.882906629222521167e-01 9.781308384247761056e-01 7.603433724860536591e-01 9.326681372483832666e-01 8.988393528378543218e-01 2.769130214855837213e-01 4.739917848464935135e-01
8.927241418413878193e-01 2.691720859109857367e-01 3.440773999113162507e-01 3.621323966100624681e-01 5.054025208096130095e-01 4.958019752617182085e-02 2.204932215812123175e-01 9.955852774308976416e-01 8.525159769990287018e-02 5.196984192576086237e-01 5.455259086596914164e-01 3.627005189190931622e-01 1.497714753663957898e-01 9.782200452530828150e-01
1.736491984646107989e-01 5.897433498414799136e-01 6.937685508483760755e-01 7.174985790152841325e-01 5.467040640879359259e-01 2.490314369614060608e-01 4.450606353843934437e-01 6.288929637835869446e-01 5.894481288003836639e-01 8.535170975399102300e-01 3.111329729489080709e-01 3.844358627044706100e-01 4.055325629510320162e-02 5.513756367088101795e-01
4.433521916959458631e-01 2.326223548458582480e-01 8.152398349795469956e-01 7.157408900871264912e-02 6.723886533734237947e-01 3.619176524943058526e-01 3.717919181577145071e-02 6.367731638536265892e-01 3.121673216938263273e-01 9.211868911101784851e-01 6.251173875419219206e-01 7.130296165931099273e-01 6.061769124956806198e-02 6.504282322876268063e-01
9.684275823427263008e-01 7.556954765273115049e-01 5.162337189486344569e-01 6.432955969321879630e-01 4.043978531419095690e-01 6.019245496017312513e-01 7.932475023190105334e-01 1.445046062773970297e-01 3.492905899439689987e-01 9.952093453399373235e-01 6.745368876802029234e-01 5.373584321172283351e-01 6.110749871830105651e-01 7.264658000210832967e-02
1.938409140646805140e-01 6.993988254870233678e-01 6.511262047823666022e-01 8.816201469120541478e-01 1.477557093893078211e-01 7.860667407769429404e-01 7.687870082068173350e-01 4.444423554268871479e-01 8.847017902520929455e-01 9.785370820949086390e-01 5.000289474821126845e-01 8.784662666035715217e-01 8.280118766245414541e-01 6.499703831033045720e-01
3.468070233346520759e-02 2.924711942874114179e-02 8.620034755674875759e-01 2.514436227039124061e-01 4.914980933294527121e-01 6.714085481547381606e-01 1.159214798527926638e-01 8.264449463178425992e-01 4.823762997926670515e-01 1.239007022926761348e-01 8.065850118752981857e-02 9.438670784539081593e-01 4.654125197739674702e-01 6.997890392652573732e-01
1.169874076921038064e-01 3.466897619447831813e-01 9.576562949550477821e-01 3.775433654659102745e-01 9.281342992344200349e-01 8.365788975272958616e-02 5.958614292291664061e-01 4.880206253515665393e-01 1.427111684315089946e-01 1.523383698234613837e-01 8.134792530037241454e-01 2.836335035025597806e-01 3.441401238187954403e-01 6.044720346498025920e-01
7.914828646229575826e-01 4.150254136647674175e-01 4.663915954606565606e-01 2.321375870096265004e-01 1.441286887913791892e-01 8.909270758612304331e-01 4.970927792600662309e-01 2.283424097279854736e-01 7.728806492418984764e-01 7.581955900781129909e-01 2.917627496741137527e-01 6.643109295951913351e-01 6.686803325599521841e-02 4.632505859321356390e-02
2.602821431303858901e-01 4.941643082090254602e-01 4.149731307556937532e-01 6.796450154694664292e-01 7.787337814820588511e-01 4.618899709163525324e-01 8.070470585638995775e-01 8.224974816219065010e-01 4.288647791144994947e-01 9.722721137218870435e-02 5.569546075780010819e-01 2.166632124851047836e-01 4.201476894359755798e-01 7.645153193224508703e-01
3.586862544852461587e-01 2.418670253705577089e-01 6.206683312910997730e-01 7.077545255995744133e-01 2.564780992902192525e-01 5.424732895450153913e-01 4.267320031704687766e-01 2.328568973237483686e-01 6.954468965411891856e-01 2.434849028280615668e-01 1.359228994150714076e-01 4.802728547484744759e-01 7.199459605669222828e-01 7.839819395514802114e-01
8.799561359780795344e-01 3.956202218798280379e-01 3.941398922386968318e-01 4.818199810645804604e-01 9.523850260133936985e-01 2.461402144431892314e-01 5.848503331755168233e-01 8.181801140566047348e-02 6.341368340875136456e-01 4.122758754538847770e-01 2.357113556660331843e-01 5.316767823447510199e-02 7.829171815134622348e-01 6.679757117151025048e-01
9.162600748617550916e-01 6.846648804657495813e-01 5.614348301930973673e-01 3.977603657983356245e-01 7.701186296175861479e-01 2.045587392876530020e-01 9.158269602190902692e-01 3.413004960083152461e-01 3.090935962969632023e-02 6.909346361770525302e-01 7.612059322271491624e-02 9.863558963595379092e-01 2.083062664537813635e-01 6.513161885118577965e-01
1.065949317298958698e-01 6.387425197186482606e-01 7.796195945811656980e-02 4.545158497580196189e-01 1.489286879272441189e-01 8.413437262505322201e-01 1.125883002525064347e-01 1.633547081827213532e-01 4.685950118847574952e-01 2.762365103071077188e-01 5.105370718268529284e-01 6.931722676162798136e-01 6.087069828753977063e-01 4.178347519103923213e-01
5.336749682363118863e-01 8.390279055999322333e-01 5.091695623217329381e-02 7.752118613558401927e-01 2.224868909297685882e-01 4.424060101454746485e-01 9.985541131504295231e-01 9.535830441490594778e-01 6.586098235439433735e-01 1.340039046747254492e-02 7.716511621363333351e-01 8.776886716197748184e-01 6.698334208357613617e-01 1.105084475773719932e-01
4.444324408781895608e-01 8.531918499007815626e-01 8.763340687240444016e-01 6.866340766179831467e-01 3.083393787145781717e-01 4.573543580120538188e-01 3.579825799184143120e-01 4.141863979038253873e-01 4.529424883402464186e-01 7.105448254620174708e-01 4.858885221857645043e-01 6.661868344839488865e-01 5.471105078414706391e-01 2.781420272112766767e-01
8.401460423468297689e-01 5.197025159011150475e-01 7.738361729960058222e-01 4.399601710121029408e-01 3.295975060123933487e-01 1.095685809251726317e-01 4.880374339763006164e-01 9.601362850190955367e-01 9.380550745419015124e-01 4.708837761701066826e-01 2.263327474131504591e-02 5.573148071050292307e-01 3.756017352231040274e-01 6.978903414588014664e-01
8.113818596702798702e-01 6.985029815078549476e-01 9.206463436623344432e-01 5.096594197254395997e-01 9.119974471997510657e-01 4.242205193634471794e-01 7.899966985084634352e-01 8.577343988127595908e-01 5.313054118093812894e-01 1.530789634412569322e-01 3.207034615791589660e-01 5.751088715412244756e-02 3.091870664516002121e-01 9.450284637554211553e-01
8.410748150189062411e-01 9.939611164421947587e-01 4.934403026256426461e-01 2.451966888163776837e-01 8.758771019499290711e-01 4.272999101224400631e-01 2.392276120410826712e-01 8.014692098364292194e-01 5.743926255046640783e-01 1.455352823393131212e-01 3.130101170414121281e-01 9.685047285486025892e-03 8.363611566534238095e-01 2.361020982303364546e-01
4.653765733182241293e-01 3.441535774545555482e-01 9.917861796133808916e-02 4.879528191594922903e-01 4.294612749195260148e-01 5.445838615472072819e-01 4.537429024296397717e-01 2.441556003104580208e-01 1.967392685750668502e-02 1.460272098551183007e-01 9.676581723188765194e-01 2.106303716633143308e-01 3.354940008292215392e-01 8.311171913775260434e-01
8.882281443471308213e-01 8.790512295138498411e-01 5.617593333382613352e-01 5.916016387021876266e-01 2.740329394565551580e-01 9.923757935568787714e-01 4.200014579244094604e-01 7.569207021278140379e-01 2.111187081718615133e-01 2.572026343762461309e-01 4.816302737510222975e-01 6.837145947908820354e-01 7.278854407861633513e-01 8.534805765101406427e-01
1.324392855106464317e-01 8.849791432447611239e-01 7.281512578573201555e-01 9.801013305396799602e-01 4.296345434305811617e-01 7.882279029467182951e-01 7.318569215974224385e-01 5.230105308209928028e-01 8.249619379140624709e-01 4.511605413686988753e-01 8.715916344706926555e-01 3.798023789025044561e-01 8.101206273688865700e-02 8.388428219403276653e-02
2.357209000146942568e-02 9.842683600792081489e-01 6.077813530836880807e-01 6.032748720773375428e-01 9.351642726069263611e-01 7.708032012958458967e-01 2.281840284562917098e-01 7.932992867547296045e-01 3.552568489627874193e-01 9.164220814518061475e-01 4.081903604662120433e-01 4.266529796221073534e-01 1.965680321529892360e-01 6.896167286625028980e-01
7.508806940172146893e-01 3.892949442266940840e-01 4.186448702464308225e-01 9.111915677066745323e-01 9.268306672382943256e-01 2.592456165531065171e-01 6.388623200222635079e-01 8.777747012815136918e-01 6.960567409687873353e-01 5.435699521359603770e-01 1.506629732498143692e-01 6.553687212882384205e-01 8.134050963595805817e-01 8.769600678167220886e-01
5.374604567649816644e-01 4.058832660111832968e-01 8.740837004034657243e-01 3.781698404629540988e-01 4.590201748804604298e-01 7.931438928185157167e-01 8.484535942750690563e-01 1.794918147165457389e-01 3.242676575943339579e-01 6.541116479089863489e-01 7.482586696639981216e-01 3.925580329864546414e-01 2.112914105084420235e-01 2.471396216737206109e-01
8.457757631768176854e-01 4.683490152457281397e-05 5.451860393207158539e-01 6.870406744560740853e-01 6.652546760088640099e-01 1.626685776346610268e-01 3.954356970238657176e-01 5.213306040875798075e-01 8.208096924652555915e-01 5.398076257372924625e-01 3.286533132419612313e-01 9.502887466062219790e-01 6.784586407460683199e-01 4.779484455023481626e-01
9.841815787050122166e-01 6.623970649704207236e-01 7.483928302462213855e-01 7.752968604407953768e-01 3.244878083261640844e-01 5.775791164704554559e-01 8.167409147689665971e-01 4.274403958329311415e-01 9.428704425138095813e-01 3.444482823212666744e-01 3.025007828996999493e-01 3.651447886288017308e-01 4.925676504620964957e-01 5.258246814636278188e-01
7.159528723536987549e-01 3.775770388249077847e-02 1.160320232675728924e-01 7.594760344700484112e-01 8.337809759670119503e-01 2.091183173021873287e-01 4.776137647750487991e-01 5.404950557670916700e-01 9.337868699600155864e-01 7.265203490767409011e-01 8.912502306829881427e-01 5.291755366232515634e-01 7.715241482991259669e-01 8.220480341609918140e-01
2.384193094516616762e-01 1.629701067591146080e-01 2.326703204566149541e-01 5.262109377795867182e-01 3.708560199312068706e-01 4.257956707457721812e-01 3.954701326334043587e-01 4.711776323295338020e-01 5.230296885086734848e-01 2.891058353990707541e-01 8.077882941957557072e-01 1.411719442798017310e-01 2.669349602550413758e-01 5.336457270337007230e-01
3.093497178208821641e-01 6.220871636277686134e-01 8.975749453440395875e-02 3.253254141951926748e-01 3.070806092479082539e-01 2.061022742832069321e-01 5.907228263415639224e-01 9.355071404041989114e-01 6.176526061897472664e-01 1.175168919025691983e-01 7.246548945815000087e-01 2.362390879794344922e-01 6.230364968183160768e-01 6.468337546199020016e-01
7.517500171839562872e-01 3.116327633597056890e-01 8.174565902559349784e-02 2.824745273296873638e-01 3.108420455914887581e-01 8.192504007764882523e-01 6.294882896336972955e-02 4.958987803080115997e-01 7.908297553738679042e-01 3.446087851357515497e-01 9.562021770981679047e-01 2.421932651489989707e-01 1.204916217252423039e-01 7.251512561399758861e-01
6.261908219029473921e-01 1.261220908609115288e-01 8.464743141353633371e-01 1.704759227465193483e-01 8.494183405207444970e-01 9.523275123064546266e-01 1.696091558530113952e-01 4.651534188875827702e-02 9.415760398328486547e-01 3.446942958170995386e-02 5.256539747463668810e-01 4.553905653809581233e-01 3.082293709221217703e-01 9.519208310771173354e-01
7.127883719623617775e-01 1.533705376039766755e-01 1.329893054625794768e-01 9.480147412588091349e-02 6.490959744722663016e-01 8.604357225688268329e-01 4.342877435322619606e-01 2.494006044760235241e-01 6.761124555676222281e-01 4.596873038150747215e-01 5.096044955536472854e-01 1.834263412804857385e-01 8.661955744927789524e-01 1.347925914167957817e-02
6.871342204550870969e-01 7.144276787396375283e-01 4.132368631777048051e-01 4.705263116007907254e-01 4.868677123792781725e-01 9.225282854155648637e-01 8.531977079820439736e-01 5.962394350159647693e-01 2.522399716661771762e-02 3.996524075783545182e-01 3.872338162067839873e-01 5.400520968668423016e-01 3.629545923828201293e-01 4.034196731123590451e-01
1.166414080119172469e-01 7.252983414198137524e-01 3.217437123988747816e-01 3.191286459089300864e-01 5.946090103636461066e-01 6.297219377922307348e-01 8.810375158402372620e-01 7.811050947606695827e-01 3.219070182955440229e-01 7.092880984351985774e-01 7.062354106880298632e-01 6.176373012570456345e-01 3.180843317716217644e-01 3.333341328567565043e-01
5.555047394682763873e-01 8.736797147307235889e-01 3.548524927532014095e-01 7.728282104083771253e-01 1.668750001407381944e-02 3.777599320970015384e-01 7.822543579763108212e-01 3.873141032759523927e-01 7.090781721153666117e-01 6.198456599185252491e-01 4.959289176454770853e-01 3.641615057476862427e-01 6.563429607682000899e-01 2.244207224863215000e-02
6.679788283826975093e-01 8.868916580513491743e-01 4.026580129286182475e-01 8.050861351789795339e-01 4.273841664871563806e-01 5.388496950889187787e-01 9.187975016881794188e-01 9.618824171226109110e-01 7.465045994198894475e-01 4.359063096230020307e-01 6.299195583912353680e-01 5.598626189016717714e-01 3.875918294627815897e-01 5.836879469351100580e-01
8.556462821973327415e-01 5.395549597025269817e-01 3.285324159645897080e-01 1.411848159116130264e-01 5.446507325060139237e-01 1.312007866679301138e-01 8.897250587212079953e-01 3.821619429547499225e-01 6.878349327771200450e-01 1.118721494587667786e-01 9.261892705283468752e-01 1.728160832407509284e-01 7.301620802278006028e-01 8.461736313949752564e-01
4.468892118160845417e-01 7.198982904435263785e-01 4.134008370820485556e-01 7.677138982633715525e-01 6.737112218984119272e-01 8.820408449270180640e-01 3.791412895819543660e-01 6.771068245645208705e-01 6.982279649643806652e-01 4.782984224310871113e-01 6.933898146374986027e-01 2.713534866115242528e-01 3.710277512877289130e-01 9.392684910543589449e-01
7.942555447858695716e-01 2.448425765694706158e-01 7.939890204758554004e-01 1.205623956884347425e-01 1.291801712049558404e-01 3.509506233084591642e-01 2.785846386209385184e-01 7.933531999406331359e-01 5.208296572415496151e-01 4.772393354761604867e-01 8.043630645691670633e-01 1.757971108853748632e-01 8.042881317019159315e-01 9.785105168686902832e-02
4.178523528251321117e-02 2.576568676823753901e-02 9.935786796633252482e-01 2.779068302048423034e-01 6.734911572930669665e-01 8.248914380550648184e-01 9.581907200308540373e-01 3.704799776290136348e-01 4.739825497069887206e-01 1.489203841258845973e-02 4.453943797631043644e-01 2.753975662135985658e-01 2.579034413674049508e-01 8.534365436913146086e-01
4.716453660006276749e-01 2.496899882846762564e-01 9.028627207785353548e-01 8.051457787896050267e-01 4.983223403334344770e-01 1.938100248660412639e-02 5.118615607563279379e-01 2.020618130092168840e-01 7.611611244061755599e-02 4.594997322730491884e-01 9.101590305904160294e-01 9.602845688352478204e-01 4.376090027193980658e-01 2.153601557458705296e-01
9.778478592051043083e-02 4.114320131216919751e-01 6.083267796399600691e-01 9.015948637359253448e-01 5.314274088896823178e-01 1.244406891367862977e-01 4.243706926276069602e-01 9.277883958149202304e-01 9.071748707820389557e-01 6.350595182260966309e-01 5.465304423518222432e-01 5.259458478476184418e-01 5.550359126339442506e-01 1.905164552431006797e-01
2.762541027412475092e-01 9.460798240493973887e-01 9.676633584713403291e-01 6.815847780255204214e-01 2.440726499844547703e-01 1.697517891268954804e-01 7.258256600440219364e-01 5.044410995455238522e-01 4.079583232662620240e-01 7.596183718650444394e-01 9.815990086835527650e-01 5.196235813578375939e-02 6.501175947810693412e-01 3.296520178794632994e-01
6.999157529474522299e-01 3.409740388443760484e-02 7.222859294602657076e-02 3.383482173028810047e-01 1.547490855628684825e-01 3.991896042069309480e-02 6.923602905303349875e-01 8.160521557046571672e-01 7.837128870351628418e-02 4.074998024654817863e-01 6.552672462645149354e-01 1.857118471369482160e-01 7.703552671385972550e-01 7.244382590792846077e-01
1.118965625622696525e-01 6.697620071428568300e-01 2.351235398055139258e-01 9.693587643706605972e-01 3.583411708092896220e-01 8.086358485312994393e-01 6.203160889108606524e-01 8.777634857568458182e-01 4.251606308841707760e-01 4.308848814014897277e-01 2.338750302870744591e-01 2.598704765553058182e-01 6.530296454968635977e-01 7.608451259065055483e-01
8.559644113168224377e-01 8.156052448113275677e-01 2.968932625594237207e-01 1.903298520506792046e-01 7.931923969782894712e-01 6.579389694089621266e-02 8.173112502801255230e-01 2.533725048478139286e-01 9.411684519573575436e-01 5.904077826182079214e-01 1.486869175414816668e-01 8.141002759602706806e-01 2.753667091834701708e-01 5.621740539267395809e-01
3.632466413201616007e-01 2.869127068349861531e-01 2.457497069690636193e-01 5.573748140410094143e-01 7.553704838935546562e-01 3.615886020808098955e-01 2.133699473370398447e-01 8.130465652709484292e-02 4.332394010957377750e-01 9.604416300572915510e-01 3.977983731207139773e-01 7.748653959448957851e-01 2.783281055893657152e-01 3.072830199645624205e-01
1.604592440695959965e-01 1.822143513246639035e-01 9.841824296794127180e-01 6.249143776002969997e-01 2.660567008933111266e-01 5.964705313712042045e-01 6.088153028182741178e-02 8.659527901852526188e-01 7.640954510497519614e-01 3.491259691020555112e-01 5.110256503508789905e-01 6.628122079233492725e-01 4.086486276550921337e-01 9.515864024917942698e-01
4.678721743003655398e-03 5.186064732702765356e-01 5.254861053574797491e-01 6.461708569921753575e-02 3.509909490532383547e-01 6.120242180214158223e-01 8.510543536243747598e-01 2.719748177034744252e-01 4.494553417202727941e-01 1.809939619067107985e-01 2.269127746477554997e-01 2.076119620548740885e-01 8.699311199046291243e-01 1.357772256752191042e-01
2.085230100265464959e-01 2.381344199745641932e-01 9.865022686249257378e-01 4.341648416282306577e-02 4.700131978502379848e-01 3.536861418456692663e-01 9.143504082450132353e-01 9.406342837686804126e-01 2.015059360873163730e-01 8.791107252321478382e-01 9.544323587904447459e-01 4.170304021642381453e-01 4.556088616142733860e-01 1.896428662340442495e-01
9.585585531499403178e-01 8.899516998185907912e-01 7.551823690324215299e-01 2.702247740145319321e-01 4.145475228452131233e-01 7.305556770614930473e-01 1.170446735176668973e-01 4.237824021968230603e-01 4.250208404332989076e-02 8.883780381638174406e-01 7.863172898273445011e-01 8.048775477847047721e-01 2.978659084259226431e-01 5.786985928850880700e-01
6.898061730693849647e-01 8.165305607857641368e-01 9.791462245055781999e-03 3.664378158131420538e-01 2.080748924581944381e-01 7.593139561852935149e-02 3.691025884072461904e-01 4.012934079906217422e-01 1.632765026740625736e-01 5.416690745074207447e-01 8.656073688463304938e-01 5.611385187269036789e-01 9.249770553307121723e-01 6.394984071492468836e-01
6.686650671220162323e-02 5.525331987599779726e-02 3.689981636082311223e-01 9.599192505972953260e-01 6.619584072496521587e-01 9.702967260334055544e-01 9.877164307378732966e-01 5.931004029119557597e-02 2.022970270051943631e-01 2.528695399567166824e-01 1.859416795388304511e-01 5.027882337501959897e-01 7.409863309765385431e-01 6.756639834594606597e-01
7.593056281391794560e-01 6.535334179746061789e-01 4.088363474606826475e-02 8.413549277714955643e-01 2.255533669320453072e-02 5.735503865817389579e-01 2.708149844468743517e-02 5.433155716984777728e-01 3.647790898653338054e-01 5.801315435043337132e-01 2.875812480993644726e-02 3.643776770639055584e-01 6.509440233038671364e-01 8.063565100531082663e-01
2.449015558656746361e-01 8.439288178852287770e-01 8.815822868245632993e-01 6.790516388527234604e-03 1.009113628709258359e-01 3.790610026416008083e-01 2.148746993824435236e-02 6.256440589192401314e-01 3.556133179344289630e-01 5.861009396748475542e-01 1.089993212483978402e-01 8.997446084312787917e-02 6.713673040509248180e-01 2.330433217314208383e-01
2.616659327539659907e-01 2.129962529170636998e-03 8.237848777978042936e-01 3.167049454876575965e-01 5.012265902938801698e-01 5.067906509829855910e-02 2.853723830741451417e-01 1.467901764893897454e-02 1.438969649776105086e-01 3.425144464800846666e-01 8.763777929599996241e-01 4.182502869804054502e-01 3.554807491216178672e-01 2.136904328315650803e-01
8.705691364798300302e-01 5.107829880177811033e-01 7.147920179061626467e-01 7.976499451339686964e-01 7.884056103052831110e-01 8.052695742542713697e-01 3.474058269556823397e-01 5.933313863764307916e-01 5.782237567223996733e-01 6.515933206614318296e-01 6.559934110550516007e-01 4.410059117846119037e-01 5.014746905635991681e-01 3.164060384095841449e-01
1.480696400234249310e-01 1.118661753461637209e-01 1.706748654124957687e-01 3.536842452102133549e-01 5.314488552779660369e-01 2.592987997438863657e-01 7.994079200974303356e-01 5.711556126979274728e-01 1.244690468975928610e-01 7.634966486855058188e-01 6.405985680844005214e-01 3.920329708674189506e-01 9.527651933389965633e-01 7.390364043904088520e-01
2.732317719797299205e-01 6.967082625016199904e-01 8.743223881960162647e-01 4.693714303452233283e-01 2.804937702103940111e-01 9.428607386610443619e-03 9.310838321227438152e-01 4.388393384661438690e-01 4.311428134978172455e-01 7.154424129602472426e-01 5.858743921568846380e-01 5.173807450899329252e-01 7.488841959267915627e-01 1.657296512470676220e-01
2.017508058917139024e-01 8.341456468987318296e-02 6.642909802789321860e-01 4.050753411189863540e-01 9.802114093326815825e-01 6.862622725323686002e-01 6.822779216070757879e-01 4.926890305641805634e-01 1.819294160374950176e-01 9.077392004855203700e-01 5.810743817354657725e-02 7.683290413405404751e-01 9.151482870762817079e-02 9.859464303960030485e-02
4.734423636281186454e-01 4.163467232940123441e-01 4.560069570114556603e-01 2.310647346777753297e-01 6.576365605128566827e-01 8.283720298944395877e-01 1.974857470976341123e-01 9.989619121365354015e-01 4.841912954557279214e-01 4.381177090662891072e-01 5.124865846075682407e-01 8.280196072890262382e-01 3.790705713912423391e-02 9.256059134357037532e-01
1.029793233679592301e-01 4.731575426840772813e-02 2.591949343607966583e-01 8.972982486061454876e-01 7.928973703208102020e-01 4.675980127303839273e-01 4.740320534244629735e-01 2.461645894167545645e-01 1.107906398041240692e-01 5.394409623412107502e-01 7.889197722474592389e-01 2.014828400706991651e-03 7.185677781031036826e-01 5.640101550153906462e-01
3.209359905531183887e-02 6.032643680601583736e-01 8.441970073529896368e-01 9.251486003146779380e-01 1.564310386942213693e-02 6.501717454903875870e-01 5.973834717389835403e-01 6.472098067177847192e-01 9.778819080244213202e-01 9.036709359947423525e-01 3.676748281029101895e-01 4.110607842210807217e-01 4.681911457954741618e-01 9.959215766055623531e-01
8.709026254268779077e-01 6.645670836635186873e-02 2.469423895161867444e-01 5.042985548899056036e-01 4.415086714559576242e-01 1.509123552608030439e-01 9.411110657080060671e-01 6.097078637722140870e-01 6.867065040677462484e-01 4.192574180066230838e-01 4.190277460597279235e-01 9.088607355952493805e-01 4.153919190028072528e-01 6.363521394871018977e-02
7.945851054415258297e-01 4.519579046767362440e-01 3.638881554053491341e-01 2.943503874054874681e-01 5.386239740395818432e-01 6.813495497875092788e-01 4.294487350605379339e-01 8.852397693956708391e-01 4.514023283501537032e-01 3.914317128483014718e-01 2.626233879794768189e-01 5.833292157053516780e-01 5.244278048927193403e-01 6.081263547833576366e-01
4.376763906024894180e-01 7.356519237695265945e-01 2.689745433170382949e-01 9.968352044018908842e-01 7.684728105382508945e-01 1.773837071600853355e-01 6.548223151017620314e-01 5.812509540211778791e-01 5.225145437887073196e-01 4.221740458953389119e-01 2.405352663405513347e-02 2.501270956197255702e-01 6.784854203385369820e-01 1.604861817096437937e-01
9.233519995336706421e-01 2.806625640484783357e-02 2.945151482055465841e-01 8.473865651829511902e-01 3.533514854772289437e-01 4.354021414431706871e-01 7.424315754853293425e-01 8.463559897747030547e-02 7.449662518207715856e-01 6.045887687395015142e-01 9.496004599237443111e-01 4.900331996363369580e-01 9.554655393361644045e-02 9.231344190426512553e-01
5.325741686943377129e-01 8.518742649317394555e-01 1.460440470610073760e-01 1.973030979968686260e-01 9.453041309079214249e-01 2.210998071647148899e-01 6.693799733534293583e-01 6.412064052058852326e-03 4.334808345952280151e-01 4.294965285744436478e-01 8.464451634825312931e-01 6.098480297241655190e-01 1.670568214492307302e-01 5.093524850588027064e-01
3.460186940334334382e-01 9.884813112821791981e-01 9.095362180339602309e-01 7.160215913445378000e-01 5.561227403995103735e-01 9.351962819779763292e-01 9.288587695109029596e-02 6.576833806515290926e-01 5.195050020258737966e-01 1.357552725655001291e-01 6.611047008891928201e-01 7.153293200426433796e-01 3.389011244387778454e-01 2.518584403881449774e-01
8.101479679245205956e-01 4.643566402454637476e-01 2.525261943912050500e-01 3.080063935677578302e-01 9.893745012466880207e-01 4.151473757139840792e-01 3.550125782182581569e-01 6.434978452436670437e-01 8.369717185264227144e-01 4.510982942797764350e-01 9.586184722076630527e-01 5.499900683546982139e-01 3.744310579748463264e-01 6.569012548902515292e-01
2.023188120463665918e-01 8.291016691963792873e-02 7.781066908035194629e-01 8.080981608081783119e-02 1.164071714541036195e-01 7.029742138874146562e-01 2.104350720292198496e-01 9.217690333112260603e-02 1.524645226567296064e-01 6.280981890708913218e-01 5.030809068489884295e-01 4.003427154021405032e-01 1.801577601563186803e-02 8.809337879644942859e-01
7.745408035775768196e-01 9.699604311733600603e-01 5.984575419617814696e-01 2.775440511938263022e-01 4.610307153368351507e-01 2.595065008555135222e-01 7.610793046897903480e-01 6.179846679229743511e-01 6.001803630145442492e-01 7.580428002205087390e-01 6.880772838653924639e-01 4.131199652598205319e-01 2.103004003739045169e-01 3.500642078181643857e-01
7.965775745228222959e-01 3.037469160046983863e-01 9.642829066777092173e-01 3.976274138982744955e-01 3.319417728661361311e-01 8.447565269843717584e-01 6.175385403601365564e-01 1.426233374414918043e-01 4.327972766489849299e-01 5.381389282750439484e-01 8.781074974153965096e-01 9.975337456443350570e-01 3.006728236467615112e-02 3.262626429261080707e-01
5.382716438786546709e-01 9.076797228812554241e-01 1.119885571871911401e-01 4.657061511695302913e-01 4.663752312431820313e-01 1.359105095468595703e-01 8.515223889327458995e-01 4.032139848962147388e-01 4.153206893124989918e-01 2.983717281749996841e-01 5.833642437903877598e-01 6.491132121301189661e-01 4.131047496567011867e-01 7.727092912404968095e-01
5.467359781135316954e-01 5.654834393112189161e-01 5.708155217579016227e-01 8.588609901089482301e-01 9.684281202848130654e-01 2.890171268777083080e-01 2.420357070085924489e-01 4.319251054169226389e-02 6.797978532477477742e-01 8.770085916070514687e-01 9.677765953762476059e-01 8.955096195875372755e-01 8.063663599117225633e-01 3.704390464490353585e-01
5.811559756965234413e-02 9.442371638629462050e-01 2.123434082260393652e-01 6.397530643846399689e-01 8.709574908985551200e-02 3.285335612255680937e-01 5.890276552366602303e-02 1.418012706881576213e-01 8.720462742300912895e-01 9.768785580825667392e-01 6.729131070097712497e-01 2.038802091458952193e-01 7.900847830297131891e-01 3.902005470143246058e-01
5.015918419183594823e-01 3.245835986646099514e-01 6.645716426669928678e-01 6.747804945644136909e-01 6.972253368866007106e-01 8.329660979006440202e-01 2.355053454840654314e-01 8.435217320516810169e-01 8.872154516149206582e-01 7.330512599531131546e-01 4.471904951462051248e-01 1.596970638019200583e-01 2.084544073473174608e-01 1.946063949309173591e-01
9.688815424769057216e-01 3.529900732055821777e-01 2.391950027930322964e-02 4.413449197661977186e-01 6.609570650063435471e-01 8.428123570067014292e-02 8.061475128530833922e-01 5.128453152394868431e-01 7.695840929144254217e-01 6.159730735556393499e-01 7.232567247749976946e-01 2.595612555126081133e-03 9.477505722775160235e-01 1.342766290498492721e-01
4.365065262901259846e-01 5.227745642627932288e-01 7.610191735102278532e-02 6.521006522113421688e-01 6.108403931332744285e-01 4.247210719951290958e-01 9.218604622665523829e-01 8.877288009416754999e-01 9.466237961622568919e-01 1.226584131632282304e-01 1.534943418788703440e-02 4.562179438472278026e-01 1.555068094662548361e-03 5.955947463667610187e-02
3.472761515589085635e-01 5.989137238505823913e-01 2.400438363768684358e-01 8.313736850308161008e-01 1.320252652195461618e-01 6.587322722234884020e-01 6.119017257875277727e-01 9.618714007246598197e-01 1.173689450819380697e-01 3.443471408860054872e-01 7.124919678573001791e-01 6.983018937313284491e-01 1.815789357327445286e-01 2.715093055218099627e-01
1.703394134021982698e-01 8.900692834197582171e-01 2.103243095786107020e-01 9.434242184969601208e-01 8.840749298552535995e-01 9.668654619054046773e-01 4.182387689095140582e-01 6.114610332582190999e-01 3.561076858468927853e-01 7.038164464045937319e-01 4.304826596000415062e-01 5.308064086233825751e-01 5.974751572436977076e-01 1.053359354981877605e-01
8.666858429797014152e-01 5.347524896033671871e-01 3.905360356540364952e-01 8.994105374184377943e-01 1.532429247733282374e-01 2.612599920537801435e-01 2.125148243772922996e-01 5.841926964945930445e-01 8.675684954037026220e-01 6.360795280276025920e-01 7.159336610832109926e-01 9.708878104504504725e-01 6.913754038553560077e-01 1.856012634672347117e-01
4.346918403173632983e-01 9.371451934295412789e-01 9.899486228590986814e-01 2.114275472310729320e-01 3.007252818829858620e-01 7.207964760165919138e-01 9.770038344833354982e-01 6.171302892791686867e-01 6.060129668129334846e-01 4.663006000911804616e-01 3.559300307812610642e-01 3.832454077941656045e-01 4.742449528870044118e-01 3.885306376542972950e-01
6.150994911943162835e-01 4.935061394365595211e-01 8.052111475598703327e-01 5.831903859706826232e-01 1.420604749686402712e-01 4.821940956410575296e-02 1.018693002305433026e-01 5.401416755496324384e-01 7.235026116145590880e-01 2.378321230729010249e-01 6.669637626040948453e-01 1.236706930737705434e-01 9.134146412024224393e-02 8.727305855796837486e-01
