6.718878245815269601e-01 2.815666864412813553e-02 5.243114654249254603e-01 4.913542011393792208e-01 9.468911797174506262e-02 2.730822232198633071e-01 3.284481687305524922e-01 5.353550958795428860e-01 2.882998404067719234e-01 1.496464316093524261e-01 1.336666477766090821e-01 7.668304811510580077e-01 9.641912233216859418e-01 6.492195047435118660e-01
6.455076638265226929e-01 4.265293267822343193e-01 8.919055746528070650e-03 2.352176792476043943e-01 2.211691506562318832e-02 4.053783114224007722e-02 4.693021564287543912e-01 3.566274172625509831e-01 9.985323672627312019e-01 2.571850764916506771e-01 3.441042052620350011e-01 8.924805439839230692e-01 7.948148327564967808e-01 1.499634316752486152e-01
9.445992790790272986e-01 4.421228022529344326e-01 8.790163135728297217e-01 7.481027525642480747e-02 8.291319201997184862e-01 6.153482788244751811e-01 5.847147236778929003e-01 7.597479781313487557e-01 4.076559966639826671e-01 2.275479047811190814e-01 3.150732696575951897e-01 1.527099399780164068e-01 2.719259187208170614e-01 1.876608707496520978e-01
6.562384925657729351e-01 3.800032524113644561e-01 3.845190060659920972e-01 1.124429507068498424e-01 5.209126131498257317e-01 2.279817721863373059e-01 9.852071149202101807e-02 3.225914165332274264e-01 3.782250617903151202e-01 3.557667264310897526e-01 6.831694814091106016e-01 9.601953745013022123e-01 7.668401220751098757e-01 7.501220342180052736e-01
4.523592521381513132e-01 1.548577183990782480e-01 2.047886664469698026e-01 8.341523187963985064e-01 7.450949510619764293e-01 5.289695540284822250e-02 3.008927039903989131e-01 7.448460194769283005e-01 9.203910475613937825e-01 4.406177158309497743e-01 6.542320688972035336e-01 1.299934740481323292e-02 4.619029402463638023e-01 8.571167500226096747e-01
3.562149256696581778e-01 6.415688040674050185e-04 9.530439378271029494e-01 6.588658863279400757e-01 5.808460987556224309e-01 1.894060212574086854e-01 2.972119765889410514e-01 5.260685282100689975e-01 5.378831675773855236e-01 2.268482349029420364e-01 3.975096300546249184e-01 7.157234185465130016e-01 8.224727553921148404e-01 1.237633117885406087e-01
1.591408804430386459e-01 3.048080659446100737e-01 7.481912283530017804e-01 6.627382079712638152e-01 5.209403584362476414e-01 6.214978251455471892e-02 1.220124376383665554e-01 2.499878986447942042e-01 9.705031940447599315e-01 8.265023460172810088e-01 2.103781221164650050e-01 9.437622216841076161e-01 8.938096200642595690e-01 3.600536781058646385e-01
4.275640040036643441e-01 9.525371639333859441e-01 6.791614961040444154e-01 4.018036124554246191e-01 8.763215220509527059e-01 1.288099349298155172e-01 3.344009559991174552e-01 3.017317310926743712e-01 1.200656540311237919e-01 8.821881245158711415e-01 3.314968139311103013e-02 4.352050002888914193e-01 3.730143451812969468e-01 2.510878451502562836e-01
9.715132236493305706e-01 9.871690759684836891e-02 8.882846373562403031e-01 5.805297199279081388e-01 6.594268075234231974e-01 7.942032514964110224e-01 6.699102556868866687e-01 2.753116264809997160e-01 8.078415721579106368e-01 1.114315301245718537e-01 2.700305740183509551e-01 2.000318000479450742e-02 4.891581753309339753e-01 3.332232062272365569e-01
7.904505074294554401e-01 1.187660024785185398e-01 7.844750727738780682e-01 7.214834167230432804e-02 1.388973922563230268e-02 9.871499682673090525e-03 7.201296486985175882e-01 2.950499821703861381e-01 9.881855828425789579e-01 9.806574773054653749e-01 7.589543273949684865e-01 6.408167970810414449e-01 9.560121975078272882e-03 4.993726739177716256e-01
8.537872301347412263e-01 8.619117847835288115e-01 8.911295211978709219e-02 9.648153109183218445e-01 3.594632559834692875e-01 2.597572001469881098e-01 9.286244999019053203e-01 9.641101527248763237e-01 6.576173697649956296e-04 2.937156885793764660e-01 9.754321875896059257e-01 2.760385973603942666e-01 8.981246235366668884e-03 8.897130968229218784e-01
3.954619008568247551e-01 2.889529240103354546e-01 7.272622535382469167e-01 1.992210073563427386e-03 6.590290394211061331e-01 7.912000366741386292e-01 2.433076911723497382e-02 2.545792422287820322e-01 3.085790304971582909e-01 5.065559932603262983e-01 2.106113692439944840e-01 4.881907778492908800e-01 5.599731832368701756e-01 5.994770403237020817e-01
5.639467590300586419e-01 6.139598748949025575e-01 3.672642106983784460e-01 5.139450698405669815e-01 3.562391661226276263e-01 9.006570210145375954e-01 4.942823672454424999e-01 5.225519367530407910e-01 6.796631347746732166e-01 5.237046244842769038e-02 7.644614721413637293e-01 7.348580050225650417e-02 7.271085308811985337e-01 9.412405852726026811e-01
8.164860532440181284e-01 6.673618657218205463e-02 3.087348001227298022e-01 9.422676391948305863e-01 3.964405429761530542e-01 1.317006783315302076e-01 8.183935876895815920e-01 2.483044425970218905e-01 2.450087395711358917e-01 4.825734934180887503e-01 8.149431066311784155e-01 2.901368796280172635e-01 6.105360802413741794e-01 5.278205999733434073e-01
4.202895266901098825e-01 3.715886946275304137e-02 1.262766956326977219e-02 5.883982711726150061e-01 3.030738457073101078e-01 9.429603375690335243e-01 8.960130051656964856e-01 3.494814056170789662e-01 3.840930519344381011e-01 6.898608466518606486e-01 8.349010761794861679e-02 3.355368742141726646e-01 6.772288530652670335e-02 6.687416036972837485e-01
1.298754998232157787e-01 5.738433913813778542e-02 6.839578866827560333e-01 8.808254969305933102e-01 4.422405537537560383e-01 5.861835567419009241e-01 8.049570262513375818e-01 9.058223723987741671e-01 2.483304437412781063e-01 8.195919168112513198e-01 7.854631869907559016e-01 9.610847392588883764e-03 4.427848166465830904e-02 7.699176294360565720e-03
7.513089146873814794e-01 8.769714511359553155e-01 7.729566864040813279e-01 2.917544737264133881e-01 7.227780803866139525e-01 1.538248212552482119e-01 3.129722594288329995e-01 9.133029157322953839e-01 6.592560788642289893e-01 8.223155291366015529e-01 4.665795916582448077e-01 9.332532379213802631e-01 7.087537186309994519e-01 9.861939399046422139e-01
5.204028213711836548e-01 8.517394575296667325e-01 6.304390053982062980e-01 2.310254110832546948e-01 5.414916118803503320e-02 9.633566810649849543e-01 8.850970699016724730e-02 9.675439576332744984e-02 1.942046828024392990e-01 2.760147875087159974e-03 9.047201852194388660e-01 8.691241070038260297e-01 9.881104248847796256e-01 6.679843420778773799e-01
9.934808621141520968e-01 4.200486923379823656e-01 2.028044639444943620e-01 5.944544067291556155e-01 8.183185744233379966e-01 1.437078488758836148e-02 3.846417951797846957e-01 1.733599380757359087e-01 7.205047964873969590e-01 4.185840854440292524e-01 7.375851686475313196e-01 2.704192545745299769e-01 9.335428372980635325e-01 1.857467119445788128e-01
3.301568782599026974e-01 5.198959887015351944e-01 6.137499066158548233e-01 9.083702188151394630e-01 2.841744171227467142e-02 1.959092378245848032e-01 7.265040480667234180e-01 8.618534775539377080e-01 6.613236081707593028e-01 9.892455165911281378e-01 7.058449841096966493e-01 5.191199209718715402e-01 8.298984530689946792e-01 7.410882663886320110e-02
1.575214421870863024e-02 2.944188510370457923e-01 2.268610441688958534e-01 2.757245090545978883e-02 8.651146742525938071e-01 6.144099401568935415e-01 1.179343892935217353e-01 8.422827922762932129e-02 2.438335564813434164e-01 1.118801153903916656e-01 4.652153136937919875e-01 3.676782692024140875e-01 3.916547022922552967e-01 3.103822515556737827e-01
1.487433770802626398e-02 4.901882045513630271e-01 1.990529942638233907e-01 3.244878279604849203e-01 6.358611347009699433e-01 1.065667832845216267e-01 2.037294935964341080e-01 6.247201533485079450e-01 1.146199526054800799e-01 6.597866297050539730e-01 1.011079205051118590e-01 1.588213406255173377e-01 5.496263935952095947e-01 3.468931483089837675e-01
9.792442985488547524e-01 1.804662661326954520e-01 2.711729373184612601e-02 4.823463170930541999e-01 2.756854122321471534e-01 9.246058653903905800e-01 2.000229909087564151e-01 5.713094528372164582e-02 5.723568360261830357e-01 2.120422952702208930e-01 2.826627451594474483e-01 8.092557508285475043e-01 6.085110493183412128e-01 7.780186772091914893e-01
1.142912263216100399e-02 2.856139891129406694e-01 9.808725458684671716e-01 9.251100313511936291e-01 8.845403367042664611e-01 7.208717109872064821e-02 9.373355105535295939e-01 8.580312185386277379e-01 2.217677861312916665e-02 4.537622218746053537e-01 2.669995609654427504e-01 4.689654281995716545e-01 1.436976189024880002e-01 3.342033514705448072e-01
1.446337462872436808e-01 3.057652080162085451e-01 7.686404310208293511e-01 4.790214338824190232e-01 6.562700651389166140e-01 9.578685395498010013e-02 7.269360059477290026e-01 8.287921060109555427e-01 3.828829138250333664e-03 4.760956170637277163e-01 2.930875488259183648e-01 6.096832959881313130e-01 4.117660744685677221e-01 1.696194533595118958e-01
8.960831446023771463e-01 2.327051428859161497e-01 8.699707602366713033e-01 8.701208434736673603e-02 9.987662553704339530e-01 5.681729774569588276e-01 4.355506207161966570e-01 4.290594089463769523e-01 2.591024818689373621e-01 3.437283993787654257e-01 5.067337888682499347e-01 8.962002459622385730e-01 9.260146727024937130e-01 1.801005876775154668e-01
3.943000180642616259e-01 9.242593802634605504e-01 4.180797390696272542e-01 8.084541445051615094e-01 1.058490812193554342e-01 7.824418578504753752e-01 4.561192021736476532e-01 2.005735981599795492e-01 3.394148329060098224e-02 3.882254220106534648e-01 7.975564997093582686e-01 2.645436730916288504e-01 4.501271335292386100e-01 9.652522196619263140e-01
3.941266044816955638e-01 6.426819125618553619e-01 6.130963858083501306e-01 9.079804489947291835e-01 2.284085441320456988e-01 2.454283605763099008e-01 7.055683238044114791e-01 4.101463610917007729e-01 7.738393172729376435e-01 7.626325793292688671e-01 1.896800712932088517e-01 5.449798872360667179e-01 7.691269291687057308e-01 6.397689193098493599e-01
1.173671969732710263e-01 4.844743920407612592e-01 3.903726719783475740e-01 5.430330454525765793e-01 9.886183230617775486e-01 1.255120238767285512e-01 7.223638259022547858e-01 5.466371487096396420e-01 4.072026612957134750e-01 6.197817204698590210e-01 1.161034440399274503e-01 8.818577510898698568e-01 1.437330346227795319e-01 3.988012015822529621e-01
1.598028874453977233e-01 2.079296159368675401e-01 9.187211889780600993e-01 8.105824153052098024e-01 9.149542001967652105e-01 1.405033719436016293e-01 4.330672058886898546e-01 1.385139815666758256e-02 7.666279705732343963e-01 6.372259496153160896e-01 6.728028337515210566e-01 7.023398420670612374e-02 4.461027633711996954e-01 4.828619640099984789e-02
9.701334082395951519e-02 3.812439857152382094e-01 4.913425942798730350e-01 5.313157630358759098e-01 3.846252463347161754e-01 2.782519912504328730e-01 7.884823168902297397e-01 7.207914799364336655e-01 3.311356223289199097e-01 8.475174843199718699e-01 3.864528066942808371e-01 2.650651019704741707e-03 3.801426844057064214e-01 1.831215430397817867e-01
1.029348859562312368e-01 1.336706841659447420e-01 8.304638111763787967e-01 4.235223450919929356e-01 1.347877420381654590e-01 7.347925250178449774e-01 9.719989037806433529e-01 6.994823085338497393e-01 1.075263332080874656e-01 6.468602844010680197e-01 7.500686960663228708e-01 1.462629275991406130e-01 2.043347920330331746e-01 4.492833375711868804e-01
5.140460240173519990e-01 6.647570510438249869e-02 7.220565313822149278e-01 8.250785188483170662e-01 8.948444710960672399e-01 7.873745682885964214e-01 4.774231266698328868e-01 8.896912834636614420e-01 4.913300068761948802e-01 6.328685023843418911e-01 1.559654608852512059e-02 8.793624967915452117e-01 7.517632696831456629e-01 2.376322734188751618e-03
5.512561836441383090e-01 4.445483081809603609e-01 1.773909843731726887e-01 2.595579612234336642e-01 7.470342420699189745e-01 3.687844513349632924e-01 7.438892338884712796e-01 6.460839467595279606e-01 8.895230169394403585e-01 5.825368397401332610e-01 8.456081960632007011e-01 7.631298162645059335e-01 1.929374580745114587e-01 5.039123839625798684e-01
8.535066909582144090e-01 8.865869789358297171e-01 6.359885176718114153e-01 5.504213293937598728e-01 8.250524723892992407e-01 1.096471099596241228e-02 9.589163040385116910e-01 2.833882716061293383e-01 8.669618148849553840e-01 2.208756437035538367e-01 2.823669269064136289e-01 1.714418096178548234e-01 9.283284049509687996e-01 8.465476211027700426e-02
2.436834948589847727e-01 7.040977882586019199e-01 2.788865090649639278e-01 7.973490048835490951e-01 4.857725818443311416e-01 7.610600583369906413e-01 8.332557914085608752e-01 5.884551192996014812e-01 5.654834645567796692e-02 2.924133379833842028e-01 3.957533494743077362e-01 8.678948735971281359e-01 8.229366073129098513e-01 6.005433671612577795e-01
4.986044204669815016e-01 9.973793950723444102e-01 3.148748232342308828e-01 7.924550955004379116e-01 1.844053601630855077e-01 1.090601572945613107e-01 4.889407860703187669e-02 9.225560384577612405e-01 3.215776763516779990e-01 7.296658727715360504e-01 1.546439345386912967e-01 4.524848065362909733e-01 3.378438989933383318e-01 7.410433803845228873e-02
6.630502774752433659e-02 2.026573027863407539e-01 4.813996568396429199e-01 3.741918943376393303e-01 4.819378226680061106e-01 2.601724851781361814e-02 6.249297008496866868e-01 5.560556948236750063e-01 2.469179163643546726e-01 4.622879859353179466e-02 6.269741461068345512e-01 3.320758909368752843e-01 7.332131961480282678e-01 1.674909601441340046e-01
3.531984124344766940e-01 7.809432263189373113e-01 8.950149069919127731e-01 3.987417506992859684e-01 6.935571363828344493e-01 2.085993046669193385e-01 2.236982354346653823e-01 5.232331272578382153e-01 2.274031748476950110e-01 3.752965386285882499e-01 6.012801975388165632e-01 5.966146784600736552e-01 6.412766281378403654e-01 8.030465335932218673e-01
3.951528191542812429e-01 1.325230181936193352e-01 5.666975246536992694e-01 8.186605078428210724e-01 3.039169161091627158e-01 3.118596938766359239e-01 6.751799247648458957e-01 6.878988317145980913e-01 6.260044058615497065e-01 7.153823985093830107e-01 7.395910140360982821e-01 7.863114732742211288e-01 3.881158713981727182e-01 9.266908300454260727e-01
2.331435012764507819e-01 3.531990578284995852e-01 9.950515822085594930e-01 8.919809639672910961e-01 6.967968203504218971e-01 9.278808299176458663e-01 7.587054055401181163e-01 2.875654044264223108e-01 4.753655032393774293e-01 9.587914522892501124e-01 4.910029997016426284e-01 6.132843463102043424e-01 2.543373884258887108e-01 7.216597370840599490e-01
3.606836981495127326e-01 1.452488498789941129e-01 5.334619988503596089e-01 7.873205108590364265e-02 5.340442125515976191e-02 6.288230327549751975e-01 9.403453296769691550e-01 6.702059903132582264e-01 3.491056885389061115e-01 6.264679484482146288e-01 1.736291650191699176e-01 8.101436419817434897e-01 8.585497205775948215e-01 9.623507143004705888e-01
9.914971805685663941e-01 2.053680307718197540e-02 4.406927844893621105e-01 4.745573473561618405e-01 5.254739464586267728e-01 6.935854252086233185e-01 7.015176413314889725e-01 8.396134383786629796e-01 6.133270869999692954e-01 3.317518432410359042e-01 3.578896319276997362e-01 8.757984736709522045e-01 5.115925732101017642e-01 4.733679256165839178e-01
1.949855997497518256e-01 6.648022936662023596e-02 9.668536505617917332e-01 7.744750089973257978e-01 8.491502348642382403e-01 2.091935478311529595e-01 3.127214279919476869e-01 1.081788087567274737e-01 9.166850127193585385e-01 2.074266522591848849e-01 6.740235465560976413e-01 7.449528208525433293e-01 6.313434865672399310e-01 5.840116747208725645e-01
3.788936265554021521e-01 1.908829262539708527e-01 7.700606308220799834e-01 2.838564293359842061e-01 3.811969169768082422e-01 3.559981093499139382e-01 5.472312565338277590e-02 2.620395141154857610e-01 9.276653258582123751e-01 5.411888585580919564e-01 7.719344420021131414e-01 6.244735186066504573e-01 3.831724132992424536e-01 3.480756756698381027e-01
5.308188649639183909e-01 7.264788462116041901e-01 3.227663001978940960e-01 1.313614704946911571e-01 1.918596427438556962e-01 8.107424238966932650e-01 3.823848540388611328e-01 7.742768329767472091e-01 3.635378585844678545e-01 9.684164314164642740e-01 3.493280127384876810e-01 2.302674446658224960e-01 6.722578367284259837e-01 2.931514977472082784e-01
8.634544770139132019e-01 9.905986622961288068e-01 8.178939379078163929e-01 2.500206911582935065e-01 1.204187592968724019e-01 2.232911417642557961e-01 1.392319028539805714e-01 6.871308407745746472e-03 3.409116084096724952e-01 3.662875492893887808e-01 3.736541890887365991e-01 3.455085695072077634e-01 6.570492404519548968e-01 8.996138504854745976e-01
6.452051171466032242e-01 3.645519895352828943e-01 2.096204159077061924e-01 3.080225729505003951e-01 7.363012533393153980e-01 3.066637733481232253e-01 1.372653110064899762e-01 8.540820911495314860e-01 6.714278061251466312e-01 9.413697196739129192e-01 2.482292495686219125e-01 6.075253163283470537e-01 6.347841862377596733e-01 5.064923611499992928e-01
4.514767223188095313e-01 3.158958984844736362e-01 4.675818630806327647e-02 9.409655629283096845e-01 1.907136458852508598e-01 6.431166136043399151e-01 1.120576761475252647e-01 5.817367055887113780e-01 9.504672379535937798e-01 9.530925039374470442e-01 7.004837805268848694e-02 2.214242025572454864e-02 6.770873379659704261e-01 9.028260276045586563e-01
6.875211449235006933e-01 1.577033124475990533e-02 1.579916895879912575e-01 9.418193154750074125e-01 5.650824890651131582e-01 1.406936577100776908e-01 6.552086726594291699e-01 5.044634370068834528e-01 9.875235195040877878e-01 2.473727624771437927e-01 8.087927219711098514e-01 1.982074764294361469e-02 2.467103176828728817e-01 2.460503701399621157e-01
