9.213044138295258811e-01 8.970342581867644105e-01 2.856894630528166168e-01 6.879379028958316766e-01 7.211393915711633573e-01 9.056741953480168528e-01 2.790691157487827923e-01 2.982750607518657171e-01 7.789871791345507335e-01 3.940694583078061530e-01 4.053883158829904021e-01 2.534853359053711452e-01 9.493302905330280872e-01 3.063139022186024407e-01
2.744519954748170232e-01 5.244677193477546018e-01 1.500902321483895685e-01 8.378515149910900073e-01 1.000437896566092055e-01 3.815241946104682702e-01 7.946045175961335971e-02 5.072181897051722954e-01 7.741247254327041638e-01 1.506194754939383929e-01 5.565792134458548146e-01 6.744775871530347411e-01 6.415240380435931478e-01 1.180616797350496627e-01
4.451400469541033633e-01 5.679982246720459704e-01 6.489071343328868258e-01 2.225164103265907523e-01 2.864662687615184833e-01 2.626127822226467234e-01 4.951098039312339383e-01 7.982762470682840394e-01 5.546396916198075289e-01 7.561767268454409052e-01 4.868183712659197582e-01 3.723646409408158942e-01 6.147386889422907785e-01 1.792077955504204345e-01
2.248960767703878094e-02 3.058516635889616531e-01 9.399345322661798452e-01 3.447919253750957314e-01 4.202694751461590883e-01 6.646810558916126377e-01 4.819834803507614396e-01 9.138095573655145021e-01 7.980526196717319110e-02 1.825150612560914043e-01 2.445922003484863883e-01 5.852353016930468277e-01 7.309772566886507672e-01 6.673440587459925633e-01
6.281059098836694332e-01 2.644539758410116015e-01 5.079110897413530168e-02 2.169803858001869701e-01 9.716069485318663546e-01 4.978788812691613552e-01 2.576969118150773674e-01 4.943890904088884541e-01 4.873449595261551970e-01 6.769967224620869750e-01 2.584316616554407364e-01 1.855954208645412828e-01 7.135502070895756166e-01 1.916896768172848819e-02
9.802549479871022209e-01 9.307905883400513503e-02 8.062717263934982004e-01 5.016329591847094038e-01 8.432924910831854914e-01 4.448487380182215567e-01 6.925350105308573090e-01 1.382629193751386820e-01 9.798457571530830856e-01 6.986630823725504813e-01 5.898847891374406904e-01 9.929584444691763601e-01 4.574858856949997055e-01 2.928167015702766163e-01
4.251748833607258415e-01 8.799215614336293179e-01 8.282417744381137537e-01 4.802436013583731844e-01 9.893599268589836626e-01 2.408722035897442604e-01 1.627633971015466363e-01 7.172948209489123927e-01 9.569162359384746352e-01 2.868879787631453127e-01 3.680313543329848391e-01 5.876083655676132000e-01 3.965112658171939808e-01 1.917904387235741526e-01
7.341665453139706310e-01 4.121468009234543484e-01 2.308590173798226175e-01 8.697842555129917663e-01 7.836393661843499281e-01 8.966679999010163105e-02 7.970794064769785026e-01 6.213183672319608775e-01 1.076683943155402057e-01 1.856974879319198690e-01 9.545361435728380028e-01 6.896846577930331179e-01 4.358036712743307284e-01 4.927955516561433047e-02
7.068349354102534399e-01 1.430591779321640500e-01 9.595214868415942178e-01 4.765402704257911681e-01 5.133449616952789896e-02 6.727329583011566472e-01 6.833856481320799148e-01 5.780221391000704978e-01 4.041336160090384100e-01 9.178798864818417114e-01 7.843775016501151054e-01 9.633745784437416360e-01 6.036998277864213946e-01 8.294226239514295163e-01
1.238620658696554244e-02 7.508021901807662157e-01 6.318839850151747317e-01 1.063412836929555905e-01 9.588579185985787179e-01 5.415959315308944699e-01 5.356274497312235594e-01 4.563521524458014067e-01 4.521878077274712471e-01 7.058865288448197273e-01 2.694692506850226987e-01 7.184956318943491738e-02 4.424386339307107008e-02 1.035223821111024289e-01
7.143545284225594205e-02 8.069812177477715398e-01 2.698446370213156698e-01 5.493856310988722846e-01 4.964911145317985053e-02 9.668188334256243577e-01 5.441442951783512783e-01 3.910884676692091277e-01 5.343653366370157975e-01 9.964020635139891890e-02 4.529247574411502386e-01 1.499570019693980960e-01 4.310689453831415552e-01 6.711295496992720766e-01
8.031217412431869151e-01 9.769656039993823704e-02 2.670363360995707813e-01 9.022158627811593945e-01 9.303938302618983691e-01 2.360886750934217959e-01 8.989808085481998390e-03 5.935772188335709521e-01 7.975571537815281387e-01 3.210575841764039540e-01 9.594023402795746058e-01 7.219404794578093698e-01 5.671994263626730648e-01 1.569585564425870494e-01
9.545244793068765610e-01 6.752467935291466272e-01 3.257023134700269829e-01 5.255969976875416450e-01 8.051256107463082845e-01 5.543158664149335779e-01 1.753407106341993149e-01 3.604336564854411229e-01 8.133616722627216022e-01 2.183535352289558418e-01 8.753103110183035884e-02 7.055233647716103729e-01 6.779641521978618801e-02 3.451131315428256352e-01
3.947778923294306130e-01 1.449143009333220267e-02 3.571603434305831160e-01 9.773724080486090315e-01 7.145997269487506243e-01 8.802505973095470226e-01 6.302930271238028626e-01 8.845663743607110607e-01 2.010167674745234612e-01 6.907029950476887281e-01 8.029876035449513560e-01 4.909828955189039501e-01 6.228997276044729858e-01 6.446683439770195534e-02
3.657812651907900170e-01 8.229359426863300797e-01 4.006443753642573435e-01 5.661059128928633832e-01 6.194702947921415515e-01 7.884213184883651637e-01 2.255252273870245183e-02 4.016658653267340950e-01 6.465157486657835406e-02 1.962551751760118757e-01 6.382524911919615906e-01 7.164394311119004488e-01 9.424449339699685346e-01 5.917874995961700524e-01
6.338229377763703321e-01 8.543363913798259768e-01 5.434927802299538424e-02 5.242362307375307839e-01 4.281206100583495600e-01 9.849886517403578789e-01 6.429264870278402766e-01 4.962922979159726244e-01 1.269896336421560967e-02 8.991764638799322196e-01 3.357523044670250867e-01 7.609084517834578953e-01 6.694848576509569993e-01 5.455670419150150385e-01
7.416922247122866851e-01 4.490141116528054699e-01 6.524792788412215883e-01 1.518648736727552517e-01 2.313601298012337715e-01 5.096272034925773964e-01 7.832059142672864738e-01 8.785236959663541567e-01 3.121888979419039645e-01 4.467379100206803066e-02 9.856797213419702386e-01 7.433889370341456582e-01 8.887614374618373336e-01 2.099368538740171708e-01
7.619963789885197958e-01 3.354481613584285871e-01 1.094509431062284932e-02 4.233663210165268254e-01 9.840893612084138375e-01 7.818023429480494002e-01 6.742855510132194086e-01 9.155304698514628026e-01 6.733429151211911545e-02 6.905955683989642990e-01 8.026665150076944810e-01 4.124563877727526195e-01 6.994844967242846989e-01 4.329086360750833418e-02
7.206116365659313017e-01 3.701240302862232046e-01 5.520204109850139762e-01 2.750250437737719045e-01 5.698400332950204206e-01 7.741306816930274559e-01 7.758553226493142274e-01 3.981928591291269415e-01 1.064570799732881268e-01 3.139091395351356617e-01 8.914829013842661132e-01 3.255314242565056082e-01 5.676430207844604947e-01 6.819356606022348721e-01
3.682077205692384503e-01 4.762001337536903023e-02 2.403696186696303583e-01 9.837115784219209180e-01 9.506459485670856191e-01 7.439661554315472047e-01 5.510536814943627348e-01 7.941667520320271345e-01 5.723724712144613314e-01 5.262417634285380119e-01 8.458989184302280195e-01 4.567373739909985630e-02 1.881152046396111777e-01 2.101897006124738843e-01
9.690611663253674291e-01 1.239502609146890810e-01 1.171311303502963197e-01 4.072878492227811620e-01 2.048216630473311817e-01 7.377972992062773461e-01 5.333777757697157895e-01 7.714341078395160478e-01 9.827809109471848936e-01 9.264631825768476769e-02 8.775208367075956195e-01 3.681372421930768635e-01 1.805148017404575311e-01 9.926918502055409599e-01
4.385325635750790818e-01 7.317372873683158918e-01 6.431928374231200563e-01 4.252592383855908764e-01 9.407750289215426331e-01 2.852364616827326449e-01 9.472899957392114656e-01 5.647731448010658850e-01 1.303303187972160160e-02 8.866621073367985106e-01 4.562205237621062004e-01 4.636545476495599338e-01 4.019220780280139405e-01 8.697856745356842278e-01
9.359303867075228212e-01 2.241374944020974036e-01 5.874074735630867572e-01 4.796613458933546292e-01 7.140742526349540542e-01 3.076062301002587818e-01 9.938665465384137754e-01 8.306697960928254298e-01 9.022882902905539071e-01 5.148954670557068791e-01 2.128186295006783135e-01 3.473557052714986160e-01 8.842317633292391399e-01 8.198213521511651392e-01
6.848354562556843161e-01 9.713835683577647373e-01 2.071718372018036547e-01 8.374742986487271335e-01 6.875865035766695055e-01 1.495789564605644051e-01 8.011387751384702050e-02 8.363397403901630112e-01 3.722691462841414278e-01 9.878554225233799890e-01 8.589579550348857007e-01 2.703268263422475837e-02 1.536993482247527298e-01 7.891721172025288888e-01
8.925073422802234369e-01 3.942929874242407928e-01 3.077016560717601434e-01 9.291850075516843166e-01 6.764349803043554488e-01 1.623918722905502987e-01 6.985778875203756400e-01 9.388547850637670722e-01 3.053911349330963310e-01 3.823748416003546202e-01 5.433495070443036257e-01 8.786108279149644762e-01 7.503649908294670601e-01 5.948246388984858024e-01
6.427098598406451035e-01 6.791355385406881995e-01 1.914424784549441094e-01 6.960393991331209618e-01 2.636658166685468263e-02 6.541021811876535086e-02 5.895090806948474205e-01 6.210283243696634869e-02 9.922489705385242331e-01 9.879006216672570062e-01 2.639522326994354628e-01 1.726185674928943925e-01 7.777704443453217209e-01 2.454906727678978218e-01
8.485838972921088130e-01 4.180239192508179435e-01 4.488484604109230780e-01 8.583735594040869943e-01 8.989560156931274415e-01 4.230331938464998442e-01 5.090926120679004629e-01 7.701556387808636828e-01 6.222798572695787955e-01 7.262343494013626666e-01 9.143539208527174944e-01 1.992403021233167815e-01 3.268318938285836861e-01 6.721693807755001471e-01
1.664704902861312563e-01 3.151889856339343821e-01 9.134418454966896084e-01 4.410489306839560086e-02 7.875799513439818433e-01 3.276710421492903258e-01 9.717445333071812463e-01 1.007289827934367832e-01 5.863857397937131122e-01 6.303567986412053070e-01 5.793188870386871692e-01 2.881499576602387647e-01 3.095057249036887725e-01 6.984071296863603173e-02
7.486557791713654986e-01 6.951866341872059429e-02 3.690204659704487966e-03 2.704546761270625321e-01 3.223679291868892793e-01 4.006549390035311076e-01 6.785716198652190778e-01 4.606963668932332334e-01 1.105964947053228453e-02 2.020941228918837762e-02 3.243658769860550128e-01 5.712650041327003159e-01 1.572744172729051426e-01 9.885356139117873475e-02
2.941870832147898129e-01 4.793517563419654737e-01 8.933303145809317058e-01 5.259481834016557222e-01 8.214549791212832908e-01 9.789830318019560051e-01 3.240189915139901622e-01 8.671775756306669969e-01 7.487663387887422139e-01 4.301607218961132073e-01 4.863982383341625138e-02 7.485723322470543284e-01 5.643281745374529867e-01 2.642617457767382216e-01
4.782534841035502859e-01 9.958616977703554918e-01 8.433398814792180120e-01 7.791590110462804919e-01 1.182077591469823385e-01 9.835460334148554695e-01 5.495632157979530863e-01 8.568619826772654324e-01 2.882132262093006769e-01 2.419147930138931812e-02 4.044282796386060586e-01 4.779643965015767382e-01 5.375184140034643399e-01 3.179229434965230583e-01
6.601150107833537728e-01 1.352735512540913509e-01 2.975450327624656888e-01 9.764652411767951179e-01 2.449585820351330989e-01 1.345617213197310980e-01 8.480252013917687348e-01 7.992527082346868594e-01 8.880148514302740326e-01 4.752351851985838760e-01 5.227203162919483725e-01 5.750346705431398364e-01 8.235119018027827753e-01 6.473643898487029258e-01
2.741183955687273022e-01 6.220541984493498378e-01 2.068734768772750865e-01 3.054827600181628799e-01 6.729805376183017884e-02 1.152986261650184030e-01 1.148954262744261712e-01 7.153249960394093554e-01 4.964540129574416261e-01 9.219544211085295426e-02 5.991733042857569913e-01 4.381643191642525803e-02 9.301116841645387101e-01 1.443739635925251896e-01
8.140755037941393990e-02 5.081299592954561239e-01 4.725382151035657508e-01 2.190225836372305945e-01 4.610735191975935399e-01 3.537308184258618482e-01 1.178276708328729327e-01 9.144489132237919593e-01 2.159524199011831902e-01 1.662159733091074232e-01 7.046592868609286020e-01 8.170813015844913263e-02 1.157098744514691857e-01 1.618850078834603856e-01
2.188637673093105640e-01 8.652222406759146889e-01 6.967735725531577495e-01 4.156618707609975871e-01 3.054116686613700393e-01 5.975595262779265227e-02 2.605384430733858059e-01 8.014630624827201455e-02 3.763798168413258205e-01 7.783295273346457765e-02 7.247395957032346514e-01 7.866901643943668976e-02 7.126333357253820111e-01 7.473935131457051240e-01
1.359231272250382982e-02 6.384503980224461861e-01 2.731592615443791949e-01 2.742188313995196358e-01 9.897310277726598660e-01 3.555915878228489424e-01 4.557925439601960838e-01 8.627231939205659561e-02 7.457459192142281701e-01 5.238075517130489356e-01 1.011692631782605822e-01 2.371014814578585872e-01 2.474181948273895815e-01 6.326897441188265026e-01
1.918968277444995651e-01 5.825721150003873028e-01 4.964022448172535906e-01 4.854503198466774139e-01 5.787138170165324613e-01 5.683904328489286506e-02 2.843254824595102814e-01 7.061927785925142809e-01 9.359817558669301096e-01 2.817234030895018337e-01 8.120733701335027810e-01 3.129063893748929015e-02 1.513065165540778967e-01 2.522428817775170806e-01
9.452038126035822163e-01 1.153823614261965114e-01 8.633760130119041420e-01 7.592016959147688260e-01 4.097067613034098832e-01 4.478702783659134212e-01 8.378735416898576149e-01 8.182258072365744539e-02 1.493462478745946065e-01 8.558812930039505495e-02 1.650052756937578913e-01 3.122387685715494188e-01 9.428895754938784179e-01 1.826581492529711914e-01
5.301148436994275182e-01 3.244943973722103081e-03 9.169422333725506524e-01 7.173148368190879198e-01 2.994567100287615080e-02 2.752569529885332544e-01 9.616978407953988839e-01 5.331268287917368953e-01 3.961826057887204433e-01 8.804527488023996540e-01 5.735360834444769296e-01 7.880240438482669640e-01 9.222291037744247966e-01 5.991998630918526914e-01
1.780607201356683156e-01 8.008897177149512103e-01 3.878869242770828230e-01 4.077228750285789571e-01 5.181705409382877381e-01 9.199794338761845269e-01 8.144609654539134436e-01 5.672454689039235776e-01 5.604342199710398154e-01 7.185375073359688836e-01 9.176499588637498928e-02 8.701290132964445423e-02 7.637030472460039077e-01 3.733130520720802092e-01
7.489149558673875440e-01 3.119649915059654610e-01 2.770102695080131072e-01 8.723620722088188950e-01 3.244052549517073558e-01 8.834196374790389550e-01 7.522653576514082285e-02 9.616047875422070179e-01 5.241873209895642205e-01 9.330673892744765219e-01 5.222500838266188605e-01 8.531971603460246634e-01 9.708201738620757526e-01 5.789531610072574663e-01
3.381527464489567647e-01 4.219589492165592981e-01 8.272664288404321109e-01 8.503407438122730921e-01 2.239050892152700811e-01 5.843157558975413668e-01 4.788667405306101799e-01 2.378898463159869747e-01 5.809621587405254806e-01 6.146333414326021760e-03 9.533071393435568197e-01 6.376569608802273859e-01 9.482999930993409876e-01 5.990780104126964822e-01
4.639356667928492550e-01 2.474518465919521848e-01 5.466344103256044473e-01 6.346704510134665300e-01 4.980654873176167952e-01 2.184259430340163011e-02 5.817147765810662952e-01 8.372771240837161288e-01 3.192900491362834492e-01 2.227481123701455790e-01 4.085483875828636036e-01 6.297477439498061491e-01 7.889827862422137406e-01 1.069211339577664788e-01
2.366766282429558776e-01 8.022897286268473316e-01 9.063701829839021507e-01 2.754659453949523940e-01 8.724507821698930243e-01 5.035710264525027346e-01 2.451776455354460760e-01 2.259405060112564811e-01 6.897113089765090077e-01 1.770345902275755057e-01 8.820517957499958150e-01 5.328256980313412772e-01 6.960059560450480021e-01 9.627183289882287331e-01
2.373174102353310388e-01 1.485976708448861761e-01 1.290406783892809051e-01 2.541645879209811776e-01 4.426927353924026143e-01 2.782300923060092579e-01 3.528544888396597523e-01 9.811771938196371945e-01 2.416194178134718484e-01 2.854887286738045926e-01 9.468614636941763418e-02 5.157139715180339978e-01 3.851885064529456670e-01 2.594325731386013523e-01
6.483360279050141006e-01 1.374596293885694820e-01 2.607653472077681167e-01 4.678565579121042317e-01 9.650223873925405371e-01 7.540973296591318986e-01 8.646582280564302225e-01 8.228649431858111596e-01 6.190496853037843472e-01 3.199378578223884828e-01 9.613680564525084460e-02 9.598258869245144265e-01 6.710402112650123430e-01 5.757593496841578729e-01
3.358959933669447562e-01 7.267549227485614605e-01 6.124987299244307737e-01 7.233710792951969504e-01 8.569674549254849838e-01 5.741259335926918173e-01 7.532219928685279786e-01 9.939057151030451509e-01 5.159678861721171961e-01 8.717653457182201748e-01 6.381439149569585467e-01 2.693617854367299502e-01 1.266525412529084793e-02 7.748153106451396432e-01
7.836420799450394270e-01 2.826515217560743309e-01 4.872264390505159914e-01 8.575214692826463869e-01 5.268776925106202214e-01 8.836767954740432085e-01 4.123146071582936001e-01 2.135183344631224056e-01 3.295279928749049736e-01 9.162300839442956146e-01 1.578353292249656814e-02 8.296168314192068349e-01 8.422866358789271590e-01 1.979145939421413924e-01
3.146595584493725450e-01 9.568092887642145605e-01 4.625780644445788292e-01 7.006267378707072835e-01 6.944670283916569709e-01 8.867278316539962679e-01 8.629073193874543524e-01 2.744447301170039877e-01 3.860686217073491244e-01 3.285712709532787601e-01 8.578044324095978057e-01 5.790625760336943761e-01 3.215250418715105418e-01 8.943656089515722440e-01
6.636337360002223518e-01 6.846159984107665908e-01 2.604185500155676847e-01 3.552020855892176199e-01 2.247235032025507451e-02 9.770574779434996193e-01 5.762393151191969043e-01 2.976637098068846132e-02 3.251541157838033769e-01 2.092470022414461006e-02 1.650302280762362406e-01 9.715324908376148372e-01 8.108159426590174634e-01 6.700964628661887357e-01
7.104372468786747108e-01 3.007870320004945031e-01 2.171727605485108681e-01 1.003089879902910875e-01 5.735872826126681145e-01 2.097142809321491663e-01 1.183102104846207592e-01 1.605677355664799633e-01 4.319017731385161873e-01 3.866168792883158956e-01 4.181055110601178404e-01 9.740369878751433674e-01 6.069870097297563882e-01 4.979485014039187751e-01
8.978062467043743666e-01 2.733352340249755041e-01 8.912456559673196388e-01 5.731221580568799379e-01 6.005947870553380863e-01 7.631165039992440224e-01 7.894145432121701944e-01 2.994148356472067229e-01 4.735573255820413330e-02 6.002244273800552143e-01 7.254602607129734260e-02 2.422592908307230619e-02 3.083379670228812985e-01 4.568744816457485092e-01
9.235869985049499631e-01 3.813532649984761047e-01 2.596254658545071869e-03 2.261105985068718738e-01 8.961901525775239907e-02 9.767248636273746509e-01 9.607262590808973712e-01 5.726447010934021531e-01 6.509341780715957038e-01 2.107656210746766678e-02 6.870441985639190730e-01 3.941600043107197360e-01 8.081086157432655348e-01 1.664384731692062358e-01
8.721546337884876765e-01 9.836869641134329267e-01 8.480661422335709076e-01 2.418736918549372339e-01 4.212655400055324018e-01 2.762010244259205383e-01 6.443218248562527783e-01 6.898013588733209467e-01 4.738970262212006679e-01 6.126554532386886409e-01 2.079664832875449676e-01 1.863858543811430790e-01 4.679119294654626726e-01 5.745554001554509238e-02
9.164507802916488366e-01 3.973107888910183405e-01 1.545074528248954193e-01 3.289767076825106384e-01 2.873429326153118524e-01 6.791245816755345777e-01 7.623198815510363602e-01 5.263786091218192187e-02 8.713357212864679679e-01 7.257495806426864648e-01 9.199040100367114059e-01 7.150641429574280394e-01 6.680573981916042570e-01 6.862612218523186369e-01
2.049281500344413143e-02 6.020118424679143931e-01 3.686806263293727071e-01 2.993633228776657607e-01 5.578976715114729590e-01 6.587913561069428381e-01 1.115729823518168962e-01 4.910603052955236913e-01 5.957214814943821990e-01 8.679481131145572181e-01 7.445620220477665585e-01 4.706003544477899148e-02 6.359852139165889096e-02 9.441345457790393247e-01
6.687871312992138551e-01 1.530536037607764799e-01 5.641160913329015258e-01 5.744988972982922881e-03 3.193310269037649141e-01 5.177190051929971837e-01 8.974662896219065544e-02 5.615559958211833180e-01 9.017866027318667266e-01 1.165970800263294027e-01 5.698360567442015689e-01 2.301744405335240939e-01 2.298376184911976594e-02 6.815027342094059915e-01
1.297700190778218188e-01 9.175132306771007773e-01 3.828653923006000159e-01 8.735114893406525916e-02 9.980238353225389103e-01 5.722996197140866048e-01 5.121214709506008989e-01 5.671458883923108374e-02 2.349991065936971602e-01 4.058033198061665736e-01 9.288873664755470383e-02 6.157104794014490734e-01 2.013288989847858979e-01 9.017615856445697631e-01
7.589570154116543899e-01 1.878594896537459924e-01 5.629703484892412124e-02 4.665002041944456002e-01 6.331364984915563987e-01 9.324262639065346026e-01 9.922951440621852193e-02 3.338370049818950580e-02 4.903116392629092157e-01 6.099873772278707751e-01 9.824389359603666882e-01 7.276115329903007911e-01 4.068446538472960672e-01 4.508425301173639710e-01
3.660120725074329506e-01 4.065921623477931623e-01 4.883234830213862843e-01 8.458422383992038052e-01 6.914209283925630833e-01 5.118660525600239319e-01 7.255264096674832741e-01 2.833648121805608655e-01 8.612737607300490206e-01 5.281735137010538095e-01 2.507288707006694040e-02 5.404877308181966766e-01 4.501904186013754305e-01 8.038105796697050387e-01
7.449542642152393590e-01 1.169868376608442784e-01 4.277271964201504462e-01 7.331203793842276939e-01 3.631034752884912953e-01 5.968866903406999658e-02 1.046100671576967178e-01 5.369507552534246164e-01 6.885496380713820308e-01 8.439701834998817320e-01 2.336537053859524260e-01 1.862042027652411891e-01 1.403105189587681156e-01 9.673347473078904857e-01
3.223054785828904922e-02 5.312569426592378408e-01 7.482150294583655992e-02 5.022217414300600424e-02 2.341595142011239084e-01 5.189453250141643492e-01 3.915929195285851039e-01 8.351996076183777484e-01 9.179678556606976070e-01 3.369385761934995394e-01 3.566590524791305450e-01 4.103915008346155080e-01 4.159774430669062051e-01 3.712236168037157391e-01
3.983070351145989729e-02 1.030772274473966688e-01 1.340444990908715717e-01 1.361104076639408911e-01 7.719863039917493897e-01 2.269720204360932136e-01 9.378823190046232661e-01 9.592006886469780502e-01 1.990669330100779399e-01 1.196868671141507745e-01 1.639921949852589655e-01 5.930896765256996606e-01 7.941524165924568335e-01 7.811375654504882915e-01
8.447224768872529932e-01 2.513335121765688518e-01 3.407351118833034098e-01 3.230396023275751149e-01 4.444673501735085797e-01 3.085876656586840072e-01 7.190412214512649225e-01 8.098220921340001377e-01 9.222351072754542134e-02 8.650358776595453714e-01 8.235805130843707467e-01 2.301963267515128031e-02 9.585639507029434236e-01 9.497288177830159883e-01
1.343239491092935722e-01 1.349557803182539484e-01 8.316042969966324083e-01 2.938839237993614573e-01 3.426033563139396776e-01 1.833170421966588970e-01 9.872573378138881361e-01 6.207011726464211065e-01 8.307007068045478837e-01 8.279987397466970211e-02 8.097944918238775269e-01 3.661413329498844904e-01 1.078560459852903053e-01 3.375308376701281476e-01
2.246617484366728590e-01 1.216474299665177838e-01 6.734702545687376585e-02 2.855838159522046116e-01 1.162123201682605522e-01 4.451234911703355612e-01 2.702038711470795551e-01 8.114112894413882948e-03 2.500958808305442371e-01 5.459736989088986858e-01 5.113116429200756929e-01 1.171413143766038001e-01 9.308585074650023161e-01 9.525708847657109457e-01
3.342100256420726945e-01 7.042340908939692667e-01 6.015010586088734845e-01 2.095601584659437799e-01 2.469236975482046459e-01 1.989509576715209338e-01 2.649236664097019966e-01 5.981343175057752815e-01 8.870735160731290092e-01 3.343744511017807675e-01 6.532372710110389002e-01 4.157090620530630165e-01 1.188850961447832644e-01 1.137221638889360786e-01
6.236189894015775614e-02 2.633534378190897085e-01 7.849311565312934169e-01 5.884079076105774853e-03 9.672498578350732235e-01 9.147587195431268192e-01 6.893470649367111625e-01 9.944197041298632467e-01 8.908612603933668828e-01 9.776317295314292943e-01 4.088455438315828916e-01 2.717543815956847686e-01 3.055843863332058374e-01 8.291056263475138355e-02
1.723881688830450898e-01 2.053740663930222476e-01 4.772974638585076868e-01 1.799849037752435654e-01 2.560145777791391630e-01 5.076698917883794016e-01 6.777809046407979876e-01 1.800553983941537428e-01 3.951342624993180452e-01 7.408602314221073293e-01 6.042788340056990393e-01 2.097475946786564460e-01 3.122122025160913861e-01 5.849916763522555740e-02
5.052257097732103519e-01 3.057647265481081567e-01 5.033266233642427201e-01 9.909585780435281599e-01 9.112147994794603800e-01 7.585291372837872359e-01 1.503673114198655902e-02 1.789500616583233894e-01 4.133098749445318632e-02 5.630650085361162960e-01 4.434739830582909992e-01 4.940674820100382503e-01 5.457466635097713015e-01 1.031227700223549260e-01
5.825567282878659769e-01 9.806390295476619112e-01 3.625289755810182646e-01 2.780144057827630411e-01 9.831951109517822474e-01 6.853189812708814221e-01 7.587990310142654904e-01 8.900426651182690163e-01 9.069197706792551106e-01 1.347607519159962353e-01 9.645619108583052270e-01 6.442242642387797646e-01 3.553427890664012656e-01 5.670377688996742771e-01
8.784884402006157833e-01 5.415604353824647887e-01 6.924668707833918635e-01 8.926877444785400462e-01 2.423978620485744973e-02 5.150944377693529308e-01 1.161670191596554380e-01 1.464831986922480178e-01 6.755000836401160447e-01 3.207898997275586694e-01 5.850497732693619168e-01 9.834421692504811130e-01 2.225990158195002566e-01 6.259729129138024151e-01
8.353394725895052497e-01 6.809923629893658292e-01 9.251719795774603350e-01 2.129594399379290959e-01 7.836678960120554427e-01 3.359701258141036817e-01 5.440165863536464697e-01 8.976781513773678389e-01 5.453534478502292115e-01 5.353157260597278810e-01 9.162227949478196631e-01 4.770958229827334529e-01 6.492729744265868241e-02 6.032207264022632076e-01
4.261579886850226373e-01 1.004254553676661166e-01 8.469959293847000303e-01 5.887845621461927914e-01 2.694299832647918391e-01 5.373094876443772483e-01 3.939893846765528673e-01 6.112908094288906913e-01 1.283945305681379878e-01 9.979272190374977036e-01 6.602220366201885238e-01 2.422491233893908635e-01 6.660647158941870316e-01 5.502556254571602246e-01
4.445696604014601760e-01 4.737549705954762214e-01 3.903485864957811913e-02 6.014090456646110638e-01 8.110271161980646681e-01 1.960617355081190061e-01 9.546441295537642091e-01 4.619202926239051044e-01 3.144450369510431997e-01 7.654600485995118886e-01 9.438142323540000822e-01 5.539536201494044132e-02 3.646504655298388187e-01 6.631831528101147510e-01
6.124252017173287266e-01 8.968432074281433852e-01 6.658712907502575273e-01 6.803740498623171984e-01 3.121999505697481414e-02 7.926982095260785011e-01 5.145469180882820126e-01 8.746142846074399513e-01 9.298204495280079085e-01 7.429846997157720789e-01 8.826783194038956282e-03 3.986880127697201015e-01 6.625862348782207700e-01 6.919675841586575560e-01
1.057393072501224829e-01 4.178056601465242048e-01 2.168221239957700552e-01 8.901481535296505987e-01 1.039054700504337125e-01 1.938588255068716126e-01 5.030465959890179084e-01 2.406574681088566869e-01 1.297217101174152898e-01 4.001045907804717805e-01 5.011994181724347408e-01 5.684672436203581647e-01 8.506878904341779180e-01 2.284333714942143878e-01
3.288379942299821668e-01 3.437479232101234849e-01 9.537502501474038885e-01 3.746470629779689032e-01 7.138112568498058419e-01 9.142548955869617133e-01 6.671005349489073089e-01 8.184214439308176159e-01 4.976124366023439993e-01 7.372330735891845510e-01 2.233001603680896396e-01 8.782096487611231739e-01 2.234802648033250572e-01 2.050703887904532507e-01
1.829594711216324665e-01 1.492023349916630215e-01 3.441745753118454765e-01 5.061167546887843649e-01 9.539087322821946380e-01 7.683296834983197598e-01 2.436480454451447342e-01 5.126640301974866309e-01 4.114584324324211950e-01 4.749389188920899452e-01 5.916728244228791622e-01 1.440174512329718270e-01 7.670280072955816264e-01 5.836783834459727816e-01
5.435810811721774050e-01 6.594322880843755952e-01 3.497527539488516357e-01 6.440139162108837745e-01 5.668888996065468699e-01 9.935876331102826420e-01 1.909822544443479098e-01 9.516725200499009940e-01 1.744506650150856597e-02 8.203457336116283249e-01 6.997352200121842447e-01 2.356946890244953075e-01 6.891588860973281161e-01 7.745819681829853032e-01
1.441710335087280637e-01 3.531803895424664441e-01 3.386202530418660483e-01 8.095697295979131791e-01 5.912467498761675433e-01 9.021371659107224605e-01 6.587862322568402984e-01 1.740990538681105315e-01 7.572630705472247481e-01 7.486254124095393925e-01 2.041085944821585674e-01 5.097829249958154563e-01 9.294003391135884362e-01 5.700775085492382210e-01
4.431253450439135433e-01 9.781262552816131217e-01 9.875574792546877312e-01 3.178661170635528332e-01 5.616199193986369798e-01 9.119995322964389306e-01 5.605444009262403604e-01 2.190956933257156569e-01 1.862753598966250257e-01 6.476537348148798667e-01 3.850726499337675524e-01 8.978774148134278654e-01 7.673090626160222749e-01 6.274709264417379639e-01
2.406994667735906646e-02 5.771496809231726477e-01 2.126670379289706814e-01 8.323951487745727684e-01 8.602046084771790557e-01 9.476046061947120958e-01 6.227324228896096159e-01 9.369650607045918456e-01 5.214001447271843226e-02 9.174537665732035441e-01 2.048540175676316633e-01 3.013951600319684232e-01 4.854104850649539893e-01 8.311377491192871725e-01
6.917838698684145582e-01 1.815876263026580117e-01 9.569223846932785049e-01 3.156113470971071422e-01 1.925254784857775014e-01 1.627123451195067183e-01 9.101128811981352706e-01 3.283505635623966690e-01 4.166987042851070244e-01 4.340181629785611062e-01 3.086332089712123805e-01 4.828784595172962435e-01 3.305858932503179526e-01 5.018853560582102746e-01
5.561632479169126286e-01 3.759697939739881090e-02 2.849796163605385901e-01 2.281216723171619609e-02 5.033081219262156569e-01 9.992832768561200618e-01 3.173932200379778745e-01 3.250280638476054085e-01 1.237516027897248572e-01 3.221041080683776370e-01 5.118253385416273726e-01 3.267183040787127180e-01 2.647906805162234534e-01 5.979472381269627101e-01
5.626571376628741739e-01 2.814313722041823507e-01 4.627074946910874065e-01 4.026070085675729215e-01 2.142347909737548628e-01 7.356055709150447486e-01 6.916584261505831499e-02 1.879455235308281624e-01 8.603561823504173312e-01 6.913782475990456478e-01 5.168552862891495625e-01 7.291633661317489246e-01 6.437931331523557565e-01 4.738354564235490729e-01
9.091954111829819718e-01 4.808434076906151766e-01 4.006763223650026129e-01 5.647433340767744614e-01 1.664737569871107548e-01 3.445786647784925272e-01 3.592981894015125910e-01 1.952906283531475884e-01 2.777887613884764129e-01 5.494042547809918631e-02 2.174619028488994354e-01 1.422777576233638097e-01 3.896249030966276727e-01 8.813718656278211050e-01
8.640411976923435544e-01 4.770716445919020998e-02 3.202646618505706755e-01 4.563687984402532427e-01 8.626400986730861087e-01 4.788858363973812482e-01 5.496672409528561287e-01 3.272619181260506549e-01 8.444379906227601484e-01 5.474664802976434430e-01 6.670439460754366001e-01 3.235448481871222581e-01 9.612642250150300605e-01 3.285304190886489950e-01
2.351101881812720507e-01 6.699362431129850526e-01 9.082273017217412647e-02 4.649269840059119252e-01 4.730594309852164114e-01 1.769780046688825825e-01 9.723974361851231984e-01 5.416117677907115180e-01 9.228672408236933133e-01 4.745628097427481151e-01 2.200682011488607204e-01 8.763177571177398484e-01 7.363616604527042364e-01 8.675407480964192342e-02
9.348157340465749199e-01 3.154665237460018146e-01 6.226234944282326156e-01 5.429658994743183920e-01 8.099592905479701122e-01 8.610743671913793085e-01 3.652710034077786272e-01 3.749966605786274609e-01 3.480418767640571787e-01 1.487138773348032350e-01 2.171235386916833265e-01 8.583793316394615625e-01 7.259216980085537729e-01 1.562328408568823823e-01
7.314562228975781677e-01 5.214597818527421103e-01 5.160036282730962043e-02 1.387831306273854537e-01 9.704658700887377476e-01 5.034029887009837667e-01 2.319164817096537323e-01 9.628977607521761461e-01 1.729929900827864575e-02 5.209996247269791381e-01 4.796487986014801308e-01 8.639459483963581876e-01 9.622269809081864800e-01 2.277713269886777470e-01
8.942603845026474430e-01 2.352277004378138248e-01 3.697237429107268492e-01 3.263339634838481329e-01 4.854971409227031298e-01 4.760359117335688506e-01 2.920164061716293835e-01 6.631705039386819323e-01 1.464669356006317313e-01 1.218312497265476857e-01 5.913058932836606774e-01 6.535859986382577258e-01 9.898802178443036892e-01 4.003629648140510922e-01
1.630553729281375430e-01 2.978294169639482680e-01 2.117461920466744418e-01 5.325862876990324901e-01 2.682370171566484940e-01 1.178573284947348476e-02 1.641384114136890116e-02 2.710214230533906088e-01 6.380013596153656374e-01 2.227536060124479800e-01 4.465933532560042440e-01 7.038112061298984479e-01 4.712483178022932595e-01 7.274210594061589763e-01
7.397388042511401363e-01 1.049768112748449278e-01 6.601243485430280389e-01 1.098247630500793770e-01 1.371690203745156156e-01 6.260304482905554302e-02 6.136352882409644716e-01 8.451255421945026436e-01 1.475298714850233894e-01 4.496843114185246071e-01 2.652369101172631360e-01 9.127390326222044603e-01 6.852548031538742146e-01 6.897102148224220075e-01
7.984531548503044363e-01 8.344745723885187427e-01 9.204728691402517260e-01 3.671173711764574854e-02 9.143594422889849138e-01 8.180630289851555936e-01 1.101642724984873700e-01 6.367734866012907391e-01 3.007881309408377835e-01 8.391561802596940733e-01 9.638172203026895701e-02 9.655537577024527751e-01 3.610686850466918729e-01 9.289497919025693218e-01
8.912066023572515761e-01 7.558776418939044950e-01 1.582107640647077984e-01 6.757060283236097087e-01 6.823435586024626520e-01 1.871652776310223087e-01 2.473806928299842056e-01 8.612213495466355395e-01 3.587027191633430645e-01 6.030840808824917687e-01 5.729842261165655204e-01 8.295142235678517606e-01 5.554802837255590209e-02 8.103842248799324466e-01
3.748205453840219858e-01 5.074846356196710540e-01 1.559938191350226377e-01 1.480056847792661223e-01 8.876333929026913871e-02 3.428735704801034734e-01 4.342709333161475227e-01 8.819486542718733002e-01 3.345416040350231990e-01 2.521989610217223454e-01 2.698945135658361583e-01 8.561279339329749272e-01 3.661187358510550327e-01 3.915358318689030614e-01
3.049579596695668471e-01 9.099771958635585190e-01 4.258259227981422423e-01 9.252892474908741560e-01 9.764052643805409826e-02 8.447050127780355577e-01 4.164826338205340761e-01 2.955094157877291572e-01 7.399209345356152490e-01 1.135600713546349727e-01 5.849585605409547417e-01 9.595453005075919028e-01 4.988262890807223515e-01 1.019409707842100499e-01
2.070624986128538625e-01 5.949645933365205197e-01 5.801934803304553689e-01 4.609297815529739273e-01 9.791023470449499166e-01 3.564215158410788398e-02 1.513545159271078022e-01 4.991159155725944929e-01 5.014990045733183077e-01 3.852607982157514321e-01 7.183380354775289467e-01 9.581175530068569701e-01 4.219624305094612504e-01 4.712881108196000923e-01
6.788398363680527847e-01 7.291843901668604300e-01 1.099077974828639448e-01 8.475459394697966165e-01 9.576915283623044228e-02 5.383446866052503665e-01 6.869675791876783677e-02 6.170233137327796324e-01 9.253460596858706921e-01 9.683436135313636672e-01 7.863919317749029636e-01 4.121552115147785189e-01 9.068123200191475775e-01 3.167880306693012793e-01
