9.663276784153830290e-01 2.129211682948271012e-01 3.086147864311803435e-01 3.290747679811274473e-01 5.833230350017037935e-02 7.962816624238019392e-01 8.770725340106368950e-01 7.604022739780764706e-01 5.086325474216056852e-01 1.175545221843188326e-02 1.744574447092869240e-01 1.310155191540149922e-01 7.526921201231604464e-01 1.097695187797954608e-01
9.257279012810551988e-01 8.538250541919093495e-01 8.310563454390487159e-01 6.475349711820972409e-01 2.130817508843058095e-01 5.903590139962666683e-01 4.820722439657155745e-01 5.433563445634049804e-01 4.265724990760214608e-01 7.488897312984155175e-01 4.296686107078557804e-01 9.512255199909311898e-01 3.886490065364930357e-01 3.381369781351351023e-01
4.053934545683848256e-01 8.715730638300492883e-01 5.899497058124164584e-01 5.963898188513371279e-01 8.381871640505966781e-05 5.078002498596710934e-01 2.937903937917253350e-01 8.016890650909154203e-01 2.824406617779199324e-01 9.149140849479554527e-01 4.918965487673284676e-01 9.060940347064601053e-01 6.941022672568697427e-01 6.716894747419117628e-01
4.179129572572003459e-01 3.632454685544730388e-01 4.606912311318578368e-01 9.402752013736440651e-01 3.016460648861888361e-01 2.912786049150022372e-01 3.793809299638039034e-01 6.328590665959599182e-01 7.676145556574986983e-01 3.931998964466454360e-01 1.390499102179819646e-01 8.239721365964848276e-01 2.933369501616800434e-01 2.726753136823356627e-03
5.161609794882701108e-01 6.966619744574721329e-01 9.497333976704391834e-02 7.424983110157796773e-01 7.431142130963189762e-01 1.966635984496718503e-01 5.966198093040853134e-02 7.738823663946868825e-01 5.220037657777338858e-01 1.107076761509625529e-01 5.787778364969026201e-01 8.115340967748198020e-01 1.947880001696310481e-01 2.081162480522392721e-01
2.155954813336167231e-01 6.520930138917155894e-01 4.243999551475281518e-01 8.278063474652924691e-01 4.140608089041546425e-01 3.445368803259425405e-01 1.274017623467925686e-01 6.949191033449564348e-02 5.759853687624637564e-01 6.853034485826445810e-01 4.714399996620319833e-01 3.536972761968848467e-01 9.377375701855779067e-01 2.264714811822307050e-01
2.062972592434417773e-01 3.305956455598895172e-01 5.474638144281802621e-01 6.388898845706969531e-02 3.997186316679002260e-01 9.505396299047180753e-01 3.714488416585304265e-02 3.613668975231175695e-01 8.647540632242083358e-01 6.781032023909748796e-01 2.379786600457090007e-02 1.330358686803462254e-01 5.810951672950155356e-01 7.642689329118318442e-01
8.813603397375063819e-01 1.426952754391664913e-01 4.026736822270655658e-01 3.168196870621519112e-01 7.963641035136171942e-01 3.112960244296179013e-01 6.987695430928373419e-01 9.019988110806409498e-02 8.550595181695863634e-01 7.571290237316266047e-01 8.669592242869621490e-01 3.533493921191237508e-01 5.435073224789362945e-01 8.314504966139502073e-01
9.946969213386523956e-01 9.883586493522437122e-01 2.245874364369818688e-01 4.116006804934465579e-01 2.218598517514956958e-01 5.358252378449036568e-01 8.049827863042435805e-01 9.801920221295843394e-01 9.376503822303431379e-01 7.998246969038413923e-02 2.683475419238230408e-01 3.386240549857464366e-01 1.743177465310778995e-01 5.880438678885298032e-01
9.381105899417521155e-01 6.609762043100593232e-01 9.350992265854898289e-01 3.880281192929854184e-01 6.453136958263834266e-01 6.193950179185671034e-01 6.931147495961028637e-01 1.192368415290696593e-01 2.669353853709990343e-01 3.105741152515076875e-01 2.733660903025496580e-01 3.496670067023455175e-01 7.586427468582050970e-01 9.414684746332213638e-01
4.297728693000462119e-01 8.460191420670868379e-01 3.777951569202623316e-01 4.923040344509854727e-03 7.930315180660073571e-01 2.894485000657309737e-01 3.426605647919492847e-01 4.610340723858723511e-01 1.571455709022638869e-01 1.511646655328159339e-01 7.138886172278740005e-01 4.146594112049678538e-01 9.927219944201816082e-01 6.898787481620828332e-01
2.927265645204247813e-01 2.467695259133632080e-01 8.562090325207820651e-01 9.572548768323576596e-01 5.264857972185538193e-01 6.641478709717418827e-02 9.331867656846459802e-02 2.001171652437228055e-01 8.732177258788784702e-01 9.730764374297562469e-01 1.715672859105301651e-01 1.020946598255033644e-01 1.404561506289876416e-01 1.094822239456966217e-01
4.209151108282385145e-01 2.680501203473331095e-01 8.795234961546353203e-01 5.525739581628693609e-01 5.601946863891759110e-01 9.090414324823514747e-02 9.930800652647210347e-01 5.759885629000636165e-01 6.133474761480112170e-01 4.404737033506863630e-01 9.039471512384553709e-01 8.896018455401869529e-01 2.838537942153166460e-01 6.532138637371864842e-02
2.021252049514919991e-01 3.958550187957258215e-01 7.094064694437641760e-01 1.393079238559913335e-01 7.887248554158702296e-01 1.559299816061680000e-01 7.521210360954283525e-01 8.057947981948172522e-01 8.695279786462328797e-01 2.828557794230924793e-01 7.697416372880344637e-01 1.293726230707116231e-01 3.149134921873490978e-01 2.592724577877834058e-01
2.259900261763586604e-01 2.290625278668700915e-01 3.150770101185713656e-01 1.465168902452365085e-01 8.250895875734859386e-01 7.141463373767157341e-01 8.304973943578194406e-01 7.971815644905930753e-01 7.252655060257304775e-01 8.952344461772794304e-01 8.798996579561940701e-01 6.751001765907252983e-01 3.036846931623563561e-01 9.620886922216185244e-01
5.346357898597365876e-01 1.530470932723224653e-01 6.308026835212099392e-01 4.033430738581889052e-01 6.270301078920967885e-01 3.156723770811716845e-01 1.287640145103128297e-01 7.425766155811220903e-01 4.595139067917501929e-01 5.667178404409908277e-01 7.832855503094108274e-01 5.395751264712070894e-01 5.576898441100545112e-01 6.805581136874185866e-01
3.022446045318323282e-01 3.326906352378239395e-01 9.440198011034366399e-01 4.531013989690678700e-01 2.928782579079127757e-01 6.702873914648496134e-01 8.038017720099314145e-01 2.376268759899833327e-01 1.695652802535800863e-01 3.117091728418440733e-01 6.060485094945849971e-01 8.692125063883970881e-02 1.274037327542184572e-01 8.949904024938916125e-01
2.845353066199267644e-01 1.971363328926075686e-01 5.934317851374999453e-01 4.564298060087690345e-01 5.306471999886780422e-01 4.194437788426865765e-01 6.836633049584450728e-02 3.592847738191445872e-01 4.089065182779132446e-01 8.301776832675278328e-01 2.497459020361886273e-01 3.538458297842308475e-01 3.157585692301837499e-01 4.319224593277983804e-01
7.696380193250547119e-01 3.626549949378039539e-01 8.593923543734112158e-01 4.510776505617946075e-01 8.693978676756378698e-01 6.288834351016040491e-01 2.172906482521150817e-01 4.976494693584406770e-01 1.921778335919069880e-01 8.755373715713041793e-01 3.696020626839155998e-01 4.745989319700537612e-01 2.068289160834363427e-01 1.401502461299756197e-01
5.046616577076350474e-01 2.014758197701995712e-01 1.035249974973724285e-01 3.188889363103921681e-01 9.486754175781516585e-01 7.556184481758345672e-01 9.618374368903288563e-01 1.213496144804153687e-01 6.484464319042210212e-01 7.166549039309727531e-01 4.085987269491273555e-01 7.260451907464239296e-01 1.294447452710011381e-01 5.105365801588512831e-01
1.667544334616254398e-01 9.055967525820044495e-01 3.484754776348573113e-01 1.774072142961913290e-01 6.114797135408639450e-01 2.538124531596083200e-01 3.072170201312708349e-01 3.117196486056185156e-01 1.041000720303630889e-01 5.581339321850273816e-01 9.750140273245297973e-01 1.038515395288779342e-01 6.370645779270510678e-01 8.010821479639915754e-01
1.448224916391911421e-01 4.992189511357917331e-01 5.536623488600821430e-01 3.153972712927536337e-01 2.271006359002688546e-01 8.008083130720700105e-01 4.827113527878560406e-01 8.033075690455466766e-01 8.701256185228548601e-01 9.928059810895821791e-01 9.666133187876085886e-01 4.852222387000301174e-01 6.289964383766275535e-01 2.452175429994692957e-01
6.708525070817286107e-01 5.019603235478187209e-01 4.967220717405204100e-01 3.318533870590026913e-01 4.789821428993921160e-01 1.094595587894413580e-01 8.521434756497691110e-01 1.399997578874729864e-01 6.213364844029326539e-01 5.824428890050827867e-01 6.202548651762422871e-01 3.137540161056641130e-01 6.986769823785127231e-01 8.466953341091389973e-01
5.702725710620154542e-01 2.640319723518343986e-01 4.232799374845666041e-01 3.634300582430418647e-01 7.082990283289382072e-01 8.027380223650248947e-01 2.178811944910185039e-01 8.763164794727630325e-01 9.319454580312125369e-01 7.174434262781859140e-03 8.078222721599257472e-01 7.491940100669344238e-01 9.603860157864742009e-01 5.417100058341013380e-01
6.501202657782477745e-01 8.526431941376078072e-02 3.742296818894716992e-01 1.273407839307160172e-01 6.489894541144791695e-01 1.081868790429835192e-01 4.268853370499130495e-01 5.806299834016109829e-01 2.044388813655705350e-01 4.217824165051218266e-01 3.852958733109742573e-01 2.692439617224655635e-01 9.103495352759257697e-01 1.005154239515237968e-01
5.544131283892520523e-01 9.489432233171239961e-01 6.386020477248999239e-02 1.698624234053697224e-01 3.054844208656672944e-01 4.725833318825400919e-01 9.706533121597566982e-01 8.388893264390209215e-01 9.537223642921076605e-01 2.045409263665585176e-01 8.419438494837849785e-02 3.067241232193638201e-01 5.933642930847369268e-01 1.746134830918967262e-01
3.108248564251124835e-01 8.411559249339485289e-01 5.898146984879003574e-01 5.849480759383272055e-01 3.845217752860958793e-01 7.753379750780703406e-01 8.525100910608152116e-01 2.387369987947929317e-01 4.505355651483614610e-01 7.063893087560328965e-01 2.956121435677893095e-01 1.740876638859564229e-01 8.009042555336978175e-01 4.012772913890360060e-01
4.957550191305843956e-01 1.286411473611631662e-01 4.274033720179807316e-01 2.129655492204752809e-01 1.503014618243391221e-01 7.483496103433253666e-01 6.873653518564283305e-01 3.620372604592306809e-01 7.797528003217578663e-01 5.907593280116967271e-01 1.232847176504070497e-01 8.715738641990259383e-01 9.613725323187460869e-02 7.708229206694381386e-01
6.464696501068146750e-01 9.384384632396463033e-01 5.000714137809233462e-01 4.184817104846534352e-01 6.308507981219488858e-01 9.555695438793738727e-01 4.167358219353003435e-01 3.853102420309638676e-01 2.684963430952572727e-01 7.851406574148119821e-01 8.521859033816057138e-01 5.452801691991674415e-01 3.542969961489708108e-01 4.895260216998661429e-01
6.214340940545881598e-01 5.681311115992621064e-01 9.939379087691737613e-01 7.953424493509234638e-01 8.521875982435334063e-01 7.331513938517694173e-01 6.884485494264660499e-01 3.283256872893731693e-01 1.939318255867106267e-01 3.114957542908736166e-02 8.360595060202469231e-02 9.538742385670174739e-01 4.394761853555563258e-01 3.628479594765555705e-01
9.212982558187203797e-01 5.189426232144769280e-01 2.329490529786039099e-01 5.603696442798101751e-01 1.987599385690484999e-01 4.977606276144705966e-01 6.869822911825979039e-01 9.494125818683015749e-01 2.399459764077993551e-01 8.530448401553529791e-01 4.833769302977393156e-01 4.639258042404679205e-01 5.995542928151452733e-01 3.660385421283182117e-01
5.376089356249946771e-01 2.816051555781997617e-01 9.892274464522233801e-01 9.939038481604204334e-01 8.093027479365026977e-01 2.985725748240574129e-01 6.181261303152771891e-01 1.937340274109472515e-01 6.113966226200153731e-01 8.848503584510697406e-01 2.143370664482068255e-01 3.876240154605760102e-01 5.948113364151114135e-01 2.848789134813244361e-01
2.750460106091621171e-01 8.156312025852339165e-01 5.947823847062118086e-01 4.812646409929887126e-01 1.118899922685924198e-01 2.385272607387559640e-01 3.983644121547380568e-01 2.729598952484021401e-01 9.250704680971006955e-01 4.098357432620614027e-01 8.755634180944960043e-01 5.211110256358484349e-01 8.315915397746304061e-01 9.356440420085541110e-01
4.099485581881575635e-01 9.792216055369035166e-01 5.511332088113800598e-01 7.322051608570008252e-01 5.186776170468365699e-03 8.251096275277061132e-01 6.755337460384015502e-01 1.177005711355486595e-01 6.089999899730025312e-03 4.422621733385968534e-01 8.601382284434014869e-01 2.697817258850919719e-01 1.793704498710390061e-01 2.431469284715398471e-01
4.129481601399661583e-01 5.577897006772631894e-01 9.184076144226817062e-01 9.088266708092913593e-01 8.904113857660422848e-02 3.597797975017680283e-01 7.198086622507017251e-01 2.758995035070155311e-03 3.361821039883199358e-01 8.478026300532404136e-01 6.691575091118588947e-01 4.216628750508573109e-01 3.715167859201842226e-01 3.615418165414927554e-01
4.372193229698613237e-01 8.974207461385214080e-01 7.554101585197294799e-01 6.629251276108790725e-01 1.096001569117757146e-01 2.182204081750461766e-01 1.130138606259001310e-02 7.456173289390877201e-01 4.383295514598433140e-01 9.003091767038977622e-01 1.455974805215582979e-01 4.114588758986407191e-01 8.508697167060140787e-01 4.357573184557541612e-01
5.568202051254933505e-01 4.015220052180826782e-01 7.147622973094772680e-01 2.183851585340422785e-01 3.062212019383184769e-01 9.525100211938390959e-01 9.912387427705311449e-01 2.504722860932532269e-01 4.216027346896751293e-01 6.747609705122485924e-01 2.696688970785110495e-02 3.890941086761743328e-01 1.281122540738520721e-01 2.146051875063967884e-01
5.544924220947634597e-01 7.821495759697701944e-01 9.051266655452869792e-01 5.397960544417792494e-01 8.973663850012981724e-01 5.936815471274291545e-01 4.659630843761216612e-01 6.294461623692726437e-02 2.817443760186142399e-01 6.072288189757660826e-01 2.955594254126606701e-01 3.242628427004656810e-02 1.551010242212053081e-01 3.730355417354895842e-01
7.419414945292953645e-01 9.460376597007902344e-01 3.660294608606949884e-01 3.923931055730134343e-01 1.027493742595511073e-01 5.136956371347811690e-03 8.124922407779615607e-01 1.133141570161811940e-01 6.061468543128535336e-01 1.331433835440797298e-01 9.402258333230202325e-01 6.211799923632441711e-01 3.533464499353891064e-01 3.005904069944319579e-01
9.982949571281287682e-01 1.947584112896783015e-02 3.036895614363145368e-01 3.532321969479729207e-01 9.907179176204482518e-01 3.188344386186644508e-01 7.284029541450351974e-01 7.828284424472143899e-01 5.944505754048551305e-01 1.415617069272543382e-01 7.635649308885371633e-01 3.892229248211878101e-01 7.276224591791655705e-01 6.032958487988274721e-01
9.139683207919967467e-01 3.374279256969239249e-01 5.918337197721942333e-01 5.449807519513752974e-01 2.626777488473797106e-01 3.798601828726172469e-01 1.251804919955511464e-01 5.318617160482539408e-01 7.632811287532532685e-01 8.436163152427784695e-01 7.272954513216229877e-01 3.403977273269213066e-01 8.507848290251442958e-01 7.431588281541733343e-01
7.071881966188310331e-01 9.182875297405140858e-01 9.861187981843084760e-01 5.929813330294986251e-01 4.248585697982414366e-01 9.743392353717427179e-01 7.550657961482931668e-02 7.649428916056821848e-02 4.710564679161555190e-01 1.131716215387456037e-01 9.257530758200226417e-01 6.837040481194183172e-01 4.422982351221008690e-01 1.793551398971676702e-01
6.500688766942605001e-01 8.518389028829747023e-01 6.002597297943824683e-01 5.826596126928961228e-01 5.375877599914253846e-01 4.655046532543516413e-02 7.716141610102104087e-01 2.359828438241621251e-01 1.247042424061944876e-01 9.903426961195151979e-01 5.140059327775200471e-01 8.286943980126035836e-01 7.409248993857471266e-01 4.164301084178025913e-01
9.721781857304805374e-01 2.118499830729414501e-01 2.862323314186876466e-02 6.268709282300494179e-01 9.892206886291381451e-01 1.257757008210328431e-01 7.403159999739266084e-01 5.757424341165729986e-01 3.502524545207764683e-01 5.236427558863232523e-02 4.520686477820676785e-01 2.979121336149422872e-01 8.783702896192343568e-01 7.742433347924806419e-01
4.906711730059143406e-02 1.197457396472879632e-01 3.457352177440967678e-01 9.852720404740513693e-01 8.598430792128364253e-01 4.275796736210258908e-01 7.632977647524148423e-01 5.869358848066631440e-01 6.671780814287623373e-01 3.044151647358916968e-01 5.011635090112692703e-01 1.812531830769157359e-01 6.514129327549164072e-01 4.140588343070029653e-01
8.469430812545328813e-01 1.067059474549025833e-01 3.447036198921826777e-02 5.852295860027956209e-01 4.167622989884155471e-01 2.259037306349344076e-01 5.137171378350007256e-01 4.634352634607042942e-01 2.394523099365980512e-01 5.558695961185323720e-01 5.063122754051740948e-01 5.883524166624327645e-01 4.855537469676896034e-01 3.196480505604935018e-01
3.318363919479189184e-01 9.814494313252702939e-01 8.151497555331601585e-01 7.280512242981913573e-01 9.547238141269752676e-01 3.150817929850521226e-01 3.547754079690310647e-01 8.594119205531587369e-01 9.417208966870971310e-01 7.309170015837075374e-01 7.879169031646027221e-01 1.148269539433843800e-02 9.829977818760038399e-01 3.533777116436360721e-01
5.006937502411821228e-01 4.828319016762665505e-01 2.877280043201051463e-01 5.293441440507052898e-01 6.763313309130484230e-01 9.393725014505327486e-01 8.604789404988524293e-01 3.913208125251087521e-01 2.343852148443382744e-01 1.468434484750452684e-01 6.659130161999620157e-01 9.747893707517533146e-01 7.929515067035253217e-02 7.895261000809733476e-01
6.731896304334749059e-01 6.095733686713379340e-01 3.833159581745050337e-01 2.517624348040975457e-01 1.993467078015942473e-01 8.188122458892023170e-01 9.523836785954592488e-01 3.265426509890504425e-01 3.367963092450491080e-01 8.619959326211978912e-02 7.344256170415027762e-01 5.653350253703560702e-01 8.151548890494798583e-01 9.531655128757099416e-01
3.360514882345460030e-01 5.757022945676383285e-01 6.025480149189551549e-01 6.008305834745653051e-03 3.107761063401113244e-01 6.285541603196798111e-02 5.165107126808762272e-01 9.182677449372288470e-01 3.928058181863924858e-01 4.143288424891257149e-01 7.796689168801596015e-01 4.791991958736985247e-02 8.220562520535470430e-01 4.328257494414864404e-01
9.146590732544819247e-01 5.344801853624780996e-02 8.798185729592480353e-01 2.862112680997258574e-01 3.133835835422160709e-02 1.046919203477904015e-01 5.820465395209577508e-01 2.557795673906048117e-01 6.644140801665613383e-01 6.734141992618546402e-01 2.508138303830425020e-01 7.914669768826889662e-01 3.568552339253562300e-01 9.943617824640331726e-01
7.155207525130654611e-01 6.101606483304613526e-01 4.972596140181906321e-02 3.832346822001088116e-01 2.131131176875230571e-01 8.044732902094118288e-01 3.001261682290977673e-01 4.123914895183767859e-01 9.809505799904959522e-01 9.980839660417052395e-01 1.583233052235083482e-01 2.172465052450216483e-01 6.956899995860456043e-01 9.172237664455773487e-01
7.439827718808611490e-01 4.994196662620896676e-01 6.797593341496841468e-01 2.975108914009240157e-01 7.231182822656376796e-01 1.747701899557330130e-02 8.190120363803188308e-01 7.016698982718789779e-01 6.673886309989446319e-01 8.335796133775804639e-01 7.749811713904499744e-01 3.956491626492040226e-01 9.020546230182775460e-01 8.065857318010802857e-01
4.090205892210672101e-01 3.707430799478242944e-01 5.043264007107362001e-02 9.295753286205449273e-01 3.694541060360990725e-01 3.364658214581381923e-01 8.110246828196986391e-01 1.210166863134886084e-01 8.666782891437340153e-01 6.832735539633845168e-01 6.378360608215956074e-01 8.995831281897200826e-01 9.008925262007724255e-01 9.897081171756305640e-02
9.849276034307596905e-01 1.681863483302987738e-01 1.250486634416948517e-01 7.446584871408318262e-01 4.663890088178256343e-01 9.463294017116596901e-01 7.570570995145539106e-01 3.006386016012700946e-01 4.677518735198313848e-01 7.186123203357439593e-01 4.289110672943836633e-01 5.666804761080662667e-01 8.570445563825350721e-01 1.395444921514665815e-03
1.043676075685655569e-01 4.480336700142518724e-01 6.037443695358265527e-01 4.567908606522914639e-01 7.553997935530963881e-01 5.065943574745866984e-01 5.293754992396229042e-01 9.542449390636337236e-01 6.284448780218663266e-01 4.153636690653440544e-01 7.831052179677140401e-01 1.893192248725684701e-01 4.992637675930803320e-01 4.594777496767699088e-02
9.046942977620293647e-01 3.797951762344553561e-01 9.194819499451601930e-01 8.023510280484719148e-01 7.168562025306912666e-01 9.292348334166969925e-01 9.309058033462036530e-01 7.086028627836078453e-01 8.053064621109485843e-01 8.740725301485462451e-01 6.386546887360180502e-01 2.036196320420396999e-01 5.285899639780490267e-01 3.210635453076783330e-01
6.978005623318613848e-01 5.160192819408520037e-01 5.572778751122713370e-01 5.571785580516771530e-01 3.652364560085202827e-01 7.042333963062122892e-01 1.190230707579925662e-01 5.046152691692806780e-01 8.524506719321083281e-01 5.441965691148713535e-01 6.372664427133595266e-01 2.875070879075812824e-01 3.608565658947848753e-01 1.353505265696811621e-01
6.961799274918982761e-01 4.927014748949410938e-01 7.688265109123167962e-01 1.644701238199441917e-01 8.527020942425433958e-01 5.977342400708953729e-01 6.954695838860802670e-01 5.888565036263684327e-01 5.656454917618469747e-02 3.781142180745802328e-01 3.561546549281546792e-02 2.547737337435216354e-01 4.872277970131857483e-01 1.928253826867231124e-01
2.730977841461216249e-01 7.648361265558568656e-01 5.160263886652606269e-01 1.662242348864195751e-02 8.469984800535617087e-01 3.168652753983687287e-01 8.160367072344310024e-01 9.533229488030071641e-01 3.291404455473306845e-01 6.786504269713046211e-01 9.688156594947096023e-01 2.614348278966535100e-01 1.748319438374353885e-01 5.540014754444962941e-01
5.477214465956474765e-01 2.115202767223294256e-01 3.447377583398445466e-01 2.383293867798218502e-01 4.928600328680138309e-01 1.213389511752327454e-02 4.121549265768472692e-01 8.326312582458779143e-01 3.699082124828190210e-01 1.841638940530367918e-01 8.443016150550868293e-01 5.903150593487881403e-01 1.624613179533379581e-01 1.979106768889200563e-01
3.577286516762232527e-01 8.240755753574423581e-01 6.230384180318178089e-01 1.702320078988460716e-01 3.626188991131399364e-01 5.058113562179212819e-01 4.137750150484442724e-02 9.054909063890185239e-01 8.053330683538121315e-01 4.284898249335810094e-01 6.031783935535681707e-01 2.113177257740074255e-01 4.654066945102648400e-01 1.360333683954698669e-01
1.632634991669540403e-01 8.578789053565064604e-01 8.142719301418545053e-01 3.638339176194604896e-02 9.834509910604266603e-01 6.751371981815994516e-01 9.385388142882359341e-01 6.450795942777098890e-02 3.045133034714762044e-01 9.684480219176812010e-01 8.859152262158516145e-01 1.990902501245783718e-02 9.229410833945246306e-01 6.612050344989018891e-01
4.405705480646621153e-01 5.783234574393623095e-01 6.276949766523907126e-01 7.307838270013743420e-01 2.261700839514174666e-01 6.886261657954713122e-01 6.100227343775074251e-01 8.458132444474015799e-01 2.603871770504472272e-01 5.976902172448136374e-01 7.206973477730940214e-01 4.115280322786124545e-01 7.373829462887770969e-01 9.887844522223859789e-01
7.242379902494548993e-01 5.329130428802628661e-01 1.050512975890981471e-01 7.485509959499765387e-01 5.231175876279747783e-01 9.387873997951813321e-01 4.204897940336015383e-01 2.136554794308481720e-01 4.390114968123037809e-02 8.856918736353791566e-02 2.074021658306424154e-02 5.464492124965364406e-01 5.925551242218121129e-01 4.667944748911453390e-01
4.583905311042009156e-01 4.930079522950618909e-01 6.073319413950649670e-01 6.006457642257512219e-01 2.883722645724257072e-01 5.869541738560041244e-01 6.150700420153665249e-02 1.838882777408794578e-01 7.333608902725885503e-01 2.769626766902844039e-02 4.691278687740643161e-01 1.007222826142082361e-01 6.506069515717575191e-01 9.979909919269608354e-01
6.371326507272812023e-01 6.206315455972767348e-01 6.544299198974583565e-01 2.939160306783759058e-01 8.342065430581169228e-01 6.973247545193576036e-01 8.316908133001219561e-01 2.750721395921316148e-01 8.438642609477029488e-01 1.203461098976732480e-02 9.016531306065415086e-01 1.739772279152236312e-01 5.258357751444798778e-01 8.101447580287581829e-01
1.813871415307064527e-01 6.876157172680309460e-01 7.417198032574470190e-01 1.746893170621046654e-01 2.957957094391672204e-01 7.512457957961502508e-01 4.805788506454442555e-01 8.041034784806712077e-01 8.514193196673597308e-01 1.198282840437366881e-01 1.614923263724826752e-01 2.068128123160971610e-01 2.977540732392147671e-02 3.655622383447296730e-01
5.321062346644275243e-01 6.994298524078242929e-01 3.949283386905592108e-01 8.950687205614693553e-01 2.853045765762903807e-01 6.915595130332529150e-01 1.178861259980041876e-01 2.693767897270966660e-01 8.647959593943848056e-01 2.880636248077803607e-01 8.117020007319224462e-01 1.236738113414561635e-01 6.313698743091770149e-01 8.880232809366038760e-01
4.823463027111174473e-02 8.803607114109602838e-01 5.222300600154299310e-01 4.733693194851170682e-01 3.487643764980726813e-01 2.937480030483631266e-01 1.835151376512199617e-01 2.760283453355913963e-01 1.282180186268967459e-01 7.682052044943081803e-01 7.316478266562319588e-01 5.564638415535986260e-01 7.358210983068639299e-01 3.659235710088849514e-01
4.720451964537257794e-01 5.591998723144842032e-01 3.157129363989598092e-01 2.477596104279167211e-02 4.894995100277470534e-01 7.608905925202484877e-01 9.227327551911663761e-01 4.473121951165140997e-01 1.977563895369683911e-01 8.199727386116990591e-01 2.895454764477689569e-01 2.550509768403875777e-01 5.887995672493978594e-01 3.042621252174620983e-01
7.647599858777517357e-01 2.531230859843232039e-01 8.958851905826703543e-02 8.489030233931242897e-01 6.033739537280836673e-01 4.926837197734992291e-01 7.426575869343307046e-01 8.703543580320208806e-01 2.525355452507477283e-01 5.731413053585749928e-01 5.785807747679695412e-01 6.293582436353891696e-01 5.425238751259636727e-01 4.274504833109589175e-01
5.347673071008075540e-01 6.206932523110975097e-01 3.899749793962462574e-01 7.373715588980507274e-01 5.056216074860825360e-01 6.903567156641590152e-01 8.571335807182453026e-01 5.922692713366783934e-01 4.605189087602344911e-01 4.770970824921233477e-01 2.858456288800351741e-01 2.155299009393200071e-01 8.140522678358258490e-01 8.705844637332438296e-02
9.337254462501248797e-01 6.030798056941399921e-01 7.093909277179455408e-01 7.907752719282516995e-01 9.486894998535823076e-01 7.006115307520475177e-01 7.202144237170648999e-01 3.753804063250347767e-01 7.449748508743042619e-01 4.201022616030536394e-02 9.801680054106287621e-02 2.441015732960898355e-01 7.193947432231491135e-01 2.031223915513415967e-01
2.501239258329084336e-01 9.182410800447335930e-01 6.261973864394509981e-02 6.429218245706957990e-01 6.307598046693929650e-02 1.868607575260945453e-01 7.021941789188910210e-01 5.847082746491645278e-01 7.863476655157440875e-01 4.052167433698800059e-01 9.196487734625043986e-01 9.030877501643370664e-01 9.667965599491779027e-01 1.292056448198504182e-01
6.398062051983083309e-01 9.948012281277067714e-01 7.330893595736408530e-01 7.480533714155235270e-01 8.817820813008271363e-01 7.074552075025457576e-01 8.627905885385450668e-01 1.863082419896031627e-01 9.686620688218047226e-01 4.057307844945401420e-02 4.826373815986318982e-01 3.321232992568134978e-01 4.096536740398404319e-02 3.226243093892489089e-01
3.071834746328532262e-01 1.069728802191257655e-01 6.434582752659785410e-01 5.100141177714261342e-01 2.227017065708793986e-01 9.849689332430797695e-01 6.618103199317107999e-01 3.560184033317971286e-01 9.733943343434170448e-02 8.716842567186301460e-01 9.476982109143128330e-01 2.686446902017092242e-01 7.746159399199362694e-01 1.761377613785386487e-01
6.889352599716205283e-01 1.773814765078791655e-01 9.229703925328439640e-01 1.435508481335353581e-01 6.298750673302022651e-01 5.551290837292284230e-01 6.394714708136088888e-01 3.550914417866802841e-01 2.770184832562652133e-01 8.942647656518309951e-02 4.777033642629441301e-01 5.937035775353761702e-01 8.011771676482648541e-01 4.177888830335440007e-01
4.821555067651281945e-01 7.778371327387267886e-02 7.219535524430413798e-01 1.231372442161406955e-01 2.346555409689488059e-02 1.082615175195228430e-01 5.218038010199603782e-01 1.425881349042190660e-02 8.207238525986315647e-02 6.162864644485199772e-01 6.268395504660961848e-01 3.657333472818402598e-02 7.491562482023439440e-02 9.205480247224707702e-01
8.442549166578292574e-01 4.780410664660816877e-01 6.787380892902733498e-01 6.951167934445361407e-01 9.168524845200132223e-02 8.823867444113819847e-02 1.544195511091576156e-01 8.661311964811337916e-01 9.646167509320334732e-01 8.757912068690258955e-01 8.720426084324777172e-01 6.553038763867475858e-01 6.019392056498228394e-01 2.516103625270889044e-01
9.982029957622687855e-01 8.524422699765317191e-01 8.572285740105420881e-01 4.900379473209044434e-01 6.501146621989565277e-01 8.274711424885571320e-01 6.191293802172592731e-02 4.726071400374964870e-02 7.578175035903603751e-01 3.803978185627747699e-01 9.109690952600577596e-01 3.739000961723115690e-02 4.623497934638194362e-01 1.152921286831685155e-01
4.452099788138974557e-01 4.856341513033373136e-01 8.041751479915314471e-01 8.535952758584053335e-01 6.851207565054906468e-01 5.917267634747555016e-01 3.175546030624036842e-01 8.170734654589126844e-01 5.400662595951732925e-02 8.929329935633257831e-01 1.772163536948782037e-01 9.263630933813135071e-01 3.367335279912293533e-01 3.575529667972228154e-01
3.172411944994273370e-01 4.552004830700246973e-01 8.094180034450872974e-01 1.118329748287483216e-02 4.718748193763011578e-01 1.651372300106324076e-02 9.109825498933631360e-01 1.904116619662232779e-01 2.015831556464315888e-01 6.693226048360685354e-01 6.636992790214759630e-01 1.937252629577292939e-01 6.040332034921597204e-01 6.852782595966349088e-01
4.924201996266127646e-01 3.773117898594765540e-01 5.316013906807142142e-01 5.758780086745739490e-01 4.286279558532848366e-01 4.816858438983613322e-01 8.346107449461277472e-01 7.457184626663628801e-01 4.122940167716115933e-02 2.940865959592842138e-01 2.860042072298180083e-01 1.903170167019654357e-01 6.129834668952615084e-01 8.264703988037943594e-01
5.499017423727541320e-01 5.766238438027904145e-01 3.278197028425278159e-02 9.659454040118244933e-01 3.444157024323281080e-01 7.298682743390806360e-01 2.793413510827269519e-01 5.016013738523378285e-01 3.199100155991997374e-01 2.156534414546109613e-01 9.476005085787136961e-01 5.268536845127452795e-01 4.743227895293015139e-01 2.174755858967439837e-01
8.347328431071454613e-02 4.605573366130772950e-01 8.696898532321145625e-01 8.969648825808418380e-04 7.450420441714700193e-02 1.144025121618513774e-01 2.651268214770208242e-02 4.671648132392625108e-02 4.539565178720024186e-01 1.831454772148709553e-01 3.100241491244697389e-01 8.557165563596591529e-01 3.319537801297355317e-01 1.336625783616979257e-01
4.955908771161059434e-01 1.883422598377515467e-01 6.740299843737067587e-01 7.374244919152111999e-01 7.608053462552356594e-01 7.558804511840609974e-01 8.455818409323289098e-01 8.262879128176279231e-01 1.873709796241723735e-01 7.707193534073352170e-01 8.805310489196971346e-03 5.237126909518607931e-05 2.421262067121523476e-01 3.810547238405448400e-01
9.484545606380678784e-02 7.447001042302064944e-01 2.357791721638267113e-01 8.559405838030028635e-01 6.791962799334531065e-01 8.211474513773321382e-01 8.747432426356093194e-01 9.818176144941037631e-02 1.806253318917347972e-01 6.533877318617054009e-01 7.554127644997916669e-01 2.186975827901319613e-01 4.242888999719701681e-01 5.619471577324105516e-01
3.920261086746543722e-01 9.888883880389811587e-01 5.549189645533066928e-01 5.956787547689967877e-02 2.423074675554095503e-01 9.193267119081772742e-01 4.792435837606713323e-01 5.618498164064156253e-02 8.575782500263084973e-02 1.006074981712451466e-01 2.172963171771099544e-01 5.565087872547440639e-01 7.799048028269160993e-01 5.746462992441585538e-01
3.984476323607604176e-01 6.104658765037123125e-01 8.588731923911443467e-01 9.690869841943894336e-03 4.917397828029645979e-02 2.411451600447311883e-01 2.421940158715015778e-01 7.950931293510177245e-02 7.693372944297979243e-01 2.841052749031042213e-01 5.691633984081722053e-01 2.286977463339945338e-01 6.619643888211020899e-01 1.033951348946924309e-01
4.006475256029871090e-01 4.310151697020082606e-01 3.683674356336995581e-01 5.104916662593922405e-01 8.464477968074567427e-01 6.635845799131063760e-01 5.822306358827100681e-02 2.589741990055761667e-01 6.302795374648061388e-01 3.715281693047632894e-01 3.668384604509561386e-01 6.255785075105577686e-01 2.841852069932495617e-01 9.728729915949477780e-01
1.657668602309193551e-01 9.304238695039099838e-01 3.720172922938672633e-01 2.885183310012555680e-01 3.732078175955260146e-01 5.398057747282780650e-02 7.423261838770310872e-01 1.927300297809183549e-01 9.395968898379967182e-01 5.302803066356929218e-01 9.245530957847436504e-02 9.998660402457811847e-01 5.980107387171402777e-01 8.516040565470546220e-01
7.044950641460411278e-01 9.442654993541466091e-01 9.142147579364867660e-02 4.438673182077844670e-01 6.373604448907828068e-01 2.094684511899946866e-01 8.638246329142779123e-01 4.538413971261006097e-01 1.807752914507460007e-01 8.806007050813116077e-01 8.855820543924624033e-01 5.665606706769864553e-01 7.104462852636579395e-01 3.243392900090361630e-01
3.853756981430580542e-01 9.138511666363073882e-01 2.219600398405087160e-01 1.034160012566107678e-01 1.602164438183312223e-01 8.948232116863200636e-01 6.479869764767588469e-01 3.274702008321012103e-01 7.175160878814536014e-01 5.601552530428834942e-01 7.548510616614789726e-02 7.478600333230229769e-01 9.858369435374745304e-01 8.149132463730029974e-01
8.403446873448839893e-01 4.977252566880683293e-01 7.508131712919042799e-01 1.404537398086250777e-01 9.842993007502270908e-01 7.337753928390338132e-01 1.243834102450296353e-01 6.123677103530698052e-01 8.705832826208622643e-01 9.353566291431891777e-01 6.367535568952398251e-01 9.553271794341600121e-02 7.257449194112250979e-01 2.528333934116355763e-02
1.571725483153659786e-01 2.423655852173899339e-01 2.593237796951836094e-01 8.431377102618121677e-01 1.507454699101022921e-01 8.901010973799005077e-01 3.878490736400554972e-01 2.584647176507400834e-01 8.196675873220840014e-01 2.400912764477214356e-02 9.350952073799349007e-01 9.551119734776251091e-01 5.498153841944179998e-01 1.421359220099180920e-01
2.533536482729888961e-01 1.530942246652333694e-01 3.363420012773318257e-01 5.801139601352075514e-01 2.276375996895529941e-02 2.977489142414135870e-02 7.602010023743986933e-01 6.762813509569592929e-01 2.804869153520284097e-02 3.988027051186413541e-01 6.082013822457386087e-01 9.618342282695582224e-01 1.190265050522365531e-02 6.435614063050271172e-01
1.210125498686720480e-02 5.407984365035891638e-01 7.334173850441855214e-01 8.452670143577655226e-01 2.829492442495538107e-01 8.935043541830035574e-01 3.116117225113378408e-01 6.455840925060245539e-01 3.396281425095977191e-01 1.674511992645061342e-01 6.520725644133507082e-02 2.933822785523497734e-01 7.568236947228099698e-01 8.090040608800804778e-01
9.487046717299927323e-01 1.792720218325855042e-01 5.851534672373037704e-02 4.094339495919239180e-01 2.976644307687026370e-02 3.653503014875759680e-01 4.870177936841078026e-01 5.113629538100077365e-01 4.425658984192706313e-01 4.943062993645482850e-01 9.729767060576888227e-01 5.419815417755373677e-01 8.144273603899532255e-01 3.909464947530677525e-01
5.713019736513602620e-02 2.190166745579603669e-01 6.868152140210681544e-01 6.396496160290987554e-02 2.670814983365246142e-01 4.014644682442320978e-01 4.929626190730280744e-01 3.994436055381312967e-01 3.810782209372837182e-01 6.008666620210033615e-01 8.674694279890632354e-01 4.770804697390015336e-01 9.436258446030868496e-01 8.302029063136976417e-01
