1.510998437419537321e-01 7.990575753257630476e-01 9.341683737264470100e-01 8.753668691565702487e-01 4.235004327920370848e-01 1.081016640101254422e-01 5.410869591671124690e-01 4.002899293201233055e-01 5.587385383240511816e-01 9.379478743871977331e-01 2.546691215541116993e-01 3.371580234380290308e-01 3.651977804356143498e-01 7.057902870829465547e-01
7.261910679506839994e-01 3.688251125376376116e-01 2.067755221889201467e-01 4.839824763339128921e-02 6.002200796491051760e-01 5.351824281189304644e-01 3.616546067634159867e-01 6.798747544669809795e-01 6.717728563072455916e-02 6.988944177224598597e-02 2.547502478715660823e-01 5.698837429230907414e-01 6.004638926119616471e-01 7.251270723675632413e-01
5.906542604334231727e-01 4.447056175377400722e-01 5.776270434438742774e-01 6.624694591691199230e-01 1.156333198243534310e-01 4.815813249461866619e-01 5.958999778964756411e-01 2.775104903898177877e-01 3.030283388196665095e-01 2.696872969415677890e-01 4.964518723663601252e-01 3.355714652731931480e-01 1.437071589523485349e-01 9.611966268342175823e-02
3.934103173222007754e-01 1.357299845107948766e-01 2.716564413422994928e-01 8.418864313135672184e-01 1.197667942273245023e-01 3.606779356699566508e-01 1.959236540042962327e-01 4.957957140047425382e-01 9.818194739064719512e-01 4.993135626530719184e-01 7.450767781484588514e-01 5.247448791300035609e-01 2.941246697993811221e-01 7.282297829225747865e-02
5.495312512030134933e-01 9.055078812203920524e-01 6.152802681222091508e-03 5.973997220346137782e-01 4.324808114476388354e-01 8.695473187889843913e-01 6.648993000290996935e-01 8.262865889125960983e-01 6.820723512885065176e-01 7.653431710445542935e-01 8.830889826395947884e-01 6.608370781042740560e-01 7.498735890335537224e-01 6.473037536530585889e-01
2.972220951918835841e-01 6.122055057037445458e-03 7.304915788782982977e-01 1.072232741744971740e-02 7.507014427379399280e-01 5.534565129480951695e-01 5.597253220549950337e-01 7.121943159910926191e-01 2.341589039723691590e-01 5.971555976079339079e-01 7.809022215107511711e-01 1.374410299423959314e-01 3.646625300579330320e-01 2.578918598194800404e-01
1.714240283844605806e-01 4.980368834460949801e-01 1.456965207444922417e-01 5.974086398984280732e-01 2.047508097910777369e-01 9.715033973783459009e-01 7.986517004093423022e-01 6.513929624576740851e-01 7.700320780535884202e-01 7.741815737119634999e-01 8.736552885919928180e-01 1.793234704054144091e-01 2.714970597789498896e-01 3.431636641411039967e-01
2.582527786751757093e-01 9.715269282851509702e-01 4.046798756860732205e-01 3.566858900114372455e-01 5.474204480038892262e-01 9.819504214474915615e-01 7.684524316517569176e-01 3.159756318881323800e-03 3.942622968341547018e-01 9.696247078434475641e-01 4.831339670300505151e-02 2.317208202144036555e-01 6.653450507298751537e-01 6.040064914041762822e-01
5.913455709675746741e-01 2.141650059291821950e-02 7.565389230936093723e-01 7.753156911323000333e-01 3.569796253897498106e-01 8.966967718579086366e-01 6.917479299451240182e-01 1.830236157768105887e-02 5.701538565516300894e-01 8.505658168958185605e-01 5.447290672094828867e-02 8.981455374581714945e-01 3.329266943471749229e-01 1.578207267986234674e-01
8.919751496693018034e-01 7.373485860515253121e-01 8.027175964335313552e-01 4.268752477847701510e-01 5.691817902110413163e-01 4.692487336666834041e-01 8.803480739539731870e-01 1.304838198905944324e-02 3.710059259923907948e-01 3.638517249627806205e-01 7.945526536657994132e-01 5.380542949740547698e-01 5.545295300755529455e-01 2.629486003069974043e-01
3.872641050443063060e-01 3.981805287797594017e-01 3.803017164147348694e-01 1.282762319685758490e-01 7.261272567403244116e-01 8.027088036301606166e-01 3.176222616183131953e-01 5.106735576099864504e-01 7.143774956182455949e-01 7.193261534308246219e-01 1.414729193581405475e-01 8.995002645843831468e-01 1.465835170384003350e-01 6.749477217686096209e-01
8.320007823825740223e-01 8.733201118662342610e-01 5.360011294308684171e-01 2.148004595548684836e-01 2.840414460781270911e-02 4.522966670590935490e-01 6.341903411874505458e-01 9.958264796776189476e-01 2.174962549282636326e-01 3.387584645623359370e-01 4.722242997057679581e-02 3.839645586036410929e-01 3.450674559862891844e-01 5.608944666489557029e-02
1.948481820144218890e-01 9.511773395072814496e-01 7.667808750839349985e-01 9.695548255597741250e-02 2.519476589752434048e-02 1.161299637704847898e-01 2.749264842324782299e-01 5.768828770359691882e-01 3.616426911445208559e-01 8.108202414153892201e-01 5.532309251422867780e-01 7.694675280942325779e-01 2.017119069731454495e-03 9.167982484519558994e-01
8.639284308382058075e-01 7.754679462425692060e-01 7.139804765052715219e-03 4.933103945786475597e-01 9.575618500484387452e-01 8.625237935419954871e-01 4.806473577627027316e-01 6.069879791912213829e-02 4.331804266695099548e-01 3.421018531605347635e-01 5.758983441751894805e-01 3.190249904473404507e-01 2.720964438363475679e-01 4.435722832117082737e-01
8.954569960302112275e-01 4.375330520274957058e-01 9.561040594785903401e-01 6.850616876284663093e-01 4.610401388020264335e-01 4.902970832664443890e-02 6.436502957700632743e-01 7.911635292143939235e-01 1.999809570170282269e-01 5.507058155505758501e-01 9.741397382574263908e-01 8.319486304660084208e-01 6.654414123247410773e-01 8.996242037512672818e-01
5.525693836612882714e-01 2.289127320686341616e-01 2.604723375089864623e-01 5.106695826659002346e-02 2.845941884138476485e-01 1.818514743451081772e-01 6.516985790000860979e-01 3.800860960004142086e-01 9.161606640087539555e-01 9.197192401962914765e-01 9.358640864991940589e-02 6.152483254997467288e-01 9.220177802946488699e-01 7.136208901988163600e-01
8.526857227867165046e-01 2.972139465227668920e-01 8.088452302252367998e-01 9.131376873976759789e-02 8.247027482281197308e-01 9.925295669592585357e-01 8.519148628902875053e-01 6.605068235439220947e-01 9.462674608104213458e-01 2.579647997635912127e-01 2.637199890448063133e-01 1.741285950399681370e-01 2.907626988281075686e-02 6.861004914010014888e-01
7.986046907559990471e-01 5.417726237173106085e-01 1.988231911836203514e-01 4.699160961796045033e-02 9.392662984061674880e-01 1.710036914546158027e-01 5.614772573820412394e-01 9.991462780384658959e-01 1.631383358595607236e-01 3.809592575170194229e-01 8.308549703502765560e-02 2.215713630392487365e-01 6.114741051470149458e-01 9.019550241444533878e-01
1.119651570029664978e-01 9.651614732098154903e-01 4.725881720787842299e-01 7.591596811266227984e-01 2.984613526722441623e-01 9.643970707195445025e-01 8.865129394717738975e-01 6.813276286728097153e-01 1.845415135893540004e-01 9.805216511437169213e-01 4.782192499893322957e-02 4.048033610702124196e-01 5.031952413492408738e-01 9.100242171934995739e-01
7.576025061688976825e-01 4.074012936290630771e-01 2.997085143660404016e-01 2.203875610198466894e-01 4.110795156596480648e-01 4.869301362165014968e-01 9.937328033080443657e-01 7.809276121904941137e-01 5.413194394157889722e-01 3.879084475989301728e-01 8.398111847579160516e-01 6.170907348998714292e-01 5.864287143769175703e-01 6.348026300952880341e-03
2.885809695349762505e-01 3.461748436299704190e-01 3.658845184775549875e-01 1.414882200216532881e-01 2.315909750185115579e-01 8.928511562574911187e-01 1.441939984287103904e-01 2.190892084111077942e-01 1.049440435897459611e-01 1.280222006438063165e-01 6.291179288979886763e-02 1.770508523272189549e-01 6.650101090674875870e-02 8.465217045252183548e-01
6.022806229325047278e-01 6.509219699164803252e-01 2.622117109620818454e-01 6.836599365583032606e-01 7.018579924323553598e-02 9.947016132853400139e-01 6.425421576209587871e-01 4.916996613865418642e-01 1.938904001857230108e-01 5.299442852094331524e-01 9.875002779624741933e-02 2.762163554697479873e-01 5.200613145225563283e-01 3.014839237180413356e-01
4.139128064371421223e-01 8.679532670157015239e-01 1.109172949321107771e-01 8.023595893986931182e-01 6.795494316130090695e-02 2.572714283440868943e-01 3.526452673691325979e-01 1.785199391044060002e-01 8.047311490207713636e-01 4.135678092726131627e-01 5.823228129041932988e-01 7.083072107058409062e-01 7.515577396965181789e-01 2.098409047542078021e-01
4.242829500092877293e-01 7.489699616754410538e-01 7.927186769485621287e-01 2.355158380353802317e-01 6.706871911053118307e-01 2.445490442075377580e-01 4.315559253662688555e-01 5.301146160169165622e-01 3.972229692560866887e-01 2.677763844064731114e-01 6.182063828523040039e-01 7.327131597888379977e-01 6.659111461339951576e-01 2.905571920993766932e-01
5.560700790176676955e-01 7.610468317091539925e-01 6.988326719031791034e-01 2.967384590437387448e-01 7.660364507346788532e-01 7.260751540207697197e-01 3.668695599040951993e-01 3.546468088118127637e-01 9.693660715309890819e-01 6.026492826906744149e-01 9.439737036978212981e-02 3.384767500965052411e-01 2.922604592179279814e-01 1.287904070711968219e-01
2.150065369902682821e-01 5.113577076536816035e-01 1.017584212675212152e-01 7.795435254949421022e-01 8.116119217855042312e-01 9.365976549381654914e-01 4.325628090122655145e-01 6.000636007840495223e-01 3.830088409895668899e-01 1.925267124113883010e-02 4.032100596136526383e-01 3.960821964409592111e-01 1.553295776532654937e-01 1.591518266402052184e-01
3.750285858187583088e-01 4.687586483929712111e-01 2.814308799543498996e-01 4.427558538229666718e-01 9.522947749011421159e-01 1.019629533291861456e-01 8.304956326989075821e-01 4.720874363093969794e-01 3.755393462977467678e-01 8.255362541582275115e-01 6.555797601943433861e-01 6.996398110687918059e-02 3.508989014559773523e-01 7.947944009303548052e-01
9.035436960462261968e-02 5.341727522973274134e-01 1.834206398574339536e-01 8.663538482811402597e-01 9.819455194061958991e-01 3.145581864966265906e-01 7.233138960905215464e-01 2.615997975465522707e-01 1.251834229820405486e-01 3.729886405134430483e-02 7.540632112834221301e-01 1.655705310834293398e-01 6.247793097147523733e-01 7.460036517852220994e-01
2.058178885114123613e-01 1.350980204283924735e-01 1.253446781584299785e-02 8.080972422692639379e-01 7.924929273761268655e-01 7.293924784540199990e-01 8.678181793696096991e-01 2.937516654145846395e-01 5.328565095270354490e-03 1.774739279986984331e-01 2.265596733464732004e-01 2.833671278093384815e-01 4.470521177303776739e-01 4.216890171978950885e-01
8.074703501083733137e-01 8.292377077367634186e-01 5.575097595571748554e-01 5.013491086083305959e-01 5.880436570414597774e-01 3.762026561775677624e-02 2.216664760943681811e-01 7.483072657687039886e-02 4.278151652117545556e-02 2.156830290824710561e-01 3.851814934888062592e-01 4.462258257589715171e-01 7.530831768938371917e-01 4.184950168212464572e-01
7.754930612155652714e-02 1.315741299055593894e-01 9.604732083929136133e-01 6.712529912295426282e-01 4.362362389357140602e-01 7.434727964322094262e-01 6.935048648584170028e-01 4.652798713144947751e-01 7.670631099707403422e-02 2.140335347879523953e-01 7.682852523421905833e-01 9.877038205103816360e-02 8.083956271866782339e-01 4.514863876181868241e-01
9.536590804363422880e-01 4.784028342466331019e-01 3.868803723593025046e-01 4.003478482315391274e-01 3.615673561164380878e-01 1.488934565422885825e-01 3.064688872495261451e-01 4.057144878308851510e-01 5.098314314762250055e-01 6.141520785734052579e-01 3.001606944589036985e-01 5.892349950364252908e-01 9.048969874635167665e-01 1.009589224723539402e-01
9.229676012433203347e-01 5.967453830145830196e-01 4.604467655792728875e-01 8.409939772057136720e-01 3.306870413641598283e-01 7.284183329940433493e-01 5.015175122801470708e-01 9.346233478709249365e-01 7.469405385145828635e-01 6.097622705561920320e-01 8.419259390758659922e-02 8.796219786397787566e-01 4.320261170162823516e-01 3.061479128984320175e-01
9.605690292544073472e-01 6.922232433017448949e-01 1.751328907597792250e-01 2.346795511345249885e-01 7.090442640304672750e-02 3.362209579670660808e-02 3.117368420926658334e-02 9.537112987276674669e-01 1.956066267327694064e-01 3.995062251427740074e-01 7.502279297359163435e-01 6.596134240536523086e-01 3.536365026540282397e-01 1.135430116656390709e-01
3.102254388023619747e-01 5.263127176626224424e-01 5.062677257022596411e-01 1.234321870456095427e-01 5.748134867899367118e-01 9.365144423214879499e-01 5.244905577747793757e-02 8.561387509920792560e-01 2.316472476565092364e-01 1.957601608605316068e-01 9.905687765338061501e-01 4.127806842298537005e-01 8.134715608286398059e-01 9.141941791271641637e-01
2.121751205358128889e-01 2.454489929745168331e-01 6.563593228299723359e-01 2.468048351367240212e-01 2.269918925636641438e-01 1.492997077558055885e-02 9.759957572505032486e-01 7.442130498806980299e-01 4.114088954057742997e-01 1.021873045609545949e-01 1.595728344321081238e-01 3.632531334763804409e-01 8.663764227389563199e-01 5.281069411903080990e-01
3.921705074200871888e-01 8.136032959466935610e-01 1.875912197421171212e-01 2.764808297580387819e-01 4.165580352334539160e-01 1.840177286526303302e-01 4.037709152945134772e-02 3.938300599986553907e-01 7.446485320170393996e-01 3.884240483870005090e-01 5.822562947768628039e-02 2.038759317698712881e-02 8.825712912292521528e-01 3.650196012157036485e-01
9.697505813761064797e-02 9.912089403001760335e-01 3.173528206774522964e-01 4.261786281393400433e-01 1.569086423306333966e-01 5.933780066058299552e-01 7.554828265163179291e-01 6.656834109342613104e-01 7.968846581099836568e-01 9.819271988753519587e-02 5.204147166337471653e-01 5.656699900654564850e-01 8.598312774292378169e-01 5.412685174837179591e-01
1.894411025877593691e-01 7.742064479045007719e-02 5.407112179969086885e-01 2.459819781159955365e-02 2.331907101324360854e-01 8.097055795229647357e-01 4.019294207805063079e-01 3.282998612288211548e-01 5.031042941564140003e-01 2.275111855613211054e-01 7.741629280377306799e-01 6.966785843605427520e-02 6.899978432051833144e-01 7.759533905440301194e-01
4.162922543961976585e-01 9.834974819984310113e-02 4.041876721494062075e-01 6.255301275565475772e-01 7.802556004452235738e-01 3.455030700465788751e-02 7.490510342524497878e-01 6.209145073284871863e-02 3.212548557942170868e-01 3.209900244056733687e-01 8.861609812508408623e-02 3.863589652898281601e-01 4.374625725788638952e-01 7.233004604960198147e-01
7.722936660298771461e-01 9.623039767956689250e-01 9.828110463857566703e-01 4.839057261957807610e-01 2.360499285466988173e-01 6.411273256242421281e-01 7.512710262323263333e-01 5.072230259933372398e-01 1.201271362808866705e-01 9.418816951889508182e-02 5.521630969971114133e-02 4.729642877818948099e-01 9.378571327885165676e-02 5.823747490280699601e-01
1.336927738287775336e-01 5.019620835166525019e-01 7.987391395335000643e-01 8.049907383289323093e-02 8.983145955730797994e-01 8.069874860981945952e-01 5.116040885428148055e-01 2.622953561139963474e-01 1.880695443527096167e-01 6.462567264820566759e-01 1.379274694228699305e-01 8.572134069046880578e-01 7.475069316732317892e-01 5.199401527730725947e-01
7.184075992892624551e-01 3.979159226690844875e-01 1.699545294738337153e-01 5.663027202209993671e-01 7.153474627175553380e-01 1.109232725977488121e-01 4.417384001156453577e-01 7.535132570480913561e-01 1.899857339276929125e-01 7.595538867808364625e-01 6.108765079610956050e-01 9.666174972756969019e-02 9.638822010825905950e-01 6.799560629441446791e-01
9.883923696143825932e-01 4.260583892087791424e-01 8.000084904977133871e-01 1.249295975059916408e-01 1.649809271470279448e-01 2.399939801997581501e-01 2.171426900811113114e-01 7.950450796761820982e-02 5.222188091645216801e-01 1.410928675435954016e-01 3.883006210842598893e-02 1.079565507086750475e-01 8.734058532103111672e-01 4.733292287679613519e-01
7.696962468645277555e-01 2.499824030462770574e-01 8.456474952742198958e-01 9.887667408874085684e-01 3.305941759650020684e-01 2.482003273406480082e-01 9.738439585407676624e-02 8.606152505626305516e-01 6.994362683662436186e-02 6.990426893414780629e-03 7.533704095406307255e-01 8.664828024141157936e-02 3.112305208184984462e-01 7.558989803232563087e-01
8.054481887855743372e-01 4.751785693030500246e-01 9.157329072906568168e-01 4.783474485719155789e-01 9.044898493054642774e-02 7.155662530017510292e-01 2.755764094398851505e-01 4.608310382588105547e-01 3.998398786620854795e-01 3.717023589323363852e-01 8.784720505411962588e-01 6.249657557063993396e-01 5.688298274380424457e-01 9.712059819206765310e-01
1.499101453962401465e-01 8.194334526017306164e-01 9.475522409634502541e-01 4.885106225164363991e-01 3.780658631406362824e-01 7.439350854591687545e-01 8.443309869708175430e-01 4.437979546926219543e-01 7.645222027797394793e-01 6.467112981798877058e-01 8.198855377816122170e-01 2.769967495624120479e-01 4.831141959685008036e-01 9.169496259912791603e-01
3.120442054268031118e-01 3.989597080658190409e-01 2.170579747070804366e-01 2.896634035634749749e-01 9.390398586944468384e-01 4.117545275622406242e-01 3.367412654745410849e-01 6.814759970178235760e-01 5.211222500383186906e-01 7.093284829838453209e-02 2.653975123894747323e-01 6.383222499415660556e-01 7.820436761088560562e-01 7.654209194784424852e-01
6.687943892200705065e-01 8.939503091799151369e-01 4.377964010679188389e-01 6.614617159580346017e-01 3.924387254843346717e-01 5.139559888533544729e-01 5.501189515843908362e-01 8.774424481881387683e-01 7.158221772630490864e-02 1.011881246150592162e-03 6.699404744253126820e-01 6.579501239177489857e-01 3.824764600948243887e-01 3.343593426633664212e-01
3.109997367937735735e-01 9.772412983152153343e-01 8.460722231214090616e-01 4.214928804209588931e-01 9.391842956717668667e-01 1.318206688424309325e-01 8.092222005440302679e-01 9.644372419658147066e-01 6.849982635896413319e-01 8.159519344035104371e-02 2.820264937757797075e-01 4.073400265430696665e-01 9.435760299663900064e-01 3.927548221066493594e-01
5.401646183628050490e-01 6.234350021356520610e-01 3.699643899768221278e-01 3.200798002086184812e-01 3.534592682554175136e-01 4.722075920508526092e-01 1.994363978319501074e-01 3.157281813156266326e-01 1.148196498132947330e-01 2.298751740470946769e-01 9.250087008043714754e-01 5.889611339622302655e-01 6.194795528248528971e-01 5.414149094761774306e-01
4.376925561672997400e-01 3.373281416861435567e-01 7.305162385106807044e-01 8.251736258138199220e-01 5.582975459737705703e-01 8.959508052608152751e-01 4.166089895162424783e-01 5.270111610951226933e-01 5.811143976985382320e-01 2.876773599054406327e-01 1.159076944011455668e-01 3.799093527975282436e-01 6.451882284500130016e-01 3.679696448592331137e-01
2.783620961752527601e-01 8.331080163532432747e-01 6.094584879932229970e-02 6.343826473380407283e-01 3.600686656574254574e-01 8.687990506002224445e-01 7.831427802909179947e-01 8.754717421598600113e-01 4.536779479722924391e-01 5.325987345752317692e-01 8.347381200222481201e-02 3.245716569559025100e-01 1.307211152515381780e-01 6.255592956163078533e-01
4.799655765837385069e-02 9.166277925610037958e-01 1.601265186999545342e-01 7.643525112339077943e-01 2.259731553547084104e-03 3.235854073886225146e-01 2.448345601005340599e-01 7.992676028040832659e-01 8.757849801643406984e-01 8.406173060347321702e-02 1.339996109043706252e-02 6.962746301970497154e-01 2.653280698909857849e-01 5.800762991751029496e-02
9.330316709751443893e-01 7.268278342553006199e-01 6.195962888612124297e-01 2.752469207893791792e-01 7.398812715252646166e-01 9.433464867097810513e-01 5.654840103924475558e-01 6.128495481863130978e-01 7.155120981355947984e-01 3.333747539041638230e-01 4.082771292357476600e-01 4.307637178036483050e-01 4.779876550806985147e-01 1.763724735172556013e-02
1.608836074924407944e-01 5.180312416927433938e-01 6.371052646050959778e-01 1.552238601154123376e-01 2.575607948296551042e-01 1.175205793024015621e-01 3.920076935586707112e-01 4.209898264017382097e-01 3.690107992422213545e-01 5.751473868492853470e-01 9.023745735361032860e-01 8.438826721959771238e-01 6.164541265818270777e-01 6.104341244283306711e-01
4.952837616863795533e-01 8.667718137831351699e-01 5.571459831465601642e-01 1.749078163619269821e-01 8.709813128774822610e-01 1.998273382392122821e-01 3.619129892904349166e-02 2.734747011202087741e-01 9.723609265864247009e-01 4.037102266798222594e-01 3.014631776599516755e-01 5.760385268134727843e-01 2.639122448575738078e-01 1.838350066122390603e-01
4.706933788720958356e-01 8.759466122198055205e-01 8.449515717859874542e-01 2.762692282975934832e-01 1.101550311056262998e-01 7.440786109484667232e-01 8.054686451698443994e-01 6.282764342049700357e-01 8.833257950287978222e-01 7.111897126146964343e-01 5.426238377243663979e-02 5.678155988349102845e-01 2.776139499265757316e-01 3.197226189486890302e-02
7.996248902259402991e-01 9.642256520840220002e-01 7.189439473918415313e-01 1.471778779963907047e-01 3.925390818494290945e-01 7.562527113074624108e-02 1.590787876640726850e-01 5.958245615203501266e-01 8.906483681657573204e-02 3.761497386217687033e-01 8.896208702002328383e-01 5.976865939930915417e-01 9.785811714444758724e-01 7.599090016033426265e-01
4.629808235789368842e-01 5.126547163290751108e-01 1.388536303916955150e-01 6.499841893089302047e-01 4.798562848105804024e-01 8.805441107699212289e-01 4.976404990152887287e-01 5.641299861295676621e-01 7.412675061601625703e-02 9.292427368301855450e-01 6.418710337431038360e-01 1.730136543570816032e-01 7.202100410438593281e-01 9.165207194021959269e-01
3.853090596112483945e-01 5.295898188404226659e-01 3.159514921399072529e-01 6.978648138292107284e-01 9.502042537911788989e-01 7.772731683456514107e-01 4.593284497660032883e-01 1.083022601796114204e-01 4.632423137278032232e-01 7.572719855301370817e-01 4.935677653824154243e-01 4.959174041428806579e-01 9.131495011865981004e-01 6.060134910751985293e-01
7.162710703718691008e-01 4.390900113005110628e-01 1.348617736311437110e-01 8.361559499988634458e-01 5.608288205327383036e-02 6.031695180227618636e-01 3.472809791900464127e-01 7.101106499914787706e-01 2.480405119002507819e-01 2.218495582410477951e-01 9.131892081344697987e-01 7.390514786423100224e-01 8.365008889368484857e-01 5.365471547166188460e-01
7.137195198786483452e-01 6.770523894075176630e-01 2.382489027296836870e-01 3.155906584707217633e-01 9.209879123347390895e-01 8.128346581426829642e-01 2.058017427002293287e-01 2.923208494663531720e-01 5.033599023336242650e-01 1.848810439221967306e-01 1.074658716426398763e-01 1.878037103908749561e-01 2.906580995662910727e-01 6.064663827396602480e-01
9.353013987156174602e-01 3.877314800911145776e-01 4.990470561407958083e-01 3.417243099597278011e-01 7.207495712169360580e-01 1.489033472413030523e-01 9.871788749510880256e-01 9.494578392715069537e-01 7.746251212758658022e-01 5.741796100540468295e-01 9.404253645190325805e-01 8.116935230823125735e-01 1.976796531766327192e-01 5.614941504354031832e-02
5.344879304571448220e-01 6.944530742169149340e-01 4.095153576285888164e-01 2.100046620481558213e-01 5.547691910061042231e-01 9.381775835709427191e-02 3.515044858147462481e-01 3.701946605301352777e-01 9.078967706320518749e-01 8.258083869190711024e-01 9.370716548372083343e-01 5.902905585224349494e-02 2.388799751789845160e-01 2.951682314552606101e-02
9.295227626827172740e-01 7.987664859889335167e-01 5.019947549552619126e-01 6.899523670024954036e-01 6.944988939095132485e-01 6.310115845121393452e-01 9.418774928063724516e-01 7.511742753411080331e-01 3.331189018378006850e-01 2.566576000331209917e-01 2.301669726844247643e-01 1.445506186088386658e-01 4.337700557624916131e-01 9.860341178297085118e-01
7.967148074837864247e-01 7.118090336319481404e-01 8.119412088755443291e-01 9.046863081455799316e-01 5.704524281335454639e-02 5.825460548503080815e-01 3.682781996096661237e-01 7.994679085305200772e-01 2.485481768162989269e-01 4.895257286832895849e-01 7.566293972413513647e-01 6.400445982260091204e-01 7.511421162795907103e-01 2.983795582551763692e-01
1.124573301560358729e-01 8.932504788823069086e-01 1.410441144478044029e-01 2.313692518826666600e-01 1.184855823421134824e-01 5.481304400457887027e-02 4.724877007415638763e-01 6.835889871556682928e-01 3.446811916757042127e-02 6.516718317991835319e-01 9.957518173096414626e-01 7.364750945980800267e-01 1.333125475553222916e-01 9.601559502662171397e-02
6.835057066518888114e-01 9.713293343072439967e-01 7.430879922483956124e-01 8.974717892107431094e-01 8.363080365963181384e-01 7.170759395943603343e-01 9.668405135364236402e-01 3.923925656840863141e-01 1.406152423409096075e-01 9.514496772905464139e-01 7.069201709600647643e-01 4.174772220973625991e-01 1.355150939273191968e-01 5.886953831370751455e-01
5.912301874897496479e-02 2.793076350605128155e-02 4.295772058143296768e-01 1.075595189990323775e-01 5.682689082820775450e-01 6.806350611251947846e-01 4.322838664012914611e-01 2.894624152574003517e-01 7.843779420735175201e-02 6.641654667063806583e-01 3.661244694615517492e-02 3.172025000485015900e-01 6.913998394829170557e-01 4.554630952743585759e-01
7.670081475816137306e-01 6.516204059745620558e-01 6.721324584129882984e-01 2.353659552072211447e-01 2.591124032635095942e-01 1.177262093251973951e-01 9.079777313542947148e-01 2.997906955488596203e-01 4.401728433840894628e-01 7.303271204317378640e-01 1.363526077787150514e-01 2.286075739122808148e-01 1.492624402190141364e-01 4.694105697911776787e-02
9.454355564735624773e-01 5.391209116921653610e-01 2.143984230000688385e-01 3.399997359153275056e-01 5.813139110491656325e-01 6.772560040496736766e-01 7.885786938563287274e-01 8.351765925029531745e-01 7.754908039133382447e-01 2.534903059362714206e-01 2.025589694248862704e-01 5.620290281151153478e-01 3.310294808146810874e-01 7.409328585482383156e-01
4.816138146666002484e-01 8.779864302683801913e-01 1.015826961220352986e-01 2.446845032131942377e-01 3.335113536524298983e-01 5.813253539339511278e-01 7.270352962143241671e-01 6.288562032626525689e-01 9.756198587328674954e-01 3.022741027055632079e-01 1.875140251724398688e-01 3.796833478620412761e-01 1.348009946901190803e-01 1.976733037779271340e-01
9.835637988956252853e-01 3.046387797981641166e-01 9.085559713752257016e-01 5.687605920190610398e-01 6.646032562554345935e-01 9.805415839945208489e-04 2.984878119863754176e-02 9.793838202271067939e-01 1.014326048600743269e-01 3.070282212454831239e-01 4.644173095538406404e-02 7.445944608725804104e-01 8.101969426004890229e-01 5.684293708794840860e-01
4.691163291772226795e-02 6.912065311604926876e-01 2.849665023994735202e-01 4.782651396435607660e-01 7.574820975506990628e-01 7.527311336547926057e-01 2.792537046964042036e-01 7.217003185268405785e-01 1.373033327783981239e-01 3.376747262217754120e-01 1.233753230425074232e-01 7.776046807848812081e-01 2.566345901357229842e-01 7.234399060763651024e-01
7.248778803373301383e-01 6.360337844899522919e-01 5.347444835951825626e-01 1.074091605895538537e-01 3.260793544194527938e-01 8.793551851541159259e-02 1.352315124182773554e-01 9.092732162867777079e-01 1.655699940435351181e-01 1.374389003537123122e-01 1.206508772368848348e-01 2.838632305967766500e-01 1.630840088809014654e-01 7.243426973646794886e-01
1.250217806606732651e-01 7.663486845856684049e-01 6.257373508917332128e-01 9.086337362037180121e-01 4.288256506713918892e-01 4.782474147938144959e-01 3.709226148760180752e-02 3.230415951538313513e-01 9.721634328595574193e-02 3.825405268575238216e-01 9.846731994801765087e-01 8.303307356386209204e-01 4.491221508747256230e-03 1.805217411795199123e-01
9.509629739907313750e-01 3.178946885087570173e-01 5.012769807703203462e-01 2.137696025177204806e-01 1.415143533561968869e-01 9.703885378535822559e-01 2.021556299336280116e-02 5.824985563575988401e-01 7.018735546674010894e-01 5.379280902097756112e-01 2.272572414416189623e-01 8.065582373956426965e-01 4.761570926784933766e-01 1.336637686113755219e-01
6.641540294978122150e-01 6.100304675877505911e-01 8.702504044089115487e-01 6.986957938160136550e-01 2.960154231971644512e-01 6.248881958925867064e-01 9.035590770067148947e-01 7.127223505291653272e-01 1.236548116411234632e-01 2.323311521722969397e-01 2.779479401806482786e-01 7.787171482909823750e-01 3.129388807610499201e-01 7.890859432854840927e-01
2.014777657456122695e-01 9.039745794139161239e-01 5.437988360204230043e-01 6.485375517690522562e-01 5.627799659399211896e-01 5.272408998746436204e-01 2.319272891785180146e-01 8.918050656582955371e-01 7.007150485323880851e-01 4.656329823613999386e-01 7.059040045555466936e-01 8.889363530902744115e-01 9.147907400107119225e-01 7.632459228261400108e-01
8.257265626290111182e-01 9.997911531408874009e-01 4.305824842207068848e-01 2.955841845309189475e-01 9.071681670882891790e-01 9.692263142131748443e-01 6.873083910267923091e-01 8.776208366427987739e-01 6.181809649381135863e-01 6.075313067738116191e-01 1.002397331139360803e-01 4.985232129293122316e-01 2.217781264358560378e-01 9.819483804146874606e-01
5.032840186974008034e-01 1.864492817217815457e-01 3.142222891697172837e-01 8.901658876104501239e-03 6.664724950421566652e-01 5.780930028628331607e-01 3.776168335344024518e-01 1.518750917725963934e-01 1.784077260010304977e-01 5.606610580482890294e-01 1.050959073149799750e-01 3.763397395928634870e-01 3.512800908290162338e-01 7.911585387650218459e-01
5.587794344999378326e-01 6.521996569814332290e-01 8.821850354148215168e-01 2.007842546629452496e-01 8.886407453155118485e-01 2.043099088993536316e-01 8.438287937719309850e-01 5.348841751933069988e-01 2.337643049737694323e-01 3.955703873811700078e-02 4.092918762883985817e-01 1.367382079837905495e-01 1.445496191778259387e-01 3.749155038075424606e-01
4.826547927215796285e-01 2.180098640280059286e-01 4.128929165317867245e-01 7.757142536485217565e-02 7.778727374582733445e-01 8.698979646305305957e-01 2.942491113451966012e-01 9.312968324507665541e-01 6.247341862649395949e-01 7.542593631309788549e-01 6.962330162132508438e-01 1.864137274193246041e-01 9.737151523045826096e-01 4.119464788609947803e-01
9.878264492341604086e-01 3.209591141442857953e-01 5.890512601759416711e-01 9.920592828765284477e-01 2.159906989098772101e-01 2.989509623379603687e-01 7.911793154497396285e-01 2.188262450607173504e-01 8.061288727387586617e-01 9.457002539172488786e-01 1.391838248972311343e-01 2.991931805016815327e-01 4.862544099989141166e-01 3.192111032683687677e-01
8.199216742600847763e-01 3.866606437641917360e-01 8.377090182809018293e-01 8.845811299476443734e-01 4.801816718783786797e-01 7.473395132410801667e-01 5.697072623403871550e-01 5.812327399733914213e-01 6.453788471616761502e-02 7.847193491720577674e-01 2.594646179926692886e-01 5.520118979230532741e-01 9.224412196912777917e-01 8.576786859646381433e-01
5.008802405437482452e-01 3.211096792647472054e-02 8.109223362826809556e-01 6.195441438089718256e-01 5.343913235858748223e-01 3.144353648217697028e-01 2.126407892703796598e-02 8.059230085497944840e-01 6.770826056021822525e-01 9.884640689396225754e-01 9.755508529793526229e-01 6.789139897430550574e-01 1.135560902524214155e-01 2.340430536729902755e-01
1.459853810088251880e-01 3.409679686859411474e-01 5.126723813164556498e-01 7.652435505962423834e-01 9.932935060341312461e-01 3.895137634214131950e-01 5.809469958609968510e-01 2.488987317014629275e-01 7.594703018351364188e-01 5.135651067911624068e-01 8.509771074311178740e-01 3.314809709255028825e-01 7.243513676988750927e-01 3.620693841122558654e-01
5.636345183472335485e-02 3.186996013118054139e-01 7.948827827040174654e-01 6.579185612964005836e-01 2.656599065220391909e-01 4.937956692726536145e-01 6.600723437410319638e-01 2.218953644396015612e-02 1.709312457072686975e-02 4.345174829933032834e-01 7.884536761947829042e-01 3.772381757997472773e-01 2.745981020827253927e-01 1.314265698863942289e-01
5.407223105382954476e-01 8.700539835240185260e-01 1.596867718362852129e-01 1.055120412754201320e-01 6.776395541177193671e-01 9.929456585011431358e-01 1.459706195663640349e-01 7.998712177491862363e-01 5.183812627467706546e-01 4.550436129838533184e-01 6.719554009978128128e-01 1.868946742799099114e-01 9.474002833119721245e-02 5.062099404777100631e-01
4.307114778876278693e-01 6.920615431543148954e-01 9.892841443665290058e-02 9.096629356481908957e-01 6.827484349183645662e-01 6.505560297660575308e-01 4.130778946566101562e-01 2.680183869026168120e-01 9.268284163257679564e-01 3.893901172638239983e-01 5.859541499521595531e-01 6.434916208189787046e-01 3.485663724531329333e-01 5.298193338038538203e-01
7.583984270305381692e-01 8.910947832837129434e-01 6.884001231717360447e-01 1.129796973997443388e-02 8.410842698982808896e-01 9.979985871034189326e-01 8.444265733520900374e-01 1.847674349618045886e-01 5.310824909349365353e-01 6.771654007791597651e-01 5.115699576400293269e-01 1.501119809362886359e-01 3.194928163305987834e-02 6.788937141707434009e-01
7.033596661591884347e-01 6.367332447980370569e-01 2.761601714924555306e-02 7.787146739659867034e-02 9.491712360912408775e-01 7.564380353032473803e-02 9.817201779476684154e-01 4.440888668169725717e-01 8.360975744142254973e-01 1.430340260805069708e-01 4.000076233434284312e-01 6.179461513985342602e-01 7.593947382719011818e-01 1.452262248471605233e-01
5.106646039109419277e-02 1.540152917893784501e-01 4.328833194138563822e-01 7.304429718317265730e-01 9.766794493778740982e-02 7.957776187655348776e-01 1.513048035823659765e-01 8.122335532033378991e-01 9.169458259154414925e-01 8.950648674777019753e-01 2.502094367618951098e-01 1.321961716687896082e-01 4.968170301118114418e-01 4.288762224016365865e-01
8.358356264829760462e-01 6.333697402490462425e-01 3.110895216635913840e-01 1.284016344193485981e-01 4.281670675987666597e-01 3.747917981849697711e-01 5.221634333593385691e-01 7.975782486135494231e-01 1.872568758806075762e-01 9.601910165954643528e-01 9.584212957574262948e-01 3.086784202972780999e-01 6.227803687501500818e-01 2.679079712669574231e-01
6.074560085078219984e-01 6.306933360901613161e-01 8.661708300116148784e-01 4.130138188857280790e-01 8.902683637878699985e-01 4.857227577862990309e-01 2.168533275320931875e-01 3.080155511784892219e-01 4.574272140657527075e-01 3.107496509192785306e-01 3.154606427352636411e-01 8.359751124394481092e-01 5.564288738321356842e-01 9.489088667094159879e-01
7.202956195243169768e-01 4.318228450975409860e-01 7.929279586674110591e-01 8.185236033464007299e-01 5.460012860705111271e-01 4.078403311982126134e-01 6.371013537851640818e-01 3.268965433150596844e-01 6.053056252844013496e-02 3.819634930361794911e-01 9.147820005041639169e-01 1.703633835387463602e-02 7.228137273591904721e-01 7.262258658523370602e-01
2.631393372354582372e-01 9.949414290848224152e-02 9.672118620688744395e-01 4.545045369498016408e-01 7.377172148645193550e-01 9.846501127233383555e-01 7.860248632005895075e-02 9.095643562135691251e-02 5.850667186849464185e-01 6.410078532923096928e-01 5.645620237440607259e-02 3.793926622697170181e-01 6.757993889684889011e-01 1.155555969536815608e-01
9.403127179162578120e-01 2.570021203077195171e-01 5.735176038600637849e-01 4.005447391849226157e-02 4.043726989635600955e-01 2.954631871833224288e-01 9.580857406988307901e-01 7.190386836176601015e-01 8.018155872495958958e-01 1.783930358786821602e-01 6.125895379550316822e-02 7.433921791690700775e-01 7.662485622094414861e-01 3.196471563049032572e-01
2.149039246669457448e-01 4.355974804692110958e-01 9.374859151003878122e-01 8.645913469125170447e-01 7.108824143750501756e-01 6.861378363481034359e-01 3.581280091169266599e-01 1.753346537301289088e-01 5.871507903770281089e-01 6.317222965202297091e-01 2.647273872496939129e-01 8.435246844818743428e-01 7.113127539159513901e-02 2.460193655890463571e-02
