3.709774099417518789e-01 2.093807670495314577e-01 7.235168738465354021e-01 2.029273764265167035e-01 5.441143525305902617e-01 1.767083806377645061e-01 2.913276916673773753e-01 1.699124897863929506e-01 7.340100164077205669e-01 2.675993121361668337e-01 9.399844203392058173e-01 6.078388133736190024e-02 9.062546239356011890e-01 5.948554743358210883e-01
9.323637224614792496e-01 4.040180009149729745e-02 8.620631072820965635e-01 8.955845602124056226e-01 2.540992264643739951e-01 1.715790834740246185e-01 5.104774617599701081e-01 7.942539153827691267e-01 4.429683026849322580e-01 1.563708143909471326e-01 3.167305802483774135e-01 8.853004885691976300e-01 2.378107751299411987e-01 8.190239281538732596e-01
6.804754024473784746e-01 3.992313231153090669e-01 1.713455561088346180e-01 6.346235731572418270e-01 9.160055744311177417e-01 7.518263404291510854e-01 4.285239933665762058e-01 3.023897801098780480e-01 5.161446942628200585e-02 7.856333789985353588e-01 3.495199900362271350e-01 8.524850300000323955e-01 3.422308386261815327e-01 4.603995123132357259e-01
1.111399013750054010e-01 4.556540359308270949e-01 2.406784195579991792e-01 4.019436062352860217e-01 9.914229802801570735e-01 7.730440368936235540e-01 4.845453983023106925e-01 5.307192511365962373e-01 2.628004535630902305e-01 9.396061638992749820e-01 1.876797704459838290e-01 7.679428300133239738e-01 9.893077353657696582e-01 3.245881191783991371e-01
8.304711909566374617e-01 6.025788597579641026e-01 4.069373597220300454e-01 5.927302937297064256e-01 8.892757841390691587e-01 7.157958972176406975e-01 8.926462541353037405e-01 5.905988015870337060e-01 6.814825946875034957e-01 2.323690879984324775e-01 1.267514683924118035e-01 1.813682163153502724e-01 7.837019209722815294e-01 1.880610582876757197e-01
6.672453992736837591e-02 5.948155028966742863e-01 5.316247874920898564e-02 6.825721444614440969e-01 4.088942621528595112e-01 8.054904777055169607e-01 3.554759446614124130e-01 3.931793133464153156e-01 9.243208873610259113e-01 8.441219737360625697e-01 2.207858074757194089e-01 7.324854392794433178e-02 1.015497386497166143e-01 2.502356367170026630e-01
4.154553156696577654e-01 3.227181192417473143e-01 8.007316248049154428e-01 3.754342389305831418e-03 9.509806652278404160e-01 7.818575192804702034e-01 2.751542864570535318e-01 5.196065676437787717e-01 5.796535519458505537e-01 2.920121516243130433e-01 9.193602476968243398e-01 6.269666141932835890e-01 8.730002237774393548e-01 9.027825039144439234e-01
5.404552485055637012e-01 3.767355119000629360e-01 3.224888903690308339e-01 6.788232891250582934e-01 4.781431976204340017e-01 7.306962079898936535e-01 8.311479691619499954e-01 9.394193562734639569e-01 6.156882167088186808e-01 6.250847235487138054e-01 7.109653331746623728e-02 5.952232792924971871e-01 2.447987955498146517e-01 5.767181675266573881e-01
5.741674618625980386e-02 9.960589092361760155e-02 7.637071708716839380e-01 8.134935591593137616e-01 1.420020071130427830e-01 6.459375523926114138e-02 5.591004215599237881e-02 8.840172551700470338e-01 4.322854092274142079e-02 8.610527109393915079e-01 6.514266801707002674e-02 1.125618883614867283e-01 4.085312137944546729e-01 5.954633619029969793e-02
5.912917749032364778e-01 7.902193982627854218e-01 8.454762379463686139e-01 3.343817669520136038e-01 1.054554966682551553e-01 9.041192251837477656e-01 1.021243687013145829e-01 7.189157483533399340e-01 4.716052843288548457e-01 6.971768348121409886e-01 5.433816989200676018e-01 2.362812985849139791e-01 1.826536599709405184e-01 2.754401106730521853e-01
1.556611310099813572e-01 9.016685556762501497e-01 1.942504190555945920e-01 6.315877529170812466e-01 3.272881901741525601e-01 3.421765371846046122e-01 5.194874658023493907e-01 5.285861287116122575e-02 8.826969351498281657e-01 5.496402313101848014e-01 6.094158832387384095e-01 7.187776028100079095e-01 8.284057525973231861e-02 2.825613412832052029e-01
8.509769651069617469e-01 2.808344941210801915e-01 6.698291877473578904e-01 9.417263778921334261e-01 1.840019821350591389e-01 1.802532731685502210e-02 9.558887233254322879e-01 5.719336148490847815e-01 4.702796811683196410e-02 3.436912246249587133e-01 6.092754854165459699e-01 8.260510826720305344e-01 3.407460341347499089e-01 9.483813035248125356e-01
5.094349191905712670e-01 9.975822214074134830e-01 4.210881432001440938e-01 2.360365845591161360e-01 9.286364220857601381e-02 4.021777522373395364e-01 3.502459068744796511e-01 8.806543213992882313e-01 3.900559390956473971e-01 6.426381125430987717e-01 1.689936779900717001e-01 2.378508145030537868e-01 6.860600878561197158e-01 3.382970696435616542e-01
1.747457775461698226e-01 1.075038551655792540e-01 8.137272428586617146e-02 6.817709367921198638e-02 1.664864923619348014e-01 7.819614113351089912e-01 7.363122423695112051e-01 8.827011685440392386e-01 1.866679376306412674e-01 4.801787628340485892e-01 7.746711101591118309e-01 7.740416905981701845e-01 4.450112656647240428e-01 4.648629229605267810e-01
3.076752763187616813e-01 6.438281282542097639e-01 3.013167788278346970e-01 5.714557399437465435e-01 3.119832656150319794e-01 5.533286992955536165e-01 8.269225477848229922e-01 9.614540068235783998e-01 8.343067469401359570e-01 9.108646209779395209e-01 7.415253611028647107e-01 2.207529960182830209e-01 6.412978094064781809e-01 5.087563737696770838e-01
6.122591065844535940e-01 2.651995512309780478e-01 4.856387455884668691e-01 2.401509900244436224e-02 9.614247818078113239e-01 6.834226637272372562e-01 7.263644386448079304e-01 4.214326443585092452e-02 5.876021451566638687e-01 7.538007623835640825e-02 9.385376125651425649e-01 2.882029986511186470e-01 6.888783798460248464e-01 6.559943833825386816e-01
2.280234274125036986e-02 2.685123393187770491e-01 7.634679974022364757e-01 6.465824103848455406e-01 1.110566297183446238e-01 4.086494005870749957e-01 3.392898031249433899e-01 1.255035271415225751e-01 4.664897009973361097e-01 1.927454280663889463e-01 9.825206540179132197e-02 3.295587658049848878e-01 2.329704675567516592e-01 5.992664881725529025e-01
4.229256193108014150e-01 9.272008875878794409e-01 7.746364335033993909e-01 2.779400632730424370e-01 7.452412725260945114e-01 9.970717054027171677e-01 7.593743154996703826e-01 4.128532132063835736e-01 2.647024044256239828e-01 8.970526154475179093e-01 6.896696695391592025e-01 2.113041987516688369e-01 9.506818321491542489e-01 5.550563371981744876e-01
3.410495888273404885e-01 6.891893525133889753e-01 1.350046432138722885e-01 2.932168825634331455e-01 6.930645236306643975e-01 8.112136637782663140e-02 2.806634408486687882e-01 9.197193819595714803e-01 9.454744539995597608e-01 7.464660719796208932e-01 3.619862973268526130e-01 9.976614254138639337e-01 2.142732344316530257e-01 6.324764757148176875e-01
9.148395124296335723e-01 7.852626331368798285e-01 9.136945580583584192e-01 2.469030503798177456e-01 4.657016405412420790e-01 7.467135771696353785e-01 5.709946146796964772e-01 9.026673545510821572e-01 9.717692918735345575e-01 9.244975778476260952e-02 9.132714615823126492e-01 3.973544205547688835e-01 1.966840545547354768e-01 6.983174601238455459e-01
8.890210161927314392e-01 2.222067583401975410e-01 4.784675197941266056e-01 9.815564523398723207e-02 7.106812100945194555e-01 4.013531132394720924e-01 6.661712305735340012e-01 7.273098893538810783e-01 6.793366304034628156e-01 5.491988674055283681e-01 2.101521540089361650e-01 9.414549864990647832e-01 8.823833583060838315e-01 4.883906343357573565e-01
5.984481432892181374e-01 6.481377133943097002e-01 4.020186181181697460e-01 6.470130195988077482e-02 8.705154257689308173e-01 7.468996584710505537e-01 1.937313978275965187e-01 6.426124194728077832e-02 4.985711688725916746e-01 3.205182598633677937e-01 3.549085335743273895e-02 7.450813261434785506e-02 3.191107131246563311e-01 1.102987293928381352e-01
6.645774698747292097e-01 7.815500056537095785e-01 4.256388439664976486e-01 3.697192210368469567e-01 1.736603307209126923e-01 7.442728536519630511e-01 4.253266068011782863e-01 3.571892814035901864e-01 2.385180589398270268e-01 5.283888899584203713e-01 8.267647308395223993e-01 6.078724548539715666e-01 6.923950448566320581e-01 3.385937433458952039e-02
6.801642846381161789e-01 8.986782134312957249e-01 5.508712480628922270e-01 5.729810259910028680e-02 5.952217524911140867e-02 9.485557124351636782e-01 6.194738660475823666e-01 8.807188807174002321e-01 1.031074579627710985e-01 3.197947969259163914e-01 9.225684509528634392e-01 7.344569350191006984e-01 3.379013995535906645e-01 6.368101269695846112e-01
4.215434752687847730e-01 6.880824737119487500e-01 9.979117957805483385e-01 1.148559918241037758e-01 4.865358725263865258e-01 2.901167608121018038e-01 6.124845602649531262e-02 2.119156005084794625e-01 8.055210395767998799e-01 3.870774780223014133e-01 3.095599029060080998e-01 4.233914880981433093e-01 5.228048972982741738e-01 2.969872837144473809e-01
6.348898811717377244e-01 6.216027901926584054e-01 4.173219958481793057e-01 9.933731310476422438e-01 3.621514296716633607e-01 6.164370256483926447e-01 2.841082743197452798e-01 1.838900036736522692e-01 7.161403677743293228e-01 4.054734039871521478e-01 4.510279914202715013e-01 5.888306703718397817e-01 2.846867084702437989e-01 4.560079609995156824e-01
2.964635421379454572e-01 3.462044445641956347e-01 6.603050366953633343e-02 4.982114482517358001e-01 4.160307588638586518e-01 7.230666372078480286e-01 3.063256695288280040e-01 1.230995964282124433e-01 3.882421967655218520e-01 4.771488545671123127e-01 2.227781391574062964e-01 8.802665955649497942e-01 6.433391470214667729e-01 3.577446563986061978e-01
2.825055545579178151e-01 7.677581610336722262e-01 6.271631756275286573e-02 5.755618345212102360e-01 7.220709845706937413e-01 8.507343294814350143e-01 7.815785791269160843e-01 1.053764903453379143e-01 5.894553490206456692e-01 5.492706483273673834e-01 4.175551341320322685e-01 7.710948342940968647e-01 3.049011235057420555e-01 8.474145109073617510e-01
7.572337410953293713e-01 3.223499545937521527e-01 4.866685388833149606e-01 6.343366870290847448e-01 2.666485019730298056e-01 1.410283412249563328e-01 8.688767618005583948e-01 3.534380714441184290e-01 4.942486698739826378e-01 9.165803011390839528e-01 3.146406281615303779e-01 8.624659110956619523e-01 4.519747110219873854e-02 7.723567060715987864e-01
4.353482204509900866e-01 9.948212441095788394e-01 4.196801060211539092e-01 3.079641800984452837e-01 2.506166015983533057e-01 7.114745368654096236e-02 6.434002915409784418e-01 4.940491580798843652e-01 6.009355652695258510e-01 4.787443283505989911e-01 5.472036318046856751e-01 2.263031615777145733e-01 9.247089446783638422e-01 1.989062435453908817e-01
7.727756348912908635e-01 7.172197325564514392e-01 1.044550755468937053e-01 5.204517456276369636e-01 9.078597922591916669e-01 2.702798995597022191e-01 9.416339482076963030e-02 7.599623144444355161e-01 2.611205910275217201e-01 7.261087577904723478e-01 4.708060970874679008e-01 5.921037913702043021e-01 5.735522697950634630e-02 3.290833039196261467e-01
3.063506166931488917e-01 2.795429169091325772e-01 8.783467378690525962e-01 4.886634590381492282e-01 7.788801603137068819e-01 9.856051841371937794e-02 3.346185621314845537e-02 4.185202916471397749e-03 2.752500982462331436e-01 1.117165212123261142e-02 7.386068257340440146e-01 1.681574740890132702e-01 3.401949690608621069e-01 4.187471309455759183e-01
8.343437766143291245e-02 1.013986244965443539e-01 9.690946085054445991e-01 1.836892781715204759e-01 6.721093238555129190e-01 4.913143100008205977e-01 6.758967800401624038e-01 9.253726548565244236e-01 8.540279068388858530e-01 2.034706020957540717e-01 2.216077803709538552e-01 2.252474079007300567e-01 5.581751795481788569e-01 9.749532635189662733e-01
3.854954006960993329e-01 4.055634663678761020e-01 9.722848562101092940e-01 7.143688028968139259e-01 1.596372352305986952e-01 8.096949835140988538e-01 4.568977123523918493e-01 3.667231822435798039e-01 5.259590204950149728e-01 6.901725506000988553e-03 4.704262702058060741e-01 3.064300092000910025e-01 6.806373138843184734e-01 2.078338353859945364e-01
1.581940721440192599e-01 3.851241948061219222e-01 7.164411705839284217e-01 7.719782726269830420e-02 9.610553109343424882e-01 7.900669082482638661e-01 7.872451277431785632e-01 3.206639077913253644e-02 9.195529191144977688e-01 4.120835221957974692e-02 1.806127233511818364e-01 2.023474153322282199e-01 5.459813852182459071e-01 2.266690351283137117e-01
8.992496977964787863e-01 4.871436289494140981e-01 4.184702508150965894e-01 8.165208260448800770e-01 5.866789238626654024e-01 5.940371112008925314e-01 1.740433856501852894e-01 8.501202102315259523e-01 2.615226043114891041e-01 3.535343919942260937e-01 3.646588559794816664e-01 9.470885956579940812e-01 3.662431614637802202e-01 2.560222801494176359e-01
6.219412224920223276e-01 7.847424823249774528e-01 7.153069857462369674e-01 3.464177774601496784e-01 1.181937653811404587e-02 6.907280431883988658e-01 6.005741641687183385e-01 2.645206435806654044e-01 2.031439544026113486e-01 9.183224287039971623e-01 7.453463744099058097e-01 9.731090684490049103e-01 5.990971003861811361e-03 4.899867529314545500e-01
3.335957255729400384e-01 6.941509420818386955e-01 7.819857670719951859e-01 1.986881132815764284e-01 1.464557841174400910e-01 8.691137570687346159e-02 1.482128602162715580e-01 7.433673508545428632e-01 2.387741590552261428e-01 9.391513357817115049e-01 6.130281056400578299e-01 3.643245448549086163e-01 5.588265379559878010e-01 5.388227643874695660e-01
2.505345718611690087e-01 1.192919238582066388e-01 4.431070788291613383e-01 3.391143005628106666e-01 2.720020154622629915e-01 6.070674653279031219e-01 8.778791208683981440e-01 4.481294958959685104e-01 4.354461965054843287e-01 2.042624003770898700e-01 7.959783036836466374e-01 3.400803670800919276e-01 2.368947859483492291e-01 6.841639480955712393e-01
4.084793460817165434e-01 5.648244309377836725e-02 9.083001199210952725e-01 1.081324275170767457e-01 1.749584062939164575e-01 1.652313589287950357e-01 6.499981484605911186e-01 8.603578808746230600e-01 5.066441841003945790e-01 6.282448738370624008e-01 3.252938335937453074e-01 6.744665335048544152e-01 9.455271184450496635e-01 8.898360053366674016e-01
7.730780055532865402e-01 9.595399517401226319e-01 2.330411107326680886e-01 5.693357412280289909e-01 2.832634061985340734e-01 4.459263635516541591e-01 9.465281911288822014e-01 4.455907975214371541e-01 8.129671544436999353e-01 2.710588254348449411e-01 4.807847600774455277e-01 3.551478014542986950e-01 1.280443099788722838e-01 9.699959717025427031e-01
9.257268101848937780e-01 2.492464786945420840e-01 2.122399774320924415e-01 4.480817675407469114e-01 6.957090726029607763e-01 6.834236361667946902e-01 6.823415322602836008e-01 2.477873310579086219e-01 2.709154884381018702e-01 6.482768533192670990e-01 5.768199494334572686e-01 7.112135747126705487e-01 5.555489652183150939e-01 9.006691432638430639e-01
9.033266010839653415e-01 5.379828777129576078e-01 1.255983344468003526e-02 2.649469245459868949e-01 2.498613126720627964e-02 6.781880798687486278e-01 2.663156721216066725e-01 8.456277376885883434e-01 3.555901736831644788e-01 7.127093374712067941e-01 4.764939040115341307e-01 8.795437040611300272e-01 1.582703835972898432e-01 2.982977641040036598e-01
1.309525298124745163e-01 3.181958190017665222e-01 8.887490632911376753e-02 1.342691674295415361e-02 2.348146258877054082e-01 9.401768831534023096e-01 9.119296404945242962e-01 2.375475017051752458e-01 1.443889534151289178e-01 9.613782765184806234e-01 5.511413511349435579e-01 3.253536836411770050e-01 3.642534992341986966e-01 1.821562072374709462e-01
3.231136923885433720e-01 1.539730532238898775e-01 6.579809733849105724e-01 1.468362756754660881e-01 7.223570956737738191e-01 5.623496318120770887e-01 7.728386161907703222e-01 1.800272250002534768e-01 6.205925521928152833e-01 6.426728401482243447e-01 3.826926988551611064e-01 2.399489865806229139e-01 3.179713275865300171e-01 2.657978953959486690e-01
4.014878797147848344e-01 7.580755247446734346e-01 1.030896545683280818e-01 3.293915406122178702e-01 3.537258116983180711e-01 5.363504003523521524e-01 5.743947330749888946e-01 6.395175488145354858e-02 3.697792883304792388e-01 2.870957365942539141e-02 1.504233769375395990e-02 2.489200384507953556e-01 1.223310392664854751e-01 4.237566643152436141e-01
6.562219131744193579e-01 1.917269606581257779e-01 8.767977626872063279e-01 1.488180782998717033e-01 3.070811946829672401e-01 5.819607030533164860e-01 2.271593503730359176e-01 2.493728275548319218e-01 6.106331730487040144e-01 5.682854198184019712e-01 8.171517137514737739e-01 1.718077254515986141e-01 6.192574858962094364e-01 4.257016360948431277e-01
4.146147127844108660e-01 1.022256019630288781e-01 4.118006631575983345e-01 6.976559889547536697e-01 6.060826770595262314e-02 4.063221071117294469e-01 8.812459072085784273e-01 8.171315292910480421e-01 4.296971757578128548e-01 4.703478624456148838e-01 1.224550522215052117e-01 6.402846038814047347e-02 8.240591896864191135e-01 1.263337170450502533e-01
2.039607113405803585e-01 8.107685692190369497e-01 9.770839013243263205e-01 3.434753693175922606e-01 8.390200531106848381e-01 2.762780000255785628e-01 4.723513497364827396e-01 2.605341800212515047e-01 8.043260748732061760e-01 4.234677349418769499e-02 9.871409474569881048e-02 5.885078669227625792e-01 3.893185351700555463e-01 9.558631738056401206e-01
6.221759565186201213e-01 4.197775815912707653e-01 2.670520053476767020e-01 1.010970715148631349e-01 1.417099593292293624e-01 3.047812724338869739e-01 2.198068295961730367e-01 2.489865013633051349e-01 6.907092445843227013e-01 3.956533035119191855e-02 3.601075650601053280e-01 4.894701057117095688e-01 3.554381584792674076e-01 9.365271717312144695e-01
6.587387770075813220e-01 2.736227853913142383e-03 2.185340730066848147e-01 3.890667387170319014e-01 6.283164238845355687e-01 4.638829794840282350e-01 5.748536706107747474e-01 7.841904283912005669e-01 7.020716549240302307e-01 9.589392342143561176e-01 6.533690735512317493e-01 3.995454967381173450e-02 9.460479357479497642e-01 4.547010710416663493e-01
6.880925616105879605e-01 3.569695256046225840e-01 5.455484225303972590e-01 5.694109720626487903e-01 6.942813293445440070e-01 4.185247107272230815e-01 2.005696236416205647e-01 7.147235793468983411e-01 8.128738322210058431e-01 4.102080617195256185e-01 9.620235786655697563e-01 4.433599263297727244e-02 5.351471321586942498e-01 5.639677756169536593e-01
3.734510816602508720e-01 2.837905625470498183e-01 7.001106971753496833e-01 2.874450147965244007e-01 8.305604275594196118e-01 7.933159597296274290e-01 2.200637521139858777e-03 6.809098772141599643e-01 4.545448633727211529e-01 1.664177133123792007e-01 3.173067772869492265e-01 1.123117989378343839e-01 9.420463836943486768e-01 8.638619712038023701e-01
1.817816317110678703e-01 1.305670096200567398e-01 4.137153078556143893e-01 5.773691965743020793e-01 2.368572854548031126e-01 5.676967649509699898e-01 8.270913562451474021e-01 1.292247701655443448e-01 3.187064005986905979e-02 7.793588079830571225e-02 1.255310959443767249e-02 4.603753349397998740e-02 3.452204007092465332e-01 7.896199392509702930e-01
4.348821397220837826e-01 2.061741795773475161e-02 2.227807621011218542e-01 6.596297090106107985e-01 3.774430737613170272e-01 5.262838027348299974e-01 2.959006818113140147e-01 6.898286902431249867e-01 1.899609908870286690e-01 2.961657522955593036e-01 1.057468033613038205e-01 2.210800371117184193e-01 2.390957169628122880e-01 1.871765449664862802e-01
5.798406250836307674e-02 4.183924415357698212e-02 2.349539991646033554e-01 9.227995374922897120e-01 6.036178928477273775e-01 3.703379163198966539e-01 9.938665647304227857e-01 3.054144061991969084e-01 6.129120259736817733e-01 9.514828629842230212e-01 7.297479589874342754e-01 1.728352695703013753e-01 8.357313300211597351e-01 9.155864532119804000e-01
8.592441561970753927e-02 3.791225512260145702e-01 4.251860353391786473e-01 7.032985697039233486e-01 4.640390078767419046e-01 5.322983830686701667e-01 4.782982870628270655e-01 4.165902075424299245e-02 8.421394164348806610e-01 6.917417513244193961e-01 5.990126640973436611e-01 2.940228637391856248e-01 2.073106325820652795e-01 5.289339282257145003e-01
1.186503717015063852e-01 5.475172682851050521e-01 9.801026446628219313e-01 1.572891720036702079e-01 5.919005207854340922e-01 3.704593300477543316e-01 3.667963419523956325e-02 8.848987618865682414e-01 3.927571788122978802e-01 4.466206752935619750e-01 8.367048536805923309e-01 3.627896042146422362e-01 5.071687058318401498e-01 1.802272810019139859e-01
3.804780877799692762e-01 2.708642345947304131e-01 6.648437866537904029e-02 2.421784050231295948e-01 9.020401294401872994e-01 7.592946916854909079e-01 1.083039041047975104e-01 7.890034227590351223e-01 1.138635872111996017e-01 2.899284923475583531e-01 4.658789881098603924e-01 2.960851549199938759e-02 4.436699500355951731e-01 5.215168462692088003e-02
4.126552502800403532e-01 3.425590358890512332e-01 6.793726326521598580e-01 1.262883792238321812e-01 3.444824973258834300e-01 5.905984969414876939e-01 2.269065615542308345e-01 9.290230134977416343e-01 9.363157991198811647e-01 9.732945005516577819e-01 1.002244234538703926e-01 8.446297950687101652e-01 1.580922285892847334e-01 7.141315788532284214e-01
3.834435296084579559e-01 4.635185186347298147e-01 1.985557002009417094e-01 1.505413034863241073e-01 7.332650878035545938e-01 8.741636466801760985e-01 5.099710705739823879e-01 6.941984500663671565e-01 2.278718319372557977e-01 9.801812324081907724e-01 5.397281753402375370e-01 5.646502044929494479e-01 8.634677512112103326e-01 6.536023831504502724e-01
4.881666064841503339e-01 9.531078131815531318e-01 9.555376816435874332e-01 7.724777059887618647e-01 1.691309326387485656e-01 5.001839174421949252e-01 8.909235717583721126e-01 5.885326559143866376e-01 6.698504031641884238e-01 4.565819424864535625e-01 8.510827150254138829e-01 5.860670248298488483e-01 9.553669056639046975e-02 7.575753963336960828e-01
7.529178593092906713e-01 6.053592831746541503e-01 6.317616943677939467e-01 8.123239064401015508e-01 1.485038384883311524e-01 4.299700540184430153e-01 5.203294420687519795e-01 2.735497534738955405e-01 2.148456942307406248e-01 6.233524845219997612e-01 1.923965361774045979e-01 3.879874110224618144e-01 1.642924950322034450e-01 2.615028445872501495e-01
4.209670848816741140e-01 3.118351896734646855e-01 9.563941482661796334e-01 7.606140075435563475e-01 9.406464613145220088e-01 6.765827253452697532e-01 3.208619001027076534e-01 5.702514225987753704e-02 7.738705230645946953e-01 6.420631734734838503e-04 9.752211731540820772e-01 2.599290692565434657e-01 1.600761565973871647e-01 9.768972716025619007e-01
7.763065158935706922e-01 5.641607996831610183e-02 3.682752966791027482e-01 7.328243696167878740e-01 2.560042146546859243e-02 9.276513573025240156e-01 3.367907657168404123e-01 6.001775168802232496e-01 7.834532878238116282e-01 1.155237385233678360e-01 4.209588069910720209e-01 7.835135062861916522e-01 1.409563966313406302e-01 7.390619370784371478e-01
9.278497282633433318e-01 5.730275162329867555e-02 5.642997740078244950e-01 8.090493155698410543e-01 6.807729485907204614e-01 9.575922914978427514e-01 3.509590772571770101e-01 9.241691459967270594e-01 7.967834704085340336e-01 9.785127314551446132e-01 9.575342048986400512e-01 7.055169591061096757e-01 5.279112150338222120e-01 3.792320411925885759e-01
2.187544451399403567e-02 2.882758390318452824e-01 5.760876980516351775e-01 3.674059181458959600e-01 4.367441141385174364e-01 1.306618614148187252e-01 1.253093910712128611e-01 6.859892505909260807e-01 9.882317186201282633e-01 7.670083108426989371e-01 3.014626431019955533e-01 8.175909011793515146e-01 8.470104380767700114e-01 7.073821616484544661e-01
5.913924240602993487e-01 4.374944133388594114e-01 5.249949290917310663e-02 2.836008092175597017e-01 4.873836714549295568e-01 2.058005088531766891e-01 5.254848668856493266e-01 3.200500056046087227e-01 2.883963418822246272e-01 4.098874043426905533e-01 8.374665217233479009e-02 9.971061386373369917e-02 5.346411791224174870e-01 4.034298462574418265e-01
3.943962495149263559e-01 1.914414498376418861e-01 3.704644536573548086e-01 1.665763755218229170e-01 1.281656203709119479e-01 7.886403058714914760e-01 5.732413604274108065e-01 2.263675727416505357e-01 5.997963430355540693e-01 1.875444587022825349e-01 2.004010651935769216e-01 5.625306724738287079e-01 5.041075023959936674e-01 7.771762645518560664e-01
5.109178223690125087e-01 1.574878836626126821e-01 1.054078595011456176e-01 3.325141452955970855e-02 7.636710545676723694e-01 6.059900801019508787e-01 3.313079009563413280e-02 6.412020335433966656e-01 4.574949457059804825e-01 2.525449985512467910e-01 2.619322939433026409e-01 6.464103936009986118e-01 6.541712934836826365e-01 3.590917648692966146e-01
7.450696147296764771e-03 5.394596068303678660e-01 9.817889910073896997e-01 2.280440194782531460e-01 8.075815628236353572e-01 6.597294826082092944e-01 5.973781897438252830e-01 5.594438810064705780e-02 2.232179114601441361e-01 5.712366230604791761e-01 4.905676060844771369e-01 5.223509892736674098e-01 1.459718827341949243e-02 1.460708650491907568e-01
8.917288712975628417e-01 7.680162245158055345e-01 4.669925487442475598e-01 2.808586166554927210e-02 3.076510940405438044e-01 3.694237509282392029e-01 5.694529823295668702e-02 3.959427688730188244e-02 2.180335443188261557e-01 9.371508859270702985e-01 7.237027783892933108e-01 5.405182124625310669e-01 9.327665869649139907e-01 7.687412699700602037e-02
2.174989381163773272e-01 1.006683440933520135e-01 3.148182928709075679e-01 9.711375186952658778e-01 2.554390831605707346e-01 9.054643639450024040e-01 1.514482309378953895e-01 1.362502167210498660e-01 7.393587932185758937e-01 9.461696432285302549e-01 8.354622181075110898e-02 4.717457333169697842e-01 1.490135707955803079e-01 4.949858386127913290e-01
6.104970292033377044e-01 6.901281266020364846e-02 7.409467256903397026e-01 9.916404624576711235e-01 8.338353977880057499e-01 2.296892698513093301e-01 4.196714056633099599e-01 3.940331553741079906e-01 2.093600447404648790e-01 1.969238046573413836e-01 5.225491166079178074e-01 4.754180160324084081e-01 7.988469024236132254e-01 5.625068205908674290e-01
7.326648550686726269e-01 5.842890841209454900e-01 8.429284806241882366e-01 8.461727392813825910e-01 4.749238318318906860e-01 6.482015684731191607e-01 8.575655207479594422e-01 6.712411964187664504e-01 5.688219678562486115e-01 3.874311306873575722e-01 8.308057339319329104e-01 7.330141457542926897e-02 2.992417663944145767e-01 4.531828540574334152e-01
7.237417323107034894e-01 1.857625730907419559e-01 5.657002590255436614e-01 8.131308096477840586e-01 7.348971598375297898e-02 8.467960934628936398e-01 8.141727423948741382e-02 4.445517159573842969e-01 4.553955686858656149e-01 3.148277302170015002e-01 9.830778289754700250e-01 2.003088670748093270e-01 1.618643587485364410e-01 7.035386051667906759e-01
2.333222245922740301e-01 1.411705140736201347e-01 6.065962823160486739e-02 4.840395407582890330e-01 7.897038591804996788e-01 1.341189099587706268e-01 5.247031273976564547e-01 5.993722109124537401e-01 9.185364551943534517e-01 8.406721504935651401e-01 4.035197941397994370e-02 3.913220646462722829e-02 5.264443502628720628e-01 3.913493062389051813e-01
8.303444395108997567e-01 3.182257666875758506e-01 3.361534750193078125e-01 6.376545532677837524e-01 3.881965560389973868e-01 5.014514930993562158e-01 1.568806905572378563e-01 9.711325014891858398e-01 5.972215017445603458e-01 6.543845489100128532e-01 1.636817806343279225e-01 3.053678290175354526e-01 3.135040653124574472e-01 2.183532511199709480e-01
3.888767724906071477e-01 3.088578851031383854e-01 1.320879484937546033e-01 9.119771630276400920e-01 6.228449144480375788e-01 8.932108389728632414e-01 8.352631273351247554e-01 1.502037217530987068e-01 7.936422619295435688e-01 5.757581711784142131e-01 1.238532604789294167e-01 1.704614861964386385e-01 7.144658520012309166e-01 7.661457759774024101e-01
3.935405431322809289e-01 3.510660292111600356e-01 9.096907713574631238e-03 3.485764948295019261e-01 6.617905964346495473e-01 3.910640368045845694e-01 4.794201100138938410e-01 7.988918032423024673e-01 6.572879394210033865e-01 3.382872783617241197e-02 5.437276884199614413e-01 2.919678099441913588e-02 9.725927527835909192e-01 5.153175057200128917e-01
1.762703302053336696e-02 1.208739528903032268e-01 2.411623923752217458e-01 4.578925192952291168e-01 4.623197209672079699e-01 6.572374954728419372e-01 1.270942274110309356e-01 7.944283356274436381e-01 7.154114441186140150e-01 1.159994602417315779e-01 3.676190296337089602e-02 4.339823487096061694e-02 1.139991114667824323e-01 2.131108993668373586e-02
6.641085507989796799e-02 1.490967409977577152e-01 1.661075578200266190e-01 4.528270093606270308e-01 8.433296785571779974e-01 2.165934625596129814e-01 8.532636533832816950e-01 1.812552052716775997e-01 8.546852250618420799e-01 1.590529086776354406e-01 1.210714624157860353e-02 2.801651178946867882e-01 8.867788550211179732e-01 7.407360579963101488e-01
6.530265833066962733e-01 3.812372413175290076e-01 2.229356165748542784e-01 2.189398519696440504e-01 6.227388059846602486e-01 3.120324322238435810e-01 8.732439155955658006e-01 7.362681555594607907e-02 3.688842197955817248e-01 5.050386324147613237e-01 4.998144951695568938e-01 6.138701531410795109e-02 2.906981974682030234e-01 8.124701777117282475e-02
3.246518940988296631e-01 6.105366584082979609e-01 4.339356251595891667e-01 6.615134900001876650e-01 7.057684067257672389e-01 8.309275395832357303e-01 9.772335429420062614e-01 9.143984335185091350e-01 9.193461849424369170e-01 9.717051271555615655e-01 4.572666581570244970e-01 6.557488729394767013e-01 4.227800874180298596e-01 6.097075173777730672e-01
8.415873942849436684e-01 6.585951731818647792e-01 8.608586457144090653e-01 2.398478602447917662e-01 6.138885410065232362e-01 6.525948877364712297e-01 1.920114758726756410e-01 3.074027424528982255e-01 4.818798383256980289e-01 8.553364111997824315e-01 4.110230764957738536e-01 2.523613743555898070e-01 7.699817512655748875e-02 1.162835329918578964e-01
7.014175597580515342e-01 2.497971484997643099e-01 5.597967027121817374e-01 5.066871568096467104e-01 8.118498174204894502e-01 3.187010415450959311e-01 9.546496593938731401e-01 4.802823148753835314e-01 6.102764209887645563e-03 6.884645991250285535e-01 8.357927314915606365e-01 9.123976675324809715e-01 7.471865971805736750e-01 2.689866043676828467e-01
6.747558307375270958e-01 1.022505538569441486e-01 6.799895975844201246e-01 8.350359668670810365e-01 6.482788843743854112e-01 5.618681198218277162e-01 8.547514740250339305e-01 6.302666707173611993e-01 4.342142101808826871e-01 2.378652870536156483e-01 7.705164415097180974e-01 6.927405033328929429e-01 3.884932943590557741e-02 1.314520347871173112e-01
6.763123390698363435e-01 2.620468931540643753e-01 2.867604930092637616e-03 7.709295526716524183e-01 7.554404615289874725e-01 4.697885538090318391e-02 3.163133561427943219e-01 8.913385657816056407e-01 6.126657961831235566e-01 1.180339065118041209e-02 1.227566326474783809e-01 4.054287570889459902e-01 8.326312139851964611e-01 7.459808590290328834e-01
1.213101384214426703e-01 8.364521677842695624e-02 6.671305116413290826e-01 1.526229259117328763e-02 6.000992587603811712e-01 6.143139110638529132e-01 8.093141831944605791e-02 7.297850579654251435e-01 1.182450563426322709e-01 8.093204674892103823e-01 8.181452236681564516e-01 4.769935086922879597e-01 5.998403662117854918e-01 1.210130798273736374e-01
6.644614203653331774e-01 8.257024732464535166e-01 7.187922926411023372e-01 6.315783983386833444e-01 8.527021432563594017e-01 7.170997204582304496e-01 4.567306576191545453e-01 8.140312077626944420e-01 5.740102532464280705e-01 1.301756339495774295e-02 1.317040562932125791e-01 6.666897879302768892e-02 9.203411270050878557e-01 1.930237653079884819e-01
4.660065257162918639e-01 2.955842420820944394e-01 7.321930248488597304e-01 7.097170329188942084e-01 6.422977453547362714e-01 8.651142401374540825e-01 9.520765992149031742e-01 3.532339858775773722e-01 7.760091168104279458e-01 3.256910505198165051e-01 6.394961011475561730e-01 4.834455363176093368e-01 8.386096510190361730e-01 4.036920460214301620e-01
8.981473545672313818e-02 4.691825390941739560e-01 9.213360926737502732e-01 9.220979142134502204e-01 3.422981828393137915e-01 5.958035063430439093e-01 5.446377593002535988e-01 6.771602349717665836e-01 9.971399559301274973e-02 1.407349135967030929e-01 9.717239462550745221e-01 5.262215059385308980e-01 2.460345310939793251e-02 2.941636253940171919e-02
9.522852270107452499e-01 5.210796991413558787e-01 4.164332157900008102e-01 1.089642324022710440e-02 8.651303326118464643e-01 1.744427468489704314e-01 3.651472738325101108e-01 2.164616944694262024e-01 9.728640893035876980e-01 5.385272997209014090e-01 9.034375317837084474e-02 6.965478903388160337e-01 6.889590672007384065e-01 9.981644561840270491e-01
6.345504937435020310e-03 7.627917686849620127e-01 2.603744047068534684e-01 7.359576127234908061e-01 5.052240474207270182e-01 2.413285785652867776e-01 5.951901121936886696e-02 6.244928099421720447e-01 8.455745810622379288e-01 3.900740118467808104e-01 4.527185650158433994e-01 6.451573791133307090e-01 9.739135959823468358e-01 5.945471193599085602e-01
2.053019071171491294e-02 2.727927483540137921e-02 5.718916073745177187e-01 9.452268402234942357e-02 8.727798818511449674e-01 2.219235486111925670e-01 9.771471871996535441e-01 6.637231757131220045e-01 5.507076971837830959e-01 5.074293202276488612e-01 9.887362972435218555e-01 8.474993978550946494e-01 4.889499725515695783e-01 4.005191087435946429e-01
2.926547125270909655e-01 1.960902439334901715e-01 4.418227720715943718e-01 2.744876901515972412e-01 5.840278587747755878e-01 2.653494206929157828e-01 2.614751685153549055e-01 6.580695030830312486e-01 7.477871689409867351e-01 6.382553661180794258e-01 1.563719640446636916e-01 4.421070610526408595e-01 8.176285120527881922e-02 1.602968901028535287e-01
6.811029350775730240e-01 7.331459391031791561e-02 6.759313065914379637e-01 3.639854689462154180e-01 7.259178699036580307e-01 4.355254620361206364e-01 4.501185880459277477e-01 1.477636148328143051e-01 4.529647926666038327e-01 2.419414911646038391e-01 3.340830572944261112e-01 8.434191079909110211e-01 4.954657154852464274e-01 3.368945326201190360e-01
1.985931321168090680e-01 4.538092812911624918e-01 6.731529586607463145e-01 6.348266291723928534e-01 3.460114439652084428e-01 9.964716403196463013e-01 3.888075731907727484e-01 5.731733838921072577e-01 1.800919395136207912e-01 9.261051520582381791e-01 3.993336155247992902e-01 3.641881260459843839e-01 6.362709783658933027e-01 5.867783857202936160e-01
7.692857023498720359e-01 7.377824332665277041e-01 4.603634074269156162e-01 3.440751260378788201e-01 5.647081440851766665e-01 3.395197861452510235e-01 3.396395421451107177e-01 3.113844632643738564e-01 2.529263351750459243e-01 2.618953082389922082e-01 4.714388154267337150e-01 9.202998473914161259e-01 5.434076972447328124e-01 8.922652384921908597e-01
5.323601859736923902e-01 4.993012404907191115e-01 4.070583288246070186e-01 9.352336781833714419e-02 8.694415460842519483e-02 2.025056158325807543e-01 3.116099125166449380e-02 1.093344853238361614e-01 2.585623860690163811e-01 3.224826436153545028e-01 6.503396002796661968e-01 3.849957554709798613e-01 8.550716299539280474e-01 8.716588942785657990e-01
