8.966936868602813915e-01 9.567270979188502444e-02 6.488619195947931129e-02 2.469031851578529224e-02 7.587968883834206313e-01 7.708826907064864065e-01 2.426481576014684061e-01 3.888415096385038350e-01 4.671935944336564894e-01 4.835542753344049816e-01 2.206442049166505992e-01 4.977265856036546809e-01 3.663774610462202652e-01 2.280874706567859178e-01
4.911667919164686147e-01 1.562717081558873122e-02 3.590069103845660026e-01 9.923300138956770988e-01 3.910825676246064697e-01 4.862778071059152829e-01 9.843100349942284222e-01 2.303193664571512311e-02 3.748869313996344710e-01 2.215684303784566378e-01 4.011047191479953922e-01 7.656202013561907993e-01 5.720993637068838567e-02 1.633014399963399477e-01
3.604416050867053078e-01 4.208339968293361988e-01 9.120358049629727626e-01 6.065579528642217610e-01 6.011701066378776215e-01 8.182600082677955466e-01 7.873299526245381985e-01 7.102027849620313749e-01 7.747376408181511076e-01 7.649464993725824113e-01 9.744389788430083410e-01 1.221718353447789340e-01 5.951338681876201520e-01 7.604558004037391683e-01
6.196467654520791957e-01 9.815323983456347712e-02 1.002159311656343199e-01 4.493673209865147733e-01 8.439470734906443505e-01 4.767723710771342160e-01 3.300045359254477617e-02 9.515110579930258217e-01 2.202736734362523707e-01 7.252222847975180464e-01 4.676146718154792215e-01 8.697490379133856475e-01 6.083671627908984192e-01 9.628594243376127348e-01
1.980165010329176800e-01 3.982330039666869270e-01 4.572812255997119602e-01 1.535952097831188023e-01 3.606893316536635696e-01 3.229413395332962899e-01 1.236036567890820281e-01 3.591834444728090325e-01 1.005879322719487323e-01 1.399692982247213724e-02 7.645367300279668488e-01 8.338925422607602611e-01 5.217798237548165741e-02 7.143405540467315795e-01
4.404517927747741979e-02 5.083210165626266264e-01 2.575846610100801515e-01 6.155644792418027977e-01 5.456754548246866010e-01 5.487369930411809538e-01 7.856129124982421663e-01 3.299750175558506804e-01 8.966839322667963241e-01 8.876597588997707788e-01 3.144399991217250445e-01 3.116161786084991059e-01 8.205630533082367561e-01 5.797058042444329651e-01
3.142801071104658339e-01 3.424779683625450710e-01 9.768642212048558315e-01 3.970404107279291717e-01 7.055911652902312481e-01 8.299939516041273668e-01 5.092606350503237067e-03 5.398731638477947126e-01 2.364450716034868227e-01 3.311492116332300784e-01 8.217524715824375825e-01 9.160272595541681939e-01 6.959647019650565536e-01 9.722522867189732354e-01
3.360736364208033455e-01 2.889352026182705480e-01 8.092057127128070571e-01 5.361004144525893800e-02 6.278611481933128458e-01 8.264300863622342508e-01 3.766937624221892156e-01 6.573516832386413489e-01 1.658932842681382080e-02 7.273783614278015452e-01 8.969985923835976926e-01 7.146741572446725366e-01 1.372055474130545738e-01 6.657433306169393550e-01
3.058681478873489512e-01 5.755573949600717443e-01 2.469708221080335608e-01 2.992440044396744714e-01 2.103610784247658128e-01 4.833387603685123102e-01 4.277887365350325766e-01 4.405714463175492979e-01 3.081110062358338730e-03 1.512166901666668339e-01 2.737136915495380629e-01 8.851690787111159420e-01 2.975635853600144820e-02 4.325126011949197435e-01
2.134239541565901011e-01 3.839512683334901366e-01 1.397888795090710401e-01 4.768130875757808917e-01 3.156889227675890863e-01 2.195827309860255427e-01 6.748307263910908738e-01 8.575239054596096588e-01 9.452656285863062502e-01 4.553404546458018620e-01 2.100785242254797902e-01 1.275018659984286096e-01 2.677570086286340523e-01 9.020392473474430073e-01
9.273724674221517361e-02 3.397917235249053869e-01 2.130308582813715823e-01 6.381016187434510600e-01 2.896579529582452572e-01 3.031902709461631318e-01 2.589802849690466813e-01 7.693984310656964976e-02 7.380808420234427070e-01 2.115948543517263136e-01 5.603407576495428311e-01 6.628615071284766902e-01 2.806520384181265815e-02 1.874078706656469029e-01
4.581943328330551068e-02 9.619062369822974912e-01 9.785636728353431790e-01 5.222394108107166755e-01 7.869194263293279867e-01 3.221845457135602553e-01 7.317624711511820923e-01 2.235088176064444765e-01 9.231234047809754317e-01 1.746444022354020076e-01 5.861104692522974835e-01 6.804758992499982950e-01 2.047565022597619411e-02 5.370783830180347884e-01
6.150223776519058161e-01 4.945056274336039337e-01 6.145961768361809519e-01 6.155577022208931215e-01 2.950622180374311565e-01 8.165551291218319241e-01 8.859996593499871453e-01 2.488386182294514137e-01 8.149380781655506389e-01 6.338742737404601257e-02 4.934532763160091040e-01 2.306261819882073905e-01 2.260256654965779877e-01 3.664594943005541339e-01
2.274821079819214775e-01 4.795343013673004640e-01 1.083149128577813869e-01 6.293511181270209365e-01 8.548336736043884443e-01 6.600388329847073354e-02 6.252991779289154284e-01 9.474417352413362359e-01 1.971467248627167823e-01 6.317574626465028986e-01 4.770459312234804905e-01 3.951591803020489957e-01 9.680351644738166561e-01 2.377119843274605460e-01
7.959527699230007913e-01 7.323695608614531061e-01 7.367277682659454374e-01 6.941626076725190275e-01 3.065382975120161113e-01 7.749881763413460911e-01 8.863251687442699200e-01 6.156195587058443941e-01 9.236384262369261577e-01 9.083706609723146697e-01 1.911183365948020407e-01 5.895307433280594367e-01 3.712539111301997874e-01 1.632821388363403514e-03
8.696859251263512336e-01 2.584290212057129832e-01 2.008056842446770407e-02 6.809455744783599052e-01 5.077547212669297760e-01 4.076182484992144639e-01 3.929082031889283844e-01 7.687679388246906331e-01 8.756241532823167972e-01 1.347115357845767303e-01 5.815934361936165864e-01 4.501680961784512158e-01 3.402999792378199606e-01 1.264753490162630056e-01
6.330377353244133198e-01 6.443598857882880671e-01 8.336549079512367566e-02 9.168265506199956283e-01 5.026736506465773191e-01 3.416679685159933477e-01 8.444840600575880263e-01 7.291033720817022834e-01 4.967492788381902002e-01 1.982165717753558987e-01 7.001805915385705958e-02 7.047981110665246796e-02 6.692479257315598895e-01 2.535670931095679315e-01
2.427883330121204386e-01 3.713531047216670489e-01 7.489283175069078036e-01 8.475954316199595384e-01 6.183958089806064207e-01 4.949803927021113603e-01 4.722121015780886832e-01 8.156880444462200064e-02 9.902466722306652036e-01 6.347898670784399844e-01 6.017268042676499062e-01 3.769250067532079473e-01 3.605159213283442021e-01 3.644202239003330179e-01
8.920557009320129183e-01 9.217910454413911214e-01 3.692611111783909994e-01 6.197340812775173902e-01 4.199435877072908996e-01 4.382793821808306234e-02 3.785210975635350250e-01 6.278218910217455706e-01 8.831202947613389087e-01 6.012259997755344809e-01 4.026729897394079050e-01 8.360310250416471689e-01 7.129628928425012502e-01 2.096903290170303302e-01
7.188614309996531615e-01 9.035044326300969431e-01 5.500190082512348422e-01 6.181682851621327357e-01 5.111218293752661790e-02 3.830722998934047441e-01 8.187967289231580237e-01 4.191394207534460126e-02 6.493732574539730074e-01 8.783231994804548970e-01 8.121554084489109870e-01 9.032574917334615927e-01 9.932906088642112774e-02 8.522554160016032609e-01
2.717690877632535917e-01 1.365750720024310194e-01 1.205687056050885886e-02 3.948886017749517752e-01 8.757257989842829327e-01 9.883477698314874216e-01 6.794001698387118759e-01 3.074345847750337146e-02 5.024124930266615774e-02 3.138353913053829602e-01 5.604200527837854828e-01 8.586306487963871747e-01 7.906667303599672625e-01 5.058173479343465173e-01
8.536723571414682743e-01 3.991785959381881632e-01 4.829003917248874123e-01 4.472217662619470957e-01 8.328577501894911528e-01 7.793926118547706006e-01 7.837552628003815469e-01 8.711852149003648238e-01 8.924822912157072130e-01 3.742346515764161108e-02 3.613930526638352569e-01 6.125001264514544630e-01 3.476169193302963700e-01 9.231559955593028333e-01
5.423822116488399292e-01 9.415331073474052515e-01 8.335556299985761308e-01 8.436541513883666354e-01 9.424159572379586791e-02 4.965828148431370437e-01 7.701755388565023619e-01 2.220479147689555788e-01 7.433307367115601361e-01 5.288782482657423678e-01 5.281742011513760326e-01 6.802294452680873738e-01 2.359824926911222587e-01 3.336371702169010911e-01
7.241575747610994318e-01 4.785321977736878285e-02 9.542102666960727841e-02 5.048398506833442489e-01 9.610679612625211421e-01 4.574622377271876372e-01 2.337980912586392623e-01 5.659518299005162900e-01 5.970089900567363550e-01 6.213080964016800545e-01 8.808898124831109344e-01 3.054981384341196593e-01 6.634452999379851779e-01 7.170040223194168449e-01
3.916957704455148459e-01 3.473971549764509614e-02 5.489958402657237890e-01 1.687998922859483830e-01 1.458478936644524993e-05 9.797537449958549916e-01 1.004616748282902705e-01 4.577958993239549246e-01 5.022994393775834787e-01 1.389688762288066037e-02 4.109783059927315518e-01 8.184658730460392384e-02 3.292800326533990019e-01 6.401052962497733034e-01
2.352577244363129871e-02 8.070222216686452343e-01 4.729366087108388683e-02 6.765220714278530334e-02 8.629659593214595859e-01 1.640748454354020724e-01 6.506794541366041074e-01 1.455923885901322379e-02 2.315623186260810096e-01 9.651751785170177289e-01 3.016296574649808271e-01 1.596570657187718068e-01 1.077735915097153274e-01 7.806987861650102056e-01
7.574812568515841837e-01 7.637504939000754334e-01 4.242399971186836538e-01 6.097593573522113175e-01 5.617491487323230670e-01 8.470715927216724284e-01 9.109597619664993040e-01 8.129760487124406687e-01 8.184678899831510090e-01 5.752346676490633914e-01 3.011437717791032309e-01 7.617793170841228312e-01 5.043570636125593865e-01 5.865882991529882684e-01
8.214013344739209410e-01 4.096247635250555019e-01 9.334326957871774688e-02 3.533176488459518483e-01 4.626601449022708090e-01 1.598662333925108259e-01 5.160620583111789061e-01 5.966524666749639660e-01 6.806685840637283214e-02 1.841469381966805985e-01 8.806824649266187244e-01 1.287594949308776826e-01 8.694011923418232257e-03 4.867021242865062769e-01
4.339155822109072025e-01 8.213749088991947334e-01 6.867592334504457607e-01 2.156972990639852705e-01 1.246829618292660813e-01 5.697509021905988735e-02 5.510334453783601871e-01 1.417532729467430030e-04 1.562667996579676366e-01 8.890173703169735875e-01 1.500347847995525674e-01 5.771998557789890238e-01 8.952936917227306557e-01 5.702726733901488654e-01
8.395651773373772331e-01 7.563894236975545748e-01 6.977635913298825265e-01 3.640822318910530431e-01 2.647620230167222477e-01 7.033534823817891857e-01 8.684034743355112385e-01 1.776418754239086351e-01 1.172710770415831272e-01 5.879502805743440641e-01 7.052448068779977319e-01 6.711594844223849332e-01 9.954071135903406198e-01 7.758204389563905234e-01
7.619878551796780419e-01 5.936088135743839977e-01 5.020390159826476628e-01 6.481226200591819753e-01 1.369228304973471033e-01 2.151107807337859779e-01 1.944362538486483771e-01 1.932974869004178142e-01 6.360524391667570221e-01 3.391226485033925764e-01 3.805369066770725173e-01 4.695932550291243013e-01 5.171549998064369769e-01 9.832711527261048801e-01
9.563190734298612217e-01 1.525275418092844060e-01 1.808272707024373149e-01 6.752354384831462664e-01 4.970408077084353948e-01 4.423433327772028356e-01 6.564201597619878648e-02 9.475533496153215607e-01 8.176323079333303046e-02 3.374445894212184660e-01 2.914598626142816951e-01 4.890330126654474086e-01 9.598126446779365883e-01 2.098806714705000465e-01
4.230793028173986947e-01 6.355487123421700302e-01 1.570680700652076212e-01 4.527932754559100825e-01 8.159350607059945304e-02 3.316558976545107562e-01 1.744646464316440548e-01 7.461747140844855464e-01 9.786858571676981811e-02 7.764743742836754947e-02 1.172723383027303168e-01 9.652600443891313775e-01 6.874353842704379325e-01 1.086340478329362869e-01
8.890999764834908170e-01 8.518971508319042041e-01 7.114544093049750551e-01 5.839188876558369934e-01 1.779803532792345599e-01 1.910618913349235726e-01 7.062344923273783381e-01 5.474141747485535836e-01 7.459640609422252266e-01 9.510014368697017328e-01 3.869083989071429031e-01 4.047125916481545405e-01 9.819751881031901775e-02 3.690495211638724626e-01
5.409135929310141533e-01 8.129199873886842065e-01 5.014356639960382278e-01 1.849387754381408566e-01 4.463602882280124362e-01 8.108707621449534608e-01 1.223002827884724919e-01 1.173895695233171388e-01 8.471481822986393073e-02 5.960185569287101970e-01 6.622818544656485784e-01 5.195057300877345963e-01 5.489908388606158374e-01 3.475022335382518257e-01
8.638900102248313617e-01 1.769619262661780157e-01 4.786928712825980758e-01 9.640806447518596167e-01 1.127488922695073503e-01 4.130475636500794412e-01 1.904635372220514489e-01 5.136508539384210259e-01 8.069323365406781967e-01 7.440878144349629686e-01 8.607707181882447989e-01 6.199716483945463263e-01 5.207460040859867023e-01 4.776424937041341412e-01
6.367072775091632275e-01 7.885305706687707472e-01 3.512863152068156358e-01 5.178127197449517993e-01 6.086356833703182589e-01 1.649040633948765100e-01 9.785727532787746874e-01 6.091400814359271276e-01 4.261251166802695334e-01 3.039347585504655891e-01 3.261898555212400241e-01 7.241484133696015624e-01 8.104238354229938990e-01 2.724822368131663008e-02
6.295396817386500476e-01 2.736219818633163214e-01 9.642944087323704894e-01 7.306477632095093044e-01 2.540523613774666734e-01 8.026938351275655359e-01 4.963446832907135731e-01 2.443658139365423310e-02 7.580711574743482783e-01 5.414454172815453825e-01 6.316122165006962108e-01 5.760608472076267361e-01 6.746841056878777332e-01 8.688572343343152760e-01
5.545385219444670666e-01 7.544195093366898863e-01 7.839933437041791686e-01 4.170725977136482410e-01 8.560955802177606655e-01 8.049441606490731482e-01 9.399423576597061292e-01 8.757355305144955970e-01 6.327007630920589154e-02 2.672739536826427287e-01 9.369440490973943714e-01 2.573889941360916200e-01 2.619616454697295538e-01 4.188157033179306099e-01
8.736482904103638480e-01 9.397034836770092880e-01 2.699675970573347517e-01 2.467217135416958085e-01 1.458274402131807257e-01 9.387027619348204954e-01 7.418633050029852516e-01 4.848297593372047354e-01 6.575538805122965735e-01 1.515241091075452129e-01 7.976613830289921436e-01 5.256113107515087979e-01 6.003030006982499334e-01 2.960824060944305947e-01
6.357129025148495760e-01 8.867370575035643521e-01 3.462181810404484361e-01 6.230178631127936129e-01 7.680102384316565001e-01 4.167991711218976825e-01 8.335176347536995545e-01 8.405750481060684232e-01 6.507997779214880207e-01 6.275853807606752710e-01 6.090230757629705449e-01 6.607421935772054278e-01 9.010995513180694028e-01 9.822588772883751318e-01
6.242758717386840406e-01 8.990448322323467689e-01 6.516773571313259072e-01 5.375574098821715996e-01 9.130612398939337293e-01 5.843878902111577789e-01 6.371414446766882067e-01 4.048486854667088242e-02 6.136617826260667430e-01 1.778439502020390250e-02 3.876370631455982041e-01 8.603834178923236431e-01 8.396373589025107886e-02 6.546819577432969606e-01
3.407434189685615289e-01 7.876069996037986520e-01 8.134717317481844345e-01 1.742050082111676890e-01 2.423096584572046464e-01 8.097209245855040427e-01 9.261625717879062858e-02 6.840427422656406575e-01 1.196331408191608769e-02 2.990537000827164782e-02 8.343004681977506110e-02 8.156729999330138980e-01 6.846170516362903857e-02 2.440357537311952374e-01
9.686026219065897447e-01 6.574989489387853547e-01 1.704220486227432385e-01 5.086163051919112554e-01 2.721475700348605642e-01 9.876531406227391230e-01 3.694398693158106317e-01 8.870003932102582533e-01 1.142201330586523067e-01 2.633666898573804316e-01 1.632542920010813248e-01 6.554724901966506589e-01 2.716992301783016650e-01 7.921943121505859997e-01
5.190938617653432230e-01 3.202530594965838917e-01 1.814223372912016075e-01 3.203055420432991962e-01 1.214361237953487382e-01 2.257762903525400988e-01 7.766941698423546203e-01 5.899463557546624770e-02 1.423333568899820545e-01 1.480846819634762390e-02 7.515170410922777933e-01 9.022418740251156866e-01 9.229058432721473082e-01 9.815304463016473191e-01
7.063613375778614589e-01 3.976040218650681579e-01 4.634291398501954040e-01 4.875380911018747376e-01 8.058758885166854569e-01 6.318908428002940614e-01 5.415868486811054039e-01 4.323483809563973823e-01 6.057504601610359529e-01 6.788036821838828727e-01 2.481033709478264182e-02 3.201849507646670201e-02 2.562734051035696625e-01 1.631760641300701309e-01
1.426691241381724540e-01 5.802414429759603642e-01 6.437268947698220334e-01 6.885660949161193090e-01 7.094088236019914229e-01 1.269539264515437971e-01 1.804081020295583704e-01 3.050983322593189273e-01 1.849928005245177198e-01 6.167662265077924477e-01 6.714824998377333376e-01 3.106838732418506499e-01 2.528368498746949022e-01 5.574138914976586312e-01
6.646783709962351683e-01 3.069103475776012724e-01 6.048135935571598010e-01 3.910947567540179470e-03 7.047138055362665021e-01 9.692796494698077137e-01 2.923210346997683340e-01 4.065255414926629562e-01 4.055491558767584381e-01 5.719473188693294796e-01 1.669329882745329563e-02 9.291826259651703168e-01 7.575810442577883830e-01 8.140604202688210833e-01
5.314245222366388299e-01 6.713663718583552376e-01 4.900380912915350828e-01 6.864279142583928905e-01 4.718744978483648822e-01 5.433935004153188641e-01 6.174053069834941621e-01 7.457802219856114467e-01 3.448802770561363307e-01 1.225278430659338946e-01 8.676658725389434501e-01 2.724776866201761294e-02 3.257892751299589218e-01 7.456540799055250135e-01
3.669562886267219159e-02 1.041123903173790666e-03 6.562210175866267647e-01 7.576061179541163648e-01 1.674718669215085054e-01 4.188866617124953340e-02 9.418967604825789763e-02 7.963121997303310717e-01 9.140362209525088044e-01 3.060025317410026702e-01 1.011853898053054479e-01 3.185790474507578240e-01 1.833659968079659475e-02 2.289361550932540457e-01
9.282882826467504511e-01 3.715088533206608590e-01 6.203212103060230520e-01 4.459566830571431995e-01 7.679832387703620089e-01 7.358796497056293573e-01 2.869380150037215138e-01 6.566187729195785971e-01 4.421112549927728175e-01 3.761251681699409044e-01 5.614715186498304700e-01 8.439422828360777507e-01 8.252050946206179738e-02 7.867147090887477434e-01
8.769085234975686483e-01 7.861063811545097035e-01 8.508683075928298312e-01 7.355752619497829548e-01 9.395522622348555508e-01 2.106459365064756728e-01 7.858585128134726316e-01 9.009258236390808028e-01 3.291973537963082119e-01 7.815376838446252972e-02 2.031121517191614156e-01 4.810156426515335149e-01 3.805858368690083759e-01 3.688589678993023924e-01
3.432209534724057765e-01 5.561734983333121995e-03 1.338428344903550560e-01 6.460729573539790715e-01 8.925146191327483214e-01 6.205476821626285666e-01 7.030765016666943312e-01 1.044990728340390307e-01 5.457634565474310806e-01 9.763860331266772663e-01 4.935865164859618570e-01 1.177382946905515260e-01 2.691865201397646290e-01 6.376249926675515711e-01
6.554615965032565272e-01 8.337374905522554336e-03 3.316799240986507691e-01 2.120282712187229190e-01 5.519855703542252412e-01 5.576888121178338320e-01 5.216129449132542728e-01 9.082164349727919195e-01 8.073191024100991875e-01 1.394300529720389203e-01 9.656145442520391864e-01 6.573040041177884429e-01 5.199218480895221317e-01 6.256712482474088288e-01
9.312414627222289631e-01 5.953820316428051207e-01 7.958864236701285177e-01 4.185126974013481105e-01 4.486350337886444439e-01 8.654899073453706793e-01 2.259761052383577606e-01 7.142134960423247581e-01 9.761458898813024643e-02 5.300723236065826294e-01 9.140244764513892894e-01 5.839250927829567894e-01 7.874764462836481016e-01 9.416449866007309266e-01
1.251318987426129903e-01 8.187941056354837155e-01 8.279483191071465020e-01 7.029632034810715524e-01 2.284478208568561097e-01 2.339630628981123062e-01 2.637408420160568534e-01 5.174144591578944130e-03 8.945202832847474195e-01 7.429964672692541683e-01 7.953982266343037066e-01 5.409294183552080248e-01 5.079194824158399513e-01 1.288844536296347432e-01
1.118951551012904444e-01 6.265488076527637729e-01 6.659609279519674851e-01 7.591983388814045330e-01 3.246520736315257061e-01 2.523337541856501831e-01 2.737485051171661965e-02 7.838367481632665390e-01 5.279457312146262904e-02 5.010032025119518506e-01 6.189977800573988054e-01 1.322895682174081156e-01 2.240971695289392107e-01 3.863753889691977639e-01
4.256504034195747188e-01 9.339565081754366282e-01 7.104955192643466200e-01 3.905724240055183927e-01 6.897897143063933534e-01 1.751414987293274939e-01 9.390419229624638042e-01 3.531377986143269254e-02 9.892239993237863516e-01 3.901020461768374137e-01 8.493592449122883137e-01 6.973147429549235721e-01 5.970508504269416150e-01 1.796808744999925933e-01
1.210092368839399413e-03 5.851344790913670657e-01 1.524384756320583678e-01 7.555342243190842355e-01 8.229599968901938345e-01 8.686209458918072723e-01 5.514940006917145032e-01 8.058261091969346479e-01 9.508727843420022863e-01 1.610935876578797332e-01 2.561481895119305241e-01 4.131929983150218755e-01 4.645591925299230596e-01 4.183920212200586963e-02
2.949147103422733451e-01 4.332250230723738715e-01 9.108808680476987440e-02 7.545374047900927916e-01 7.716415546135035886e-01 6.861369537953752040e-01 8.290780308425094169e-01 6.357715505741579065e-01 8.985710673798318338e-01 3.185550212160995764e-01 6.963300635750657719e-01 1.873411007344698564e-01 7.009534670488797303e-01 6.291248653528195289e-01
7.140730485147768203e-01 5.391062574967665499e-01 9.294807356175277535e-01 2.534850720426441439e-01 9.231591845780672267e-01 5.680143660180601017e-01 5.201311960708059345e-01 6.336554978047899134e-01 1.044975651488988522e-02 9.393601324129111640e-01 1.306360119039754464e-01 3.160848252877910269e-01 9.768510577900189062e-01 7.680965195301193704e-01
9.620614066413589738e-01 8.452099721908975516e-01 7.858933460970333185e-01 3.996627746852374763e-01 4.070375697078193467e-01 1.444085104473115111e-01 5.090416387502982865e-01 8.847908600096455745e-01 5.545837208541406493e-01 7.673154672901734141e-01 8.781891621446608065e-01 4.625895299187264831e-01 4.470311186440534268e-02 4.571263968676608780e-02
6.314866204441248465e-01 1.650178514512509187e-01 3.931473642563678705e-01 3.433270590747999895e-01 2.802366698993309369e-01 5.468320610657197989e-01 5.966214900705189006e-01 8.404381361944293083e-01 9.739749161423516544e-02 4.142738993060901542e-01 3.608109831596060246e-01 1.981070849940950174e-01 6.115139460149313644e-01 5.217046564315694912e-01
1.881989562459027709e-01 4.601090329689109248e-01 2.671496744180424932e-01 4.788568198161944345e-01 7.855242193471257961e-01 9.317308732797309201e-01 9.157211720376585706e-01 4.883610392132831102e-01 8.729763370478255124e-01 7.410771239811934086e-01 7.580241490143380112e-02 4.017942755564180013e-01 9.475732111231032206e-01 3.095463201275249210e-01
8.316465878962335800e-01 7.770321002916800168e-01 2.587373099927051667e-01 4.682368997038174330e-01 3.634321651362039107e-01 4.221268191780973567e-01 8.907759032191900905e-01 3.279300370910609441e-01 2.941067294584637226e-01 4.898594631583136350e-01 7.273197742351084072e-01 6.530466888889440158e-01 4.550246030404312414e-01 4.494957311238177988e-01
5.756525734945563411e-01 6.905443414731970986e-02 8.300062328759298946e-01 6.627452759255368919e-01 2.706969101445793058e-01 6.503115938221661896e-01 2.785891502197784808e-01 7.745912127735382624e-01 2.537806380234665093e-01 6.110073203214657633e-01 4.554886726901057337e-01 4.363743459967365235e-01 2.110928520125525676e-01 7.093682793716864499e-01
5.108510745285324006e-01 2.001991448673889895e-01 4.000190186142738025e-01 6.393734891282409905e-02 9.470124704451455822e-01 1.582561555024699640e-01 1.230792997169556369e-01 2.639508667371973649e-01 5.035447338756172675e-01 3.597858782703813318e-01 7.178658076564310431e-01 9.148295738519679476e-01 4.077256403761402304e-01 1.019653928716777180e-01
7.076350886376447935e-01 7.552949648830763474e-01 8.915460977452511759e-01 3.037948581418116190e-01 7.050193214663134089e-01 3.746447173838017841e-01 5.243093226563434461e-01 7.998918856023107260e-01 8.213274051336693082e-01 1.497463856898012535e-01 6.554344438966219766e-02 5.927171653225183912e-01 9.313883289613900107e-02 5.005624945271155424e-01
7.248147571040073345e-01 7.480143111180086457e-01 9.922561133357475915e-01 2.375703505082399358e-01 4.221640353222663178e-01 2.116839144863954525e-01 1.289028691508495861e-01 7.038403334510023868e-02 2.854144580327644398e-01 4.727795300781651999e-01 3.916838740874386549e-01 3.692910134473426087e-02 6.670982646779404224e-01 7.956956933921816022e-01
2.617852392486232915e-01 5.996087193546334460e-01 9.981959590835727258e-01 5.361668764301786849e-01 9.837522048118899631e-01 7.879099277165280135e-01 9.418673992059780620e-01 9.260142023665064448e-01 3.235362744123015943e-02 8.251980018493830782e-01 4.553340033970670886e-01 6.884028874903929118e-01 3.908015896247835075e-01 4.045105401606110540e-01
9.859048791355146113e-01 4.211509178955431532e-01 2.848577851515170511e-01 2.922189951019271703e-02 4.691674717395454275e-01 6.028935567133805185e-01 4.111415218402564298e-01 9.259191291474399010e-01 5.181646072373061740e-01 4.426723477908681703e-01 6.399032247989335787e-01 5.151496269974016329e-01 9.393446983172550890e-01 9.496982533530955450e-01
4.603987641898699135e-01 6.440470728492942998e-01 6.421894414788508199e-01 2.090809832430434723e-01 3.594660218284148057e-01 7.900549025273567727e-01 8.215845363208061913e-01 5.734199457951161261e-01 6.669761686059935135e-01 6.382584845031150644e-01 1.497281107607537631e-01 9.368159843299270761e-01 4.052659219011465197e-01 6.300596564458116333e-01
1.873507245960743806e-01 5.040912878055489044e-01 1.436437919736742730e-01 5.207334927291640270e-02 4.318610197727442701e-01 5.015726446508610437e-01 4.900107233214403557e-01 7.377405577954267990e-01 3.910486775587596053e-01 2.960030232458772392e-01 6.881361898279391154e-01 9.843873867127443944e-01 4.813985957222710610e-02 8.094576700932175628e-01
8.759057181017675386e-01 7.079775817708481300e-01 4.060839324362375269e-02 2.801567611651769596e-01 2.023420143320038278e-01 8.270030760198215924e-01 9.943454903954356272e-01 8.299707766868951175e-01 9.353383932698782210e-01 1.926783203276455358e-01 2.871667372608737168e-01 2.661966798547688029e-03 9.808222349716215760e-01 2.199296176781060375e-01
1.627872928016033116e-01 3.854928113670315071e-01 3.481214405500202558e-01 9.869780692723199023e-01 8.158354993931848931e-01 2.728451406807873569e-01 6.843306103984425626e-02 9.556610851473741342e-01 9.916576519576697502e-01 8.443543447370025490e-01 5.176281032976920438e-01 4.550517407970844364e-01 9.175452268900818886e-01 2.933023985238440989e-01
1.528539695316105673e-01 3.638543109993218616e-01 4.596188283434662347e-01 1.618292115382570229e-01 2.357231715740044642e-01 9.772066550311230282e-01 2.407345602817192454e-01 4.318158816654853460e-01 8.499152037546142680e-03 2.544356980289131931e-01 4.200150084044373955e-01 5.648890253069254186e-01 9.465430281049211914e-01 6.470317270858952918e-01
6.622938242657967489e-01 3.334862534457408989e-01 2.746478901231514946e-01 2.080965836624245613e-01 2.361361296174170343e-01 4.258194539852062643e-01 8.048693042240084861e-02 9.363049480114193912e-02 9.869413454794349061e-01 4.584126997280606464e-01 2.652327453946421443e-01 8.006841256784903438e-01 8.821372004199936612e-01 2.046033537575404626e-01
1.341734091039857857e-01 9.484422623382472439e-01 4.921070041389700167e-01 7.179465180842657945e-01 1.051192540373532269e-01 2.813537682151975305e-01 2.738464029851324089e-01 8.132888219838344535e-01 6.430113286607066492e-01 7.593796396396937931e-01 7.200135590271793395e-01 7.155903868960193925e-01 1.007955253754815317e-01 7.357553159904992590e-01
7.209764287089888146e-01 7.817801443203775680e-01 8.829695091990275024e-02 5.500344333465925217e-01 9.321696356426976138e-01 4.566435817844922695e-01 4.591261201087923904e-01 4.017372651026969166e-01 9.626285364682763968e-01 1.581437141203918539e-01 7.449462404131490523e-02 9.696445060052040210e-01 9.302122504381162837e-01 8.336858975850793829e-01
4.245376393556204997e-01 3.536704463796727094e-01 6.204874690510285840e-01 7.128896166019867975e-01 2.774848035628474374e-01 9.164906641819022814e-01 7.769597193921553568e-01 2.900320188527854004e-01 7.214888693280356868e-01 4.793812347580973521e-01 3.956536993385061374e-01 1.423314248931032422e-01 1.842509857276813934e-01 2.486732932682124142e-01
1.798360747295746354e-02 8.181953241107209340e-01 7.470799736166394700e-01 3.488904301804146568e-01 7.085580534264914743e-01 3.318389666658575488e-01 2.125387146736847921e-01 5.167826878696207826e-01 8.645584118778817384e-01 2.673069273014936353e-01 2.074614534443657288e-01 6.738398832789433968e-01 2.826568427964205599e-01 9.253133111158104995e-01
9.429726181223047066e-01 9.763904189097940556e-01 6.758253960470398392e-01 1.414132390163558295e-02 1.540620834411232654e-02 1.536917259599197561e-01 6.696167589726133018e-01 6.630966871978659638e-01 3.698644433764651795e-01 2.943150239503258270e-01 7.339464231144531281e-01 3.061973300108434826e-01 6.583050990621158727e-01 5.773668857660776421e-01
9.914602897246412860e-01 6.180058621587282142e-01 8.752653793725138076e-01 5.465460247571796160e-01 9.189226797865418517e-01 8.881159549628966365e-01 1.144969432365718909e-01 3.463930661337655259e-02 6.119066273234650133e-01 3.174899430677613488e-02 1.484703448981927743e-02 8.714954703365753730e-01 2.430893707962794581e-01 4.723661625826691690e-01
9.563728014421442047e-01 6.749771535760014096e-01 5.210469111221454064e-01 6.429349763779712568e-02 8.909165756381683954e-01 5.253895724686796775e-01 3.174418354763538508e-01 7.920369883249464005e-01 5.805017210971463726e-02 2.212327643467432159e-01 4.322176589618320630e-02 3.308391084292513495e-01 8.093775172921787719e-01 2.922150954322338956e-01
9.629728337204427335e-01 8.513351685067702679e-01 3.677280952893233756e-01 5.301935001505884149e-01 7.012682280434853199e-01 1.355024296267991479e-01 1.471671462645720574e-01 5.925981353078657587e-01 6.629615793064891349e-01 4.703126049063786063e-01 1.634276524234391514e-01 2.793682515530284682e-01 3.539545484833994671e-01 2.598526981403941338e-01
1.973114255997610034e-02 7.755509372546210978e-01 9.687727021350585055e-01 1.098135180574764114e-01 2.697923605789843693e-01 1.629097978305689143e-01 9.778925886414513435e-01 1.028235859305060007e-01 2.122403233560047342e-01 6.392279243897827090e-01 9.573000666072770670e-01 7.234832460495583817e-01 4.284871044080585945e-01 6.174827059192951051e-01
7.561360142267802287e-01 3.965835432823191509e-01 1.416967873688422808e-01 1.485348240629106309e-01 1.078882223124811857e-01 5.163724920357242176e-01 9.070463383111789790e-01 3.715045949087973920e-01 8.774613973949307866e-01 1.133520712801050490e-01 7.317884629561712817e-01 2.634867353230354592e-01 1.826985578667927879e-01 6.728660499512406634e-02
2.271103364837968597e-01 9.205775296891471893e-01 4.746738584684365714e-01 2.738732176326318379e-01 5.993991544916822400e-01 9.517584798815359459e-01 2.541999954492052405e-01 6.576594126429802234e-01 9.034307256757452276e-01 4.512415176607439404e-01 7.878712524951159146e-02 3.348661349317239022e-02 8.850571256206717363e-01 4.347646677095537981e-01
6.749261268469864961e-01 6.074541161648558951e-01 6.486394198388775179e-01 1.861669671267055515e-01 4.431504060718286508e-01 5.970532111276777298e-01 2.478315257576825248e-01 1.212683841319762701e-01 2.617398406654469767e-01 9.677136014077410975e-01 8.708602557875988470e-02 9.879606860143022029e-01 5.196641671758023273e-01 2.066848821210987008e-02
3.497957698448594943e-01 7.237653304166971058e-01 8.219087538602470877e-01 6.211336812935439600e-01 8.986518247914395685e-01 4.526033175986043933e-02 3.502237326915480509e-02 4.853925785164137086e-01 1.654677450462501698e-01 3.872852173721614832e-01 7.573273181297205392e-01 2.431045860306402240e-01 5.017032584529419470e-01 9.201184081104107904e-01
9.641350116246197866e-01 7.987211437194927655e-01 1.009562174514917476e-01 4.402928005530470923e-02 8.026100812200764878e-01 8.791204883679821780e-01 4.311434055381813124e-05 3.539549480452482966e-01 4.592518555285864945e-01 3.746728943054505878e-01 3.769028906214372254e-01 7.448202775158307976e-02 5.827261910236943843e-01 7.965979690094568966e-01
4.775799763876551474e-01 9.743843132686232922e-01 8.976386711581448852e-01 1.798132684397382164e-01 2.848570976760846918e-01 5.093891627795898991e-01 2.341010102351963607e-01 3.437236658527184074e-01 1.109041175163257842e-01 5.508689850745097649e-01 4.748266018253051168e-01 1.852955794995413408e-01 5.621663430422940699e-01 8.149049887279551374e-01
8.676311286381621635e-01 9.372857737425881464e-01 7.736059203278526919e-01 7.578062941834912136e-01 2.144682334449943273e-01 4.439452387329596572e-01 7.968315086967986405e-01 5.264139078999284793e-01 9.458131981071619121e-01 6.391852815641749785e-01 9.104117550494805755e-01 5.827304316518044924e-01 6.637002709652888299e-01 3.883603184757074001e-01
1.278625596608928827e-01 8.044048484711534552e-01 3.079918187168060317e-01 3.411587719066454527e-01 6.545172651487055626e-01 9.285542439808105453e-01 7.714090706023218891e-01 7.319812423994503936e-01 2.063449512998318802e-01 8.159737446408602546e-01 4.172300147576536444e-01 8.766429218825734226e-01 1.844688057760112132e-01 4.931301232918912092e-01
1.932683382550079987e-01 9.497121121894173124e-01 4.330521598502936609e-01 2.996761715106750490e-01 4.889076546255310962e-01 4.336094338261630154e-01 2.226258593605676683e-01 8.587217235608251009e-01 2.235834387050454897e-01 2.367906613378600866e-04 6.659465437891511908e-01 5.960729718201397409e-01 5.927672726940524939e-01 5.523138415823369840e-02
3.628458667060517895e-01 5.717806215763123756e-01 1.312521082852728949e-01 5.101835896355363387e-01 7.732646028581351416e-01 5.830545056916329738e-01 1.193703147978414369e-01 9.068491899758206465e-01 6.579838066430677701e-01 5.433913069921901817e-01 5.247319332472282216e-01 2.334290154441378551e-01 4.337633482960743248e-01 6.963227601277138801e-01
6.047095990447330927e-01 8.401243668237644568e-01 1.738546552524568023e-01 6.083092050809669749e-01 2.356181162678631091e-01 1.015285058770978299e-01 2.602554821761995374e-01 8.901949895791155809e-01 4.017863593187498417e-01 7.941160961334359225e-02 5.485281318754635649e-01 4.717896440669888669e-01 5.544593390806920041e-01 7.554572972101709638e-01
4.874874052956703618e-01 7.564556516748761616e-01 6.510701152619973175e-01 5.557442893716181276e-01 8.255837728599235703e-02 3.289111071838203282e-01 1.260607296189326654e-01 2.768920875300052709e-01 3.245170037749849357e-01 2.334001772412184206e-01 1.885308229780968681e-01 3.581128853215548302e-01 2.262594685331631439e-04 8.323244154276603357e-01
1.313945653945186587e-01 3.566476988743102483e-01 8.102629441308143443e-01 8.368403902762402424e-01 9.506184657106713232e-01 2.871311044254817313e-01 5.786946601823248493e-01 4.986623513787930007e-01 2.895774999637982239e-01 9.587559819664984717e-01 5.737089725796222783e-01 1.679104303825436073e-01 6.167438119203577651e-01 5.014234933525882898e-01
7.448254595819331358e-01 4.635506261573035802e-01 5.041872884707280233e-01 8.935920600201716635e-01 4.022204145932717356e-01 8.952347316231002994e-01 8.025414259774330539e-01 7.895040062928310176e-01 1.143379901179603086e-01 9.556760224041647156e-01 3.379377360394493213e-01 3.210539397588053623e-01 3.175680428397665844e-01 7.410860973008225328e-01
