6.597043009953472703e-01 6.770924450639923542e-01 7.608423256588525696e-02 2.983302830410705653e-02 2.151063516945143084e-01 6.542943319572906979e-01 3.961108414295484437e-01 2.192189875458994130e-01 4.356133058856777041e-01 9.995857669669448997e-01 5.503184602457429353e-01 2.219030417687718471e-01 3.764956379018371546e-01 4.829359667230386233e-01
9.252778295464547664e-01 5.047183310172205228e-01 7.992226945601286214e-01 8.530887818944855594e-01 9.712029706224900583e-01 2.398225454585591887e-01 2.457738721854114683e-01 4.659930518191212068e-01 1.981129124350999859e-01 5.100430073527434383e-01 4.809281375873063480e-01 8.075569176902294144e-01 2.677747482301809923e-01 8.934595622781333901e-01
2.453359018300367289e-01 1.452785284259036080e-01 1.032364955580417076e-01 9.154283756032909336e-01 2.638130373410360052e-01 3.250031764787153499e-01 4.752028741656050270e-01 2.162166968168998116e-01 2.255958027831455048e-01 1.280515911964741349e-01 5.263617501785662345e-01 1.685125011847977694e-01 6.601975264813325639e-01 5.191503747091691379e-01
9.254885787945443809e-01 8.103789953495923459e-01 8.234085249709764964e-01 5.624941746763846284e-01 8.243174418555327954e-01 4.059326314289155579e-01 9.057899059041546463e-01 2.080140754331221142e-01 8.648177241053103259e-01 5.642290882875216074e-01 1.413838696190528044e-01 2.019892176860997868e-01 4.839623462257204300e-01 3.369868047382068577e-01
8.869600145986840101e-01 4.338725384125521334e-01 2.125081847656776768e-01 2.073038674000950987e-01 9.511459457070400303e-01 1.290419920950366395e-01 8.839100010774415539e-01 3.000323786832614914e-01 9.850985732353699786e-01 8.367632294606219823e-02 1.481231637277866664e-01 8.719174693492631745e-01 3.769880806282591701e-01 9.123847167588120532e-01
5.193359500344360002e-01 1.533349041834153326e-01 3.318760331456549473e-01 7.465096094037176888e-01 5.785254190502522320e-01 8.393017089018031118e-01 8.429758549814679869e-01 5.781776822309070418e-03 5.651322389715408567e-01 1.680198535421821848e-01 2.415882525497649036e-01 1.922749098050891003e-01 8.062676297668688319e-01 6.176969623759753780e-01
6.900362631841688854e-01 1.255224388721950524e-01 9.761112811534374822e-01 6.230641660295741513e-01 2.910793931454129790e-01 5.921016035261197352e-01 9.005896453875261720e-02 8.516306929615899968e-01 2.602337531133941395e-01 1.333388622219611186e-02 8.339481005326110363e-05 5.390124833582567998e-01 1.925407902019515838e-02 6.024707668443900488e-01
7.101210093469852991e-01 3.349760614794042857e-01 8.050286832495826550e-01 6.554256334688444152e-01 2.814811933154260926e-01 2.303391017150490105e-01 1.259402014579958928e-01 7.991999244034552197e-01 6.565028242920352142e-01 6.581382768772188196e-01 4.566970793262686845e-01 4.880783668021132504e-01 5.902848045939759203e-01 3.708372155082783062e-01
4.800918066712541732e-01 9.280972158657724291e-01 5.499773024443981306e-01 7.060747145546610870e-01 5.826824884443642105e-01 8.013008161936570062e-01 8.587585761349713076e-01 7.902123946712018565e-01 1.339035300031341524e-01 7.031036388870816056e-01 1.282479501303419589e-01 9.391243098662303002e-01 2.876150375928619995e-01 1.839163957509259983e-01
2.843190947206344354e-01 6.863644908497407160e-01 9.758828525505681695e-01 4.721677702051274572e-01 7.054266663023345263e-01 3.365971168836234817e-01 6.959185016517884792e-01 7.674730003150013191e-01 3.323433164152819197e-01 8.307583746295233995e-01 3.487911600402803236e-01 6.591004270546637622e-01 5.521191569201023830e-01 6.957453435024506527e-01
8.788049775570169198e-01 3.449945742672155813e-01 2.423560928071465392e-01 2.905780986643280439e-02 3.903554349039900506e-01 9.777442533807876313e-01 7.932417569705482174e-01 3.887458380492544441e-01 3.465887268582021896e-01 6.834158209598346634e-01 4.245251377029337636e-01 6.588873133778460067e-01 2.320454813681924744e-01 4.387580959687589210e-01
8.735477085666963903e-01 9.353633445274858182e-01 1.574382552015851644e-01 1.402898318436197611e-01 8.503048625145515071e-02 6.692594736595824934e-02 5.457447067707162924e-01 2.355709928906990491e-02 1.189652281959764357e-01 4.152350045302639625e-01 9.104239153479432023e-02 3.648494254401375425e-01 7.405179343033168049e-01 9.405340238145192266e-01
1.841250772210739628e-01 2.226933458898259222e-01 5.264776453502563180e-01 9.112215832269318083e-01 6.165891658057203184e-01 1.537010825625586552e-01 6.793420958377578422e-01 3.064017624990147404e-01 3.007750907668164109e-01 4.052018575970248726e-01 5.029644481883366325e-02 8.584204289763166518e-01 5.935491893104317684e-01 4.598646963312725822e-01
2.390863681943365959e-01 4.688935909778235711e-01 3.196700322361143431e-01 8.774305647558106047e-01 3.721737971663789946e-01 6.348746750172609143e-01 3.472153036935079484e-01 3.820984866219954146e-01 2.378014075494456758e-01 2.188102556355907558e-01 8.324189329203940391e-01 2.083635211619355720e-01 6.752969617062908325e-01 1.948798929793709167e-01
4.935336138433246145e-01 7.066696910973552237e-01 3.041442110377973185e-01 7.263903722222000425e-01 6.642659056789669281e-01 6.864589547115218515e-01 4.287567762476884869e-01 9.734827348253364265e-01 1.781616075418644973e-01 4.031596928300996696e-01 3.331298543596902251e-01 3.322468374392917312e-01 8.411885019917023643e-01 8.657545668009231088e-01
5.997825940281985568e-01 4.356474038659128301e-01 3.914983739122540607e-01 6.546955285866379315e-01 1.488994224200242966e-01 2.681805571532820398e-01 4.875811040413935427e-02 2.340895132324473105e-01 5.172302411224833918e-01 4.490114987024563797e-01 8.950659942180128059e-01 7.464608924894040598e-01 7.149769292936252185e-01 1.664528620558904937e-01
9.449850529970098556e-01 1.621697147102618697e-01 8.367250370410463933e-01 3.525633698192700560e-01 5.106028188468545448e-01 5.981454543565296600e-01 2.634754347050801693e-01 5.420215897504979674e-01 3.136270875578703876e-01 3.705713153731393650e-01 8.503098175108466661e-01 1.785292268935084747e-01 8.203272986065214267e-01 6.286302582089475788e-02
2.406633303081424646e-01 9.678396164440156157e-01 9.226359812616268252e-01 3.224546245261408206e-01 8.021041292758022134e-01 6.130732514033344627e-01 2.158274305906354718e-01 9.517493903398888122e-01 7.771625632615141166e-01 9.197238426705734993e-01 3.248987610653272240e-01 9.782747091410765039e-01 9.140207584903824456e-01 2.724579795243022851e-01
3.849864552985408084e-01 7.967920309560126979e-01 7.933091187718183113e-01 1.639690880411890372e-01 5.337648530462454355e-01 8.526762347419825083e-01 1.090953344756900867e-01 6.655190408030149385e-01 2.254575087559166358e-01 2.437099769673312100e-01 3.230998692422795138e-01 3.667247919251159782e-02 9.524145851540420926e-01 1.203100072262696107e-01
6.380951666515866094e-01 6.609887553427423734e-01 2.920096077398889323e-01 4.432069534934316435e-01 4.118446268609261551e-01 6.509138973711104947e-01 6.553208736396143319e-01 5.235981797023181450e-02 6.976289513318560953e-01 7.331112405389674791e-01 2.950940479541168671e-01 1.230349534755674767e-01 4.884946108498730011e-01 3.608911758369897083e-01
1.866020478415177930e-01 2.265421490377765856e-01 9.253316952647565596e-01 5.139887777629033039e-01 2.008814814041272045e-01 2.451040025135363676e-01 5.616533036995501327e-01 4.112236730316199962e-01 6.417471105281125077e-04 6.252705197592389741e-01 1.026152784287036601e-01 9.411074062595893297e-01 3.999549728762350487e-01 1.251013184366112085e-02
3.190456187813395239e-02 5.944790601956073672e-04 4.746289206526383975e-01 3.698844360135338238e-01 1.318622155457235268e-01 1.689260101540951409e-01 4.727410647061974780e-01 3.448134033661197639e-01 8.071753057847794732e-01 4.472069546360615266e-01 2.345002709745442893e-01 1.921887828708912505e-02 6.490019029125470018e-01 6.254038911610791951e-01
1.462137923308060028e-01 1.555366562859625823e-01 2.926825600966557195e-01 1.292985329233707903e-01 7.750929668247605875e-01 3.839487931904778106e-01 4.232926347988564819e-01 8.138633000451460653e-01 1.972576115913342587e-01 3.238379061674722115e-01 4.814973138955992438e-01 6.051359222571714991e-01 8.679422785125957551e-01 2.703952470425752264e-02
4.555392577356243144e-01 3.733826328553179197e-01 8.268779784789264120e-01 9.379012181618833210e-01 4.317952961887947527e-01 3.627461269807671362e-01 5.073786715019622529e-01 5.846389277589777445e-01 9.436282667221139731e-01 3.298789250745375323e-01 8.571372512565872404e-01 7.486439200783474579e-01 4.100343685944736194e-01 3.961773796945681214e-01
9.801006547161531524e-01 1.102355081782990798e-02 9.290491405763168231e-01 1.654310146805479942e-01 5.443165967629056690e-01 5.489550019691337157e-01 5.126165350558739009e-01 5.319858294097286056e-01 7.222522781655239532e-01 7.093667662400109375e-01 8.824110630580030978e-01 8.262719985737284611e-01 9.277100866151528624e-01 5.823383943851861977e-01
8.138839399748805103e-01 9.489815479611867222e-01 4.675194104078280732e-01 6.862643476149140609e-01 6.205778949277979128e-01 7.326787758747621560e-01 4.202873319459488055e-01 2.012010712676561841e-01 4.476444940720213372e-01 4.486938033193965669e-01 2.351194952961056517e-01 6.966182957830713285e-02 4.358994042212447351e-01 7.646697303106786414e-01
1.002660966147440602e-01 6.115329668625647530e-01 8.245121471646489342e-01 5.342431369469804459e-01 4.171406915073517796e-01 5.606037854812107035e-02 6.570368708522839052e-01 7.019314399604219545e-01 1.108568276825483423e-03 4.752807494072708305e-02 2.630289342700707911e-01 3.026766323410083892e-01 8.701385438561474173e-01 8.315338042576151389e-01
4.530604625234982974e-01 3.265379087331282681e-01 7.044246367864981373e-01 9.634107607393386230e-01 8.466685047099131722e-02 5.148877456544496134e-01 4.284048508682647416e-01 7.366046330629248962e-01 8.032098679744004155e-01 2.990694914574362206e-01 1.829914057720187781e-01 9.432591508667154123e-03 9.387410623468214199e-01 9.706312634324499866e-01
5.554204239942328591e-01 2.539259503666598805e-01 6.716149804799240730e-01 5.903976455496046105e-01 3.839338458856949021e-01 7.683278322786296632e-01 3.732673242881268116e-01 7.316203783291322926e-01 5.362181551930056411e-02 2.009687172159904112e-01 2.922200249232165259e-02 7.899093227163057618e-01 4.199482985213583985e-01 6.521826172745925909e-01
4.500275645932030333e-01 6.579874946069211861e-01 1.284449894511638934e-01 9.808514993492718492e-01 5.340808845735359744e-01 6.388781790857142040e-01 1.383016438225462830e-01 3.620449177658485729e-01 2.555841516913806011e-01 5.314705491835512996e-01 1.029661104787321646e-01 3.523554123704863983e-03 3.970527751921073545e-01 7.362807198203512593e-01
8.360017790256921710e-01 5.541240831036200465e-01 3.696487090294970912e-01 6.404440971341706090e-01 3.374085709062148997e-01 1.488629119616989849e-01 2.378216714135934495e-01 7.160080761917254621e-01 5.611128661970575804e-01 1.442948568472447457e-01 1.822840380261500082e-01 6.636021389475346144e-01 8.046578934936220451e-01 2.245298588420132635e-01
3.060486006727696218e-01 2.114954413529195332e-01 3.145393628614423509e-02 1.147079134962044611e-01 5.676714777531226552e-01 7.752067066692791553e-02 6.874227540822804849e-01 5.587548564184252609e-01 8.025353165908214459e-01 5.411575404775437192e-03 2.184470167341275859e-01 8.353607949346089079e-01 9.645849416618826888e-01 8.448912824306995528e-01
3.267651484349349822e-01 2.598882557105781643e-01 1.439370786183923334e-01 2.613568712563935081e-01 4.491640059000358010e-01 6.931010097345555732e-01 9.486146748713005783e-01 4.442540147709550524e-01 4.112879170791623462e-01 9.340427712520960046e-02 2.452314465606816318e-01 7.254201189516598092e-01 3.470579822575814433e-02 9.099916718240882441e-01
4.944986328487488425e-01 9.225233461722410766e-01 4.015174347080024964e-01 9.827908643654083010e-01 1.390203553527987745e-01 4.957430605848557326e-01 4.095362051154928240e-01 2.659514906429649717e-02 8.937508736576440516e-01 9.997645403022992205e-01 9.820835646580809986e-01 8.004350011647519691e-01 9.076415832209441259e-01 7.119535732814139539e-01
9.269004094950324957e-01 7.707427569001353840e-01 7.477638676450871769e-01 7.938306096410605583e-01 6.075515322101151527e-01 2.655406308273455807e-01 2.594128144488002663e-01 4.333064756575584209e-01 7.830855546789750044e-03 8.509365946665418123e-01 7.442220576206708404e-01 3.012496250236140760e-02 1.021742432748530272e-01 2.651165078042301282e-01
7.111294996271982916e-01 1.393934555859526192e-01 1.556344040649126903e-01 4.836792528091422572e-01 1.120630572836390781e-01 8.695211829380092849e-01 9.420725839686363567e-01 8.494867495860215501e-01 5.390793231708892463e-01 7.351491757817463224e-02 2.113630749024014710e-01 7.868749037578633976e-01 2.968061184120484031e-01 4.514749526824344272e-01
6.054780115284784658e-01 7.243245052585868260e-01 7.813594176066808172e-01 7.666206267741043634e-01 6.062627277879113485e-01 6.058122684665304680e-01 8.436192369394432955e-01 1.640125301505596100e-01 2.265182568319119571e-01 4.507587470245115746e-01 3.652850052070951703e-01 6.808244732747381622e-02 3.364891201933817300e-02 4.760034394116412493e-01
1.508730721709767852e-01 8.588950683528031593e-01 1.077923555609368034e-01 5.839508621324365212e-01 6.613681979398707833e-01 7.331196628413938488e-02 8.747072013562987580e-01 9.510481959565959542e-01 2.785205560913650569e-02 9.582361946441564360e-02 1.023004484192037156e-01 1.754649765777733794e-01 7.535399870134903422e-01 4.297726529141332463e-01
2.710072912157100999e-01 2.565761392694535514e-01 6.086688176548917806e-01 3.719254805734054647e-01 7.060812866866590376e-01 8.469015296669124560e-02 2.204800513147285868e-01 5.216984849730454954e-02 4.378326118537589906e-01 5.196816022789574330e-02 7.680175404764381097e-01 6.302895215762075454e-01 7.900764844173280288e-01 4.715511448210918388e-02
6.013644127146892115e-01 8.431516335512589944e-02 7.271796077535175318e-02 4.064236537286768369e-01 9.157699673172496890e-01 6.333750412078149594e-01 5.421741450422195019e-01 6.954484007768547693e-01 4.510495151818929571e-01 3.221527967960020611e-01 2.908159186169140265e-01 6.536192339313596777e-01 4.701257565213861067e-01 6.754640298780163477e-01
1.678006453110016949e-01 4.122724514091946624e-02 4.413362550112036597e-01 2.474060112656377708e-01 3.908753537039086901e-01 9.728975493671585539e-01 1.083332970381412075e-01 3.047759463208704611e-01 1.064359311147095033e-01 6.591864218598363356e-01 8.252053502981077093e-01 6.667383758881552103e-01 6.614922606235780211e-01 4.037291591274674296e-01
9.769601496698901988e-01 1.496364808492122167e-01 7.455433761407899151e-01 6.835967278436727579e-02 1.990352276373035245e-01 1.229853016706428104e-01 5.255458391765156501e-01 3.305265513344206596e-01 4.897225975547765398e-01 3.135711519134393166e-01 9.889068409955983352e-01 6.439027516134108176e-01 1.793641978161863992e-02 5.740962264120964553e-01
8.603264793091616180e-01 6.460364286645420284e-01 1.666370263599273871e-01 7.518209168861850200e-01 9.178759331428184565e-01 9.467651555438777455e-01 3.923777615306545119e-02 9.905436470534751958e-01 1.695627526768488380e-01 4.563498383463503449e-01 1.500642512553391761e-01 2.505017381591911896e-02 3.776758332954386344e-01 5.298408445143475420e-01
7.402557713629047687e-01 1.042732847091335513e-01 6.285122393738772351e-01 4.924733437167712058e-01 7.186393594635422932e-01 4.292144590021680362e-01 5.031992861067371425e-01 7.636457956349754772e-01 8.884835828614203734e-01 8.641305312136369210e-01 2.949184553336581249e-01 4.308971325140253938e-01 1.647307404140423426e-01 1.887368171519965276e-01
9.757013184237405268e-01 3.116944763616205094e-01 4.358137452724625271e-01 4.598060008398421328e-01 6.261543458552800701e-01 7.364085532900088715e-01 5.762853556201313898e-01 1.755240353068944215e-01 4.788543823536716149e-01 8.801930870841259136e-01 9.855378317175235159e-01 4.908173339846949590e-01 6.614602250732037891e-01 1.290820601108433330e-02
1.574119792521090355e-01 5.793240607441468848e-01 8.427901865463424125e-01 8.173566563561904808e-01 7.300520345769294650e-01 2.368205353172370131e-01 9.571252108730499142e-02 4.879330847246123870e-01 1.048795503856876365e-01 1.918185402043670607e-02 9.386308748975480398e-02 8.589129321499983094e-01 5.335254675981128125e-01 1.458542224655302588e-01
2.858530798265140893e-01 3.207577002858487125e-01 3.681086485930800123e-01 1.787380186428469964e-01 7.768976003197490821e-01 5.532350801292084119e-01 7.849593513155707081e-01 8.367471959486494359e-01 1.529474789173893567e-01 2.634969370066805316e-01 9.712140603456285159e-01 9.006464094791292174e-01 7.567163144652823137e-01 1.290520129864592969e-01
8.597026706531281093e-01 9.316699713686249495e-02 7.076883624089669311e-02 4.755382444165998646e-01 2.814085524084262158e-01 3.583062253096845895e-01 9.129459031183179141e-01 5.858937496961513780e-02 9.618868014381907194e-01 2.835680345511510936e-01 3.938917371568508852e-01 7.815689315888519895e-01 5.717548059479061751e-01 4.093531463980771834e-01
9.339592858083304305e-01 9.567362542240760437e-01 7.252464363858486252e-01 6.041327849849980058e-01 2.118567775317924395e-01 5.344249279341952708e-01 8.040548769578378385e-01 9.216452293114539840e-01 6.246964347952658203e-01 8.330707931799796739e-03 3.887035279931465581e-01 2.730589295895382573e-01 1.702114399011389612e-02 5.303252242710201347e-01
9.236456506073298378e-02 4.837562697456398997e-01 8.642131085404596291e-01 6.272939257967981019e-01 4.239948064433373132e-01 5.872038123243317198e-02 5.282576803896643636e-01 4.868295329695150331e-01 2.501050753738239818e-01 2.450086263717020651e-01 8.521389698154128167e-01 3.054226163279385453e-01 3.384397895838685555e-01 3.115906304139430816e-01
4.088826921873823794e-01 8.055171806232331866e-01 3.560099572299741943e-01 5.124493251279491624e-01 4.908546569958208705e-01 9.685912611378207915e-01 7.479472811756414652e-01 2.854247277661281501e-01 1.260677836769039661e-01 8.652883205561533453e-01 6.472477365855744402e-01 6.864905908157652448e-01 8.603378155787220205e-01 5.568355933805703151e-01
3.658905771619193059e-01 3.610482602750663128e-01 7.198783210425745427e-01 4.744561094531738465e-01 8.645442990965342966e-01 1.498086653066302842e-01 2.628493693299640555e-01 3.772680240118994055e-01 8.170602387661888288e-01 1.494226652281829271e-01 4.331318852309792300e-01 5.702487750246718612e-01 4.866350259132401490e-02 4.545907941710403133e-01
2.506295510710186969e-01 4.607630181442843309e-01 9.865728682177857811e-01 1.760935969644071841e-01 2.585194701546537077e-01 5.219171098283852395e-01 3.209162133192187127e-01 5.780231025647755150e-01 2.860411485495040207e-02 2.272850888823366722e-01 1.656411070973893285e-01 3.523515609147860328e-01 3.598008742364670054e-01 4.103655429944671473e-01
7.376479665186889134e-01 3.183251253273319259e-01 4.587783367592591643e-01 4.734749685178856193e-01 5.103840903572631760e-03 2.287643068672675639e-01 6.831033621731540384e-01 6.020077506308063597e-02 7.172482795411488921e-01 7.958642025028707101e-01 6.246397399423342378e-02 7.688675347182754027e-01 5.140284293120845893e-01 8.520972344452507619e-01
4.713753348740685745e-01 6.091680814648519071e-01 6.503308525535556051e-01 5.487443461530129296e-01 6.588574569249832091e-01 1.610751950162931934e-01 7.265691955562892934e-01 7.321280399926884952e-01 2.356515019785051512e-01 8.595327241396063522e-01 1.929066420335924237e-01 2.846003314866363265e-01 4.954508051487772624e-01 2.011424356710442840e-01
8.843775369097207628e-01 3.037492389291487349e-01 4.093723272250711087e-01 1.679935041823625852e-01 8.364354060173346816e-01 7.976281855170272994e-01 4.045080460332539651e-02 8.043378732580239721e-01 3.043557825485213586e-01 3.709736684565902998e-01 2.585652572036064578e-01 7.188591181067541802e-01 1.541614189486106845e-01 5.593858064451876499e-01
2.246829958322258403e-01 3.395355264460246936e-01 7.125450231954532088e-01 9.233231310649847590e-01 8.033181904728364797e-01 9.020107393260329287e-01 5.672000212230864369e-01 6.115941935274867847e-01 7.245550705144476744e-02 4.596624839742253776e-01 6.369302397916718483e-01 1.233193353336685671e-01 6.504835466969063340e-01 6.186663568866374030e-01
1.255016745332127037e-02 7.027014333902668053e-01 4.841436410745328933e-01 1.854473285899660429e-01 6.958796772506493644e-01 3.776664723973696125e-01 5.519014380353004512e-02 5.299362809444581046e-01 9.321708726017490232e-01 1.569935574209774254e-01 1.819838984500754542e-02 4.169049208598281098e-01 6.104942774439530151e-01 7.119128954378985963e-01
8.050631959785012892e-01 4.174744995801913383e-01 9.954228430295428698e-01 3.823694257369573135e-01 1.833237543077440579e-01 8.710561082875298844e-01 1.305354340063165086e-01 6.541124335691770320e-01 2.159935348850353654e-01 9.849249641498768471e-01 6.168094345018377833e-01 8.784485100398076174e-01 3.523054934608341737e-01 3.745242329292015615e-01
1.685668302314047295e-02 7.503482640873678777e-01 9.204966927682151079e-01 8.468225532495062824e-01 4.493285033026518382e-01 8.021620684303776283e-01 9.715433774180124438e-01 3.757718874368123352e-01 7.739671560346857992e-01 9.045293071291475862e-01 3.577214265141988037e-01 4.522905608527261201e-01 1.357498954148009807e-01 2.244271753119239099e-01
1.839571259228833799e-01 6.003179476220975586e-01 8.001957696033270562e-01 5.379007639969062282e-01 4.759850126980991192e-01 6.704851744800278679e-01 2.128971640791788023e-01 5.416615534629473094e-01 9.684822484871209447e-01 8.680855909324632913e-01 4.622657085621203477e-01 6.732593623048961362e-01 3.018985619323001357e-01 4.165971651074374948e-01
6.642942593548875063e-01 3.306829281774410489e-01 9.139740362246551175e-01 5.406757630690978145e-01 6.637171349030239753e-01 1.038796003456869954e-01 9.447197839786510842e-01 2.430242456641873439e-01 7.268439320704938034e-01 9.184163122997229811e-01 8.476958391740603282e-01 8.898108732480646266e-01 1.997583505040549934e-01 4.095064730750308524e-02
1.048773392915401947e-01 1.064201180812891501e-01 8.969968519716231548e-01 3.245812569270005721e-01 1.938586403120362567e-01 3.512811350444543512e-01 6.908242355921706546e-01 3.201933805207615169e-01 4.057478315963010118e-01 7.061577105801150056e-01 3.823518910690237860e-01 2.100355498679107313e-02 9.608087369795608179e-01 2.207061114380285405e-01
2.214578455740550122e-01 3.504781850594331782e-01 6.135143910913654075e-01 8.495484154088651652e-01 2.243513700887931339e-01 2.888593453184264970e-01 1.014248083102395892e-01 2.774488826948137143e-01 6.631234561483103640e-01 7.908948547578951160e-01 7.084658863289773345e-01 5.856515366800009170e-01 1.105878551346666239e-01 8.103674097217560268e-01
7.899050975348351766e-01 8.045030098592517165e-01 5.264586060007929724e-01 3.006411304303948651e-01 7.756117122523809027e-01 4.794015890871077268e-01 7.339690603605449892e-01 2.070877819691241406e-01 1.079946612426920804e-01 2.001854364866676450e-01 7.016955924059591343e-01 8.671591227007586777e-01 5.632376352817014542e-01 2.559229616351732517e-02
4.918103630629582224e-01 6.749167368104249665e-01 8.183900073279914977e-02 3.901367087588758498e-02 8.703053189503678899e-01 9.746719524019511471e-01 7.931171735989409610e-01 4.023146143708221656e-01 8.845792178433701247e-01 4.415330169835693930e-01 4.777814088074019416e-01 8.431928314512000533e-01 1.656461973672104238e-01 9.959081404911351854e-02
4.468578117923914794e-01 2.981905730725935566e-01 4.065663603440983209e-01 9.314597384482425912e-01 7.613219129376244121e-01 5.424336982859877532e-01 3.368734124659371609e-01 6.766259170340042095e-01 5.246087727425237102e-01 4.373141784968178625e-01 7.241863405712321011e-01 2.541223293107617298e-01 6.161119796666610915e-01 8.219480957520343134e-01
1.804989033388911812e-01 6.686569992497921611e-01 3.493191538896616155e-01 5.151703225166781586e-01 5.813185836870634615e-01 5.043366261385980875e-01 7.715050050103140489e-01 8.094703243496614853e-02 5.839824835826019633e-01 7.090714032297569247e-01 4.566449934801769528e-01 1.903914394267571808e-01 1.809490976955572261e-01 6.070891013160316652e-01
8.870607140107177324e-01 2.601630936428251939e-01 4.770652013494403043e-02 1.275794613848650894e-01 1.285025188561856879e-01 4.798802381727917954e-02 3.288740176350135602e-02 7.188914508243924306e-01 3.014053314041731380e-01 3.448845047880765291e-01 7.995946111042430138e-01 8.259764051968391252e-01 8.438616691698441752e-02 5.790772223125985052e-01
5.429589849060594275e-01 6.292636330049830029e-01 3.398658232624633957e-01 4.727090995496042725e-01 8.116992554277046024e-01 9.872141494020831853e-01 4.808691443201887905e-01 9.759783088384055283e-01 4.186036626581474129e-01 1.424060783546136078e-01 8.435058162238773249e-03 2.801465931993606384e-01 2.069901683843522466e-01 7.965421794331033478e-01
2.230928717518578797e-01 6.886134697713310882e-01 4.101337673673425277e-01 3.877439040015757676e-01 3.852972052116058199e-01 7.187859691819886709e-02 6.383906819476659056e-01 1.516343183262074401e-01 3.461591322416212035e-01 1.079567559459964077e-01 6.971197726054634281e-01 3.625890919622987152e-02 7.353333056126376555e-02 4.360690413897092554e-01
3.754298964790846460e-01 3.160888254865523717e-01 1.342154704943790966e-01 2.037634333095471595e-01 4.328245602775682155e-01 4.958465754418386329e-01 5.464165699036368506e-01 3.599270275385720863e-01 9.503974774387780045e-02 8.905647684660382701e-01 1.338297554933486344e-01 2.353769472835286480e-01 2.120781649025964555e-01 3.956626694828051516e-01
7.677640538415748672e-01 2.621018302054108906e-01 3.486127576614058698e-01 4.944794768658883344e-01 8.548581652335034420e-01 2.616565184812736922e-01 5.282434349413031027e-01 6.635521014342637969e-02 1.276783753647942055e-01 3.441056229265594402e-01 5.316149858054554089e-01 5.163651080550163419e-01 6.513748649609771846e-01 3.099580499684445600e-01
9.830777265937864495e-01 3.123702729402446643e-01 2.579823516747343781e-01 8.392462912564583322e-01 7.337868265765911113e-01 5.080922898736998095e-01 3.216079274545622368e-01 8.635090456389640234e-01 6.343878653201917572e-02 9.940666248827322304e-01 4.051678502858687692e-01 4.186026750242556327e-01 5.287349945493242664e-01 6.710581748064993191e-01
4.675540730411786861e-02 1.458092630532425993e-02 2.054673154958617243e-01 1.586507306521051097e-01 5.536474752166244961e-01 7.397668262249523785e-01 9.063629965030192137e-01 1.153883630456986609e-01 7.205282867864823970e-01 9.963707490809555756e-01 1.679615045409843521e-01 4.508261363679382239e-01 1.950577535147899333e-01 4.655148534097705015e-01
2.403935669494526861e-01 9.664002869523528050e-01 9.399605967792770134e-01 4.203822373387755551e-01 2.406723570303470616e-02 6.133259674074593715e-01 4.340332972312418436e-01 6.166847514827756838e-01 4.781743097495587680e-01 8.355271802638097878e-01 9.471494622212194292e-01 1.688485522451731446e-01 9.814058122520055161e-01 6.356383505214199259e-01
2.067553861593102171e-01 4.924925166006142163e-01 6.939589879650087667e-02 6.539299181999025379e-02 2.397738622526047747e-01 7.118070926431693257e-01 6.249731945505155872e-01 4.189426437222407706e-01 4.283146971969349348e-01 2.339498261430987824e-01 3.468076678231977183e-01 6.213260398779620886e-01 3.061971776677823165e-01 4.464537207077756698e-01
6.912630477795824735e-01 9.774934824480792095e-01 4.253520327704620740e-01 3.276714443736551408e-01 5.484136878939486204e-01 9.978056338790652902e-01 2.809568335781678083e-01 1.160116266562136733e-01 2.658824480315304939e-01 9.391379333812303054e-01 4.500634593082871726e-01 1.911986310207851592e-01 6.875941021148279653e-02 9.276278480999331499e-01
9.793133605666918262e-01 2.217285564280213617e-01 1.183023624892401982e-01 4.554941695272015645e-01 9.659907397665822293e-01 4.032475816741575292e-01 2.861212954994420965e-01 2.862119743963325025e-01 9.475157720407102468e-01 4.455246403020515222e-01 4.205418762002617328e-01 5.474605725803325385e-01 6.228839465972100253e-01 5.777896474903806423e-01
1.454805347579193331e-01 2.693005504212475643e-03 9.433160960051872879e-01 1.040722245757249587e-01 2.381013030032396172e-01 5.998201089291899102e-01 1.165511093818952792e-01 7.026642408162779851e-01 1.158282298986313963e-01 6.095450359201066703e-01 9.937253622332707925e-01 5.131231996566376630e-02 1.845643724405778840e-01 3.011531190128579061e-01
8.193761954633512756e-01 5.760661759482065269e-01 2.101930047235072152e-01 9.181155423403664084e-01 3.947561994807079477e-01 8.839797400442747088e-01 5.474551506776321741e-01 7.854887481850720832e-01 9.426755580939192303e-01 4.436307167613350311e-01 2.521354109060833792e-01 4.976784768030053652e-01 8.777203797799404406e-01 5.187535637220538343e-01
6.215903118913307379e-01 2.633348563967723432e-01 7.212128835783470082e-01 7.296095622226510535e-01 5.537707188130608360e-01 3.147732473054459801e-01 2.733811978704575596e-01 3.248447565687200278e-01 2.926383342842977520e-01 1.913926077599753528e-01 5.602586124898024655e-01 2.957976016518794049e-01 4.911370431189026053e-01 1.321306745723279663e-01
3.007043656935831644e-01 8.047468473631835817e-01 9.882206760040419535e-01 7.766788100174848442e-02 7.113280741954022268e-01 1.286179593340536220e-01 4.567891656434056591e-01 3.046013365851640842e-02 8.332150937676896518e-01 5.770341681102743037e-01 1.677638360668005646e-01 1.611671510493826176e-01 9.748559735663530068e-01 8.045388059929607927e-01
5.815584891271849965e-01 1.735165806278500256e-01 5.491651630495503200e-01 1.565442215452231833e-01 1.746140769974515727e-01 3.242027559748633658e-01 5.844949606894090932e-01 2.281859483191777116e-01 6.836943149123545505e-01 1.354571050804103116e-01 8.695032827663191632e-01 8.399357061846196570e-01 2.743589857199042470e-01 8.957133157748303764e-01
2.525378669341939997e-01 1.907510925492090781e-01 8.981322081803200241e-02 7.187425377683455130e-01 3.868888634462867016e-01 8.431903631907398111e-01 8.928368787398547335e-01 4.361977087767254790e-02 2.189883035426409830e-01 5.496253830244072214e-01 7.459345475187212360e-01 3.632766539386582672e-01 9.090554144733979935e-01 3.125908242545855087e-01
7.966279422077955363e-01 4.195483994288428109e-01 1.697924877060121851e-01 5.680300897874559496e-01 3.311503411690843723e-01 1.704333621010595268e-01 4.076625728953974237e-01 3.132014493127301957e-01 5.484758458917661228e-01 6.389217447195733035e-01 2.553764485295245690e-01 8.099153712983222508e-01 6.972002528736086502e-01 8.347080955279834180e-01
4.816105873354237232e-03 4.277116791932537021e-01 4.922264957809708852e-01 3.968761682671668733e-01 3.717533710940008618e-01 2.671663765163493354e-01 6.413375863461100446e-01 2.873541179102311327e-01 3.801847332335891450e-01 5.578228507542231096e-01 4.785859323453258707e-01 7.410864159569519050e-02 4.861386945128639558e-01 8.183353333639090676e-01
8.596520518311672188e-01 6.993970351986278366e-02 5.014734319226107351e-01 8.268843687811977539e-01 2.893233180210734723e-01 2.565907875948315597e-01 5.876169767044122638e-01 6.785424669975633760e-01 9.474806462168428034e-02 6.118011444617394989e-01 1.706627488781711222e-01 9.972421990376937329e-01 4.765401515650163899e-01 7.348207330908083090e-01
4.411913038212914584e-01 1.947707613135573057e-01 4.019020499855820994e-01 3.001461466719360649e-01 1.982882284749782897e-01 8.560751876227167267e-01 7.587555735030653281e-01 9.417343324830508289e-01 3.029018265194731718e-01 5.258817525676737770e-01 9.514149573185821662e-01 7.397666940744064279e-01 8.836537415567936593e-01 3.749097256506128684e-02
4.533406159419699488e-01 4.078134014333210100e-01 6.173368488748242067e-01 1.757247489614457425e-01 8.535720318743800217e-02 9.675675482982655229e-01 1.211522117144280264e-01 8.340964508715642545e-02 7.757941237953005498e-01 5.508468273600733989e-01 1.192489006641187510e-01 2.173721503408726496e-01 8.763190097317719029e-01 7.368206228882768771e-01
5.807895803551174074e-01 1.227728597746354788e-01 6.513320492572074460e-01 7.809231978904657145e-01 4.991077872078164557e-02 6.454772772159227401e-01 4.838542477856899726e-02 8.441578939488206812e-01 5.543488188795565597e-01 9.922026826648676634e-01 1.874910968028357106e-01 3.345993276694163576e-01 9.120792075941621668e-01 4.424031113373780855e-01
7.214801797040381048e-01 5.266729145325200756e-01 7.507082473620485530e-01 5.341317993609986381e-01 3.691598690827960771e-01 4.911262138490050111e-01 9.703350471641489783e-01 4.668319196052194142e-01 7.753721620868659903e-01 6.853876166878570819e-01 5.937690370487418434e-01 6.986390664317442267e-01 1.063502203876995900e-01 7.628912563887826348e-01
2.983022515443691791e-01 4.304009906552903608e-01 9.293066457204350872e-01 6.827634193494757087e-01 4.464118105487128174e-01 2.205787671009951101e-02 2.163736557136451966e-01 8.810700711271011176e-01 1.672337313109073520e-02 5.848240488395201053e-01 8.180914188474158744e-01 9.468075510794017324e-01 8.861099912459804440e-01 7.089490203424869685e-01
5.487938956364883936e-01 9.768557243915798605e-02 8.149840824007650308e-01 4.823262232887067791e-01 8.164990976344159712e-01 2.802135021149905203e-01 7.729681088989471816e-01 9.792027783103885996e-01 7.354915421767515005e-01 6.250941973265475848e-01 1.273832156617067390e-01 8.131146462907130612e-01 1.529145869166365079e-01 1.772484483132176214e-01
5.225327391189809045e-01 4.914217550543924506e-01 7.097308350518966025e-01 4.130265911181221217e-01 2.531948874217920809e-01 2.470680885496778778e-02 9.240599712424842904e-01 2.753741899385252490e-01 8.436822167736454103e-01 4.191965365189654902e-01 1.831489493335136665e-02 7.105561915822130592e-01 9.215161976456683890e-01 2.983412728214662746e-02
2.014538264018491676e-01 8.358144762131471950e-01 4.950183097021138012e-01 2.671456437207719858e-01 8.508371509462674398e-01 4.922689088800711321e-01 5.464198543949391196e-01 7.534232244418507252e-01 6.932531775246231209e-02 3.192326712973320157e-01 2.431654536215686058e-01 6.317159879703676539e-01 5.326883507898003689e-01 6.130299521969914123e-01
4.025402235494758285e-01 8.321927432036267946e-01 4.801846202287578524e-01 1.888451246228997071e-01 5.691289140095475707e-01 3.408465383856604802e-01 3.364513504362275365e-01 1.854961115421722706e-01 5.352825276945668564e-01 8.311389038039039834e-01 8.153582685528211194e-01 3.928313877012563626e-01 6.740410433214599761e-01 2.479988878258360119e-01
5.388281295304464535e-02 5.377827556216568938e-01 7.138296072487857469e-01 5.123194982796103192e-01 6.870114170351123706e-01 2.306172751466325499e-01 4.936369739068644513e-01 8.893844549132029487e-01 1.823583774379052835e-01 7.993006710905079526e-01 8.657893061586965366e-01 1.395118516977333911e-02 7.682942351666435243e-01 2.323466532425425557e-01
7.045667123364529605e-02 2.172988498982075800e-02 7.709777883909522123e-01 3.962300033391084053e-01 6.635941843914489047e-01 5.202413313009366380e-01 1.510028663933591364e-01 7.434812897559185396e-01 2.917571622483723370e-01 1.274899926122146088e-01 1.658533931717506293e-01 9.732495493490044280e-01 8.125649070614171521e-02 4.133081236673800118e-01
4.625383120432058348e-01 5.296407369981761537e-01 6.885044106852870049e-01 3.054152442093127640e-01 6.464164422391075471e-01 1.706010928452063036e-01 6.351268914808566590e-01 7.014199063954884572e-01 5.808203372793038222e-01 7.522400322296102226e-01 7.760454913912171460e-01 7.399897661056544784e-01 3.480201138405600858e-01 9.124942714612338523e-01
