6.578326217442540536e-01 7.596475022276460987e-01 7.229347243330104256e-01 7.439919793203120246e-02 9.020342603577817808e-01 6.659527715116300151e-01 8.941145102730008176e-02 3.189044946712585871e-01 7.332317513821189348e-01 4.515920027733670850e-01 8.880187402229932081e-01 3.941164614599917959e-01 2.607851808240913005e-02 8.575321817881601527e-01
6.805654469060505862e-01 8.424584641227838011e-01 3.453576256981665260e-01 3.210019283516983846e-01 7.144819015233092596e-01 2.561998120892484687e-01 5.404144963443248129e-01 5.121769816701357003e-01 2.304486351877291783e-01 9.631247619490226342e-01 3.542670588031651135e-01 8.897121766236626428e-02 6.966884612897524809e-01 2.879947907206347191e-01
5.101399134022910342e-02 9.280943194593817003e-01 2.134245848702018833e-01 2.491500133731443523e-01 7.681948980025355977e-01 5.133538918693344444e-01 3.050137584461060092e-01 8.465939424392195933e-01 8.239878355938082821e-01 6.020689434689784347e-01 8.268315578120812859e-01 5.461627160966620043e-02 1.595335525760840367e-01 3.776074821047843422e-01
1.292550116015753758e-01 5.462431572786363709e-01 2.999082764644702692e-01 3.943934803972580783e-01 8.197507150171730039e-01 3.038859617595554008e-01 1.218685407959247957e-01 6.151563798872918820e-01 5.908585741893846999e-01 7.256725363471354662e-01 3.531173707241727078e-01 7.264617217035742591e-01 7.638823399882170850e-01 6.113500397812272613e-01
9.493692583351964753e-02 7.511706019454089667e-01 1.495486858134147390e-01 9.200443561740619947e-01 2.671197200355361900e-01 9.780252963544192601e-01 5.686540119001981530e-01 9.442944027376538596e-01 4.335335176543316793e-01 6.479770717735459096e-01 3.774512421771545334e-01 1.029201304105704651e-01 3.509499166716546492e-01 2.680577014949026005e-01
1.502547145924787442e-01 1.101324360779648570e-01 8.585327327178032819e-01 3.880569822671685598e-01 9.297000969076119059e-01 2.064491693403891492e-01 6.384226316353773800e-01 2.090913764275459386e-02 6.119037575566321774e-01 1.828874646388432001e-01 5.706777059684330355e-01 3.517168111022228594e-02 7.633121708919681225e-01 1.580369055723386262e-01
6.757735442701903184e-01 5.321619183120760432e-01 8.765731027233093497e-01 7.433340366351182116e-01 2.133064985255249679e-01 8.753891057239792106e-01 3.530873326359640352e-01 7.486486628046403746e-01 6.459813859673646519e-02 5.584587233643645288e-01 3.730502760281987351e-01 7.715909223329908695e-01 2.293719279303148006e-01 8.447230673988955774e-01
7.062749470742364366e-01 6.048089193908785521e-01 3.977761391963621218e-01 4.655998267754686282e-01 5.201566649072663084e-01 1.884505882064239080e-01 8.265806862797840937e-01 2.919649072566620207e-01 8.010250597541304085e-01 9.905889859300048839e-01 9.978592610878188607e-01 6.957548414305180229e-01 6.150897843490488182e-01 5.307402472055899878e-02
2.802422839312473934e-01 3.440218093649171083e-01 7.502823211334102016e-01 3.554894175269480705e-01 9.096406992222376697e-01 4.048922393051048729e-01 7.996908018443098509e-01 2.131299722737601821e-01 4.600233648001069708e-01 4.731944027289813892e-02 8.954236927729359863e-01 7.715686711936728948e-01 9.586905311218418824e-01 6.105196772570097297e-01
8.499622220451892307e-01 3.268004969471551835e-01 1.083056366930301717e-01 4.091913403645301983e-01 9.162376565171499454e-01 1.454651265918271985e-02 9.222519567627845971e-01 4.334641071666394119e-01 9.528865345991818225e-01 1.873573279628761856e-01 1.357854596235060773e-01 6.542204933588813276e-01 5.114589889841529846e-01 9.219920033798505443e-01
1.338532843773869718e-01 3.819644429122219798e-01 2.367603438159865403e-01 5.690409486705685360e-01 5.810335721962078814e-02 1.764427060044105877e-01 8.214347085660779202e-01 9.964714166963016817e-01 5.202266105561476062e-01 5.707917152715965559e-01 8.014681842544351120e-01 6.968976699015760889e-02 5.137326253094636197e-01 8.239543173282294353e-01
1.601815109371675927e-01 7.918589812230188985e-01 9.011089795054806340e-01 8.747013597600674650e-01 8.764669589343169198e-01 9.265927552608010931e-02 4.713887009605429723e-01 1.879501427870189367e-03 1.376794372194137805e-01 7.738913470951780393e-02 8.213761347587511530e-01 5.565133065725451633e-01 9.149705443295323981e-01 2.865677586682378042e-01
6.741651683918745697e-01 5.844384045161884478e-01 4.144399368183833143e-01 4.897552702670866509e-01 5.563673829089210709e-01 9.133795395186826704e-01 1.458022964925389520e-01 4.414313965430931574e-01 4.784429525377178472e-01 5.952090684305894053e-01 9.115918565569443022e-01 6.766248727542489849e-02 3.764684476240909294e-02 2.787518804336780454e-01
6.794901581305083926e-01 6.816068517237245938e-01 3.256231830330043042e-01 9.344818769202744013e-01 4.338113668284059310e-01 3.131656609958103354e-01 5.230211057658844531e-01 4.361480055585733595e-01 9.147663293402833462e-01 1.454522843196620618e-01 9.688746764868128025e-02 9.219065816048468420e-01 1.522296455294523954e-01 4.653366794626490055e-01
8.746069767155287833e-01 3.532690977428347701e-01 7.476483373509342778e-01 3.541708996959518352e-01 6.178521625886523871e-01 2.984192502877640596e-01 8.950199127416472722e-01 7.660162111618695757e-02 5.432593329136801152e-01 5.935692070550703248e-01 9.400553843679407828e-01 4.919245813531981648e-01 3.656851186349585614e-02 8.826335091079735573e-01
1.660236313396749042e-01 3.412615758125899790e-01 1.126486536424151641e-01 2.601584232637978999e-01 2.346887650375635292e-01 8.504071369484145215e-02 7.597037427757759032e-01 7.854545459327617607e-01 4.630434165012224934e-01 9.959017316896296990e-01 9.307630986722076338e-01 1.138185287477081475e-01 4.666277257630115916e-01 5.124218936585891448e-01
3.124156022759161377e-01 1.697484214068378794e-01 2.668087240717883502e-01 6.120344444994590960e-01 6.917582859308273324e-01 5.106373036720861514e-01 9.245133102678709802e-01 6.764828557937720976e-01 7.635824957041582595e-01 8.446905219389622133e-02 2.951912310748300294e-01 6.126177264106673626e-01 1.151404403750309058e-01 2.340503626304488716e-01
2.147716475794718693e-01 4.385100201755645077e-01 3.879495352564188426e-01 2.314727120813258043e-01 3.624874938128516133e-01 3.167860956448960152e-01 1.763256500258029158e-01 7.748077266685714504e-01 7.257685908028306265e-01 5.134950089194932898e-01 3.310956186346236674e-02 4.260107297626944955e-01 7.255617275865600124e-02 7.707465260337370561e-01
8.262364403665910517e-01 5.795515865225625562e-01 9.018444500766833460e-01 3.592633429129115097e-01 6.426833736923346363e-01 4.351141755888225937e-01 6.090888689011605406e-01 7.476114595321021739e-01 6.879949281772951286e-01 3.589054331603193093e-01 3.408211591127352502e-01 7.541987844556204967e-01 6.648597137617626718e-01 6.531963170414382125e-01
6.856800041700239490e-01 4.370576989448103911e-01 8.360296925954986413e-01 6.033770162235682077e-01 6.741985527592320171e-02 5.168219351136549289e-02 5.544920835743691878e-01 1.128967071330524430e-01 9.558526604662805903e-01 3.161031769992471707e-01 7.102385745526310634e-01 1.006731456408672676e-01 9.614689111676568700e-01 1.125041230510860357e-01
3.299327153063101870e-01 5.762522117961915713e-01 9.556031859394803485e-01 3.649073266205231647e-01 7.698669706904561760e-01 8.428181899543514266e-01 9.761839689984811441e-01 8.477902257316272117e-01 2.956500883743589103e-01 5.009295514607284838e-01 4.335674476602259242e-01 2.860281926098682259e-01 6.165265321320690939e-01 8.047748760440316396e-01
5.805098213974781984e-01 8.654501882459033624e-01 9.468793717217676154e-01 2.141841757487825681e-01 4.228707552939539038e-01 6.610036407258130797e-01 7.637962447960150447e-01 8.218927906547759399e-01 6.379789712368066912e-02 6.532014461346452583e-01 2.504943566936046473e-01 2.146951904444956982e-01 8.642498710965751396e-02 2.772144303233686768e-01
9.822342503263803426e-01 1.873096075863802668e-01 3.907180302904287306e-01 8.900530880443150439e-01 3.178154854313032240e-01 9.455487268970278469e-01 9.353173124673813676e-01 1.940200571261705420e-01 1.495404521250234264e-01 5.351610682086106463e-01 6.034406186067375888e-01 1.611015754106495113e-01 6.428830403240273217e-01 9.094657006303232816e-01
7.121804462876730746e-01 7.715637812900186798e-01 4.236564166800907971e-01 7.622915710713334958e-01 2.239207214019222070e-01 1.150796415674429918e-01 5.630895491569519740e-01 9.853906782644600293e-01 6.126705631527481488e-01 9.522134201914195240e-01 2.730810318744106846e-01 5.515759128406876322e-01 2.279040984828747396e-01 9.501024122857510967e-01
7.519197439335953970e-01 1.841992720231271363e-01 2.497459116867295492e-01 5.214314319588952973e-01 6.820771148906087378e-01 1.697095457584762990e-02 5.461210454122712443e-01 4.716923864054978210e-03 1.195303908013896077e-01 4.484239517239098083e-01 2.458972074477525638e-01 4.657933312620343713e-02 6.986213649944621462e-01 2.435193833729532020e-01
7.574442666289504800e-01 3.122425070963528171e-01 4.412026205664546508e-01 5.331637583856929652e-01 2.764637595605705656e-01 5.648205380695646705e-01 8.423582307333540298e-01 6.616658847395896492e-01 6.212027765989344141e-01 8.027774190672856136e-01 2.622908636527888637e-01 6.217814599554665200e-01 5.486460015088363562e-01 6.465232526286679438e-01
4.347934838774223376e-01 1.121043480958905381e-02 3.724759694945080080e-01 8.179428706357693146e-01 2.163318433052441314e-01 2.137172638487950804e-01 3.185710969542818738e-01 9.518239438968738586e-01 8.425577120644811568e-02 5.947810668637236731e-01 7.715024208139178441e-01 9.044700911116523301e-01 8.258350120958712903e-02 7.486851043676160389e-01
7.063386841557747209e-01 4.306379602259421402e-01 3.052571753523477538e-01 6.640897925664565049e-01 1.029981323060862319e-01 3.122364403548505418e-02 5.206257661912389034e-01 3.060598039663215975e-01 9.444464060412198769e-01 5.627574503550979435e-01 5.297383115273683885e-01 9.007556350935879141e-01 8.648314724102706963e-01 9.575049177200590789e-01
1.137263305406875924e-01 8.993146156266176305e-01 4.876416476727649663e-01 8.772794337699516554e-01 7.655945712994121077e-01 9.586159801316008755e-01 7.752284809143615840e-01 8.682192946812983259e-01 5.219637222242233809e-01 8.882297858585315176e-01 7.054896523122717866e-01 7.526858155250637505e-02 8.658191730898110450e-01 2.882106295840689558e-01
7.086064415345821876e-01 9.725295813078969065e-01 6.281409021876862564e-01 7.637171176027701680e-02 6.368735684473156855e-01 6.147380421491084324e-01 3.708811045443275445e-01 1.206814617240270504e-02 4.639792394192002734e-01 6.459416883295165945e-01 8.424193586268997613e-01 4.925460803181458402e-03 7.121529390126570824e-01 9.957318783204471835e-02
2.806736345282245804e-01 5.373020937614341186e-01 9.259542867926938703e-01 4.573528930857276853e-01 4.114481554619765502e-01 9.722073269462927492e-01 5.843806993010514095e-01 7.666939089124283901e-01 5.272326332314748454e-01 1.970692483131486483e-01 5.000617011442342053e-01 5.873343930309137262e-01 9.655683203879770193e-01 2.835359798988686952e-01
7.694444369835898856e-01 6.703938520981018723e-01 9.088847588482606987e-03 8.630241843143656721e-01 9.147046699422268778e-01 4.800167350187503068e-01 7.655293170114594314e-01 3.732179840049701935e-01 4.901578933581099973e-01 3.290678170720721107e-01 9.620148783894835187e-01 2.781376003827940036e-01 2.319661828955615901e-01 9.889834596549548218e-01
6.340520360939860822e-01 6.037721947806606870e-03 1.457822985221398637e-01 6.371064592219666256e-01 1.173790143080721826e-03 7.857875085708623253e-01 9.448910232332821124e-01 5.804010566815936967e-01 6.104078945118879274e-01 4.309513397848598881e-01 8.392065086310142030e-01 7.630589779375339665e-01 7.919503189828779322e-01 9.919547818109176740e-01
5.389017027374596314e-01 5.546581379139217116e-01 7.445525643481898381e-01 4.396709956091673366e-01 9.070278629175714258e-01 5.514102480745788348e-01 6.389311816237600583e-01 1.561005533979528126e-01 5.890463109785682994e-01 7.516041023841424362e-02 7.760714023929649041e-02 1.090076405915471058e-01 6.672066807817407241e-01 5.420142654516142411e-01
8.701610529904592051e-01 5.895505356979472422e-01 4.632885503173475028e-01 9.562994015762740219e-01 5.133052577753646206e-01 9.072229352585962081e-01 1.421837532999503662e-02 1.468703819232450858e-01 5.393464033014827574e-02 9.521889613055158907e-01 2.248840209745225360e-01 9.351011508593405352e-01 2.024742595102655418e-01 8.489079485743320497e-01
4.335754440478580829e-01 6.823202999402950830e-01 5.977997004812302118e-01 4.158555192284466573e-01 3.001395108660642741e-02 8.679591216820141675e-01 8.549734671414851439e-01 9.584413582524961006e-01 1.392859193170576937e-01 2.029235700911253826e-01 5.437235284356090048e-02 8.603033504257394659e-01 7.857228965469502668e-01 4.907347282208799344e-01
8.893674786645566765e-01 8.041545756936360201e-01 2.278928882791145805e-01 9.521682319755886414e-01 6.501391671789631399e-01 1.734332977456165548e-02 8.119172220754866665e-03 5.660769394149046674e-01 2.710549943554345642e-01 6.416474755407286512e-01 7.741356901011215985e-01 7.531642542649297223e-01 1.520232676453429077e-01 4.686223935975682986e-01
3.043449296715007302e-01 9.516864283443640105e-01 1.043106026146581877e-01 6.814173937485316079e-01 2.066117847779881389e-01 3.612797856592449008e-01 1.213862840912283136e-02 1.596323929559114729e-01 8.593824527990658879e-01 3.244694135313207495e-01 4.215624508063486875e-02 9.432079777129742659e-01 2.338104119951390780e-01 7.153951187994200822e-02
7.835532767553488043e-02 5.549440163922747526e-01 3.185212073324987792e-01 1.777689568131249898e-01 5.698777221987356700e-01 4.086642187505291623e-01 7.474032200753411015e-02 1.207981645720235253e-01 6.488445613426363501e-01 6.539922242132891750e-01 5.411241593960154361e-01 7.139724374075129276e-01 1.339589445710396287e-01 2.002026393578115737e-01
1.632241513847905168e-01 6.395214022985659108e-01 5.344507591858173035e-01 5.458924312005847268e-01 4.161701755224073151e-01 1.295716744527686259e-01 4.890878408377630215e-01 7.137690402974949944e-01 4.193450213603751031e-01 7.779400245382817047e-02 6.387645964621597727e-01 9.969951727547754494e-01 7.208615538364597786e-01 9.029135093703721804e-01
8.737952009739945458e-01 7.796421063988776545e-01 5.445175693294104224e-01 8.245859979917393723e-01 9.701620560930930282e-01 4.528435715499993242e-01 9.599649201905942064e-01 2.570101519064742490e-01 1.561235778578161648e-01 7.351994822913188177e-02 1.779173059180778615e-01 3.852378366849962266e-01 8.570603343738445457e-01 9.579484421694595131e-01
9.039289341968290703e-01 5.923071534641646263e-01 4.383337532247189028e-02 5.468299007393097044e-01 9.934662506804928794e-01 6.478090076320466295e-01 8.822749459772731839e-01 7.153581140717752973e-01 6.436617793000669607e-01 2.367189859847778077e-01 4.289556522330078003e-01 3.163464217944734758e-01 7.259180283947901380e-01 6.856175533333500605e-01
5.577639922736598033e-01 5.975405479026196787e-01 3.717201065793088732e-01 9.300602136564356526e-01 2.756808959542167425e-01 7.861118349141968942e-01 1.822293688154239533e-01 3.646398340321782561e-01 7.968688377745090090e-01 9.761781609831321482e-02 7.229306010299839658e-01 9.378331890858899733e-01 3.431232398961833185e-01 8.121760304461578261e-02
1.059686735499626442e-01 5.486497020047175210e-01 3.368603994289420811e-02 3.930861093366244674e-01 6.736106426348235088e-01 7.282294735853045431e-02 3.910787306676487551e-01 1.318414549045165973e-02 1.165459303964250237e-01 6.981552258847453230e-01 7.109656207753956014e-01 8.235297088912749697e-01 1.175423562278565814e-02 8.898751478714431729e-01
1.481051752353949036e-01 1.690152089388484713e-01 5.055864230519799829e-01 6.231314721706051607e-01 2.190809345143247544e-01 1.721273255842746819e-01 9.366183405068032597e-01 2.183351163086511004e-01 6.373951114904331527e-01 7.048080477958122980e-01 9.228965477892990821e-01 5.403765527627955034e-01 8.201396954017874386e-01 2.078234242583502089e-01
4.803504531425646373e-01 2.372397585117621555e-01 5.742526257988860294e-01 4.312528273840589010e-01 2.019653067828178772e-01 7.500315429609640816e-01 5.433832362674766436e-01 8.575787555561408260e-01 6.525875631583770708e-01 4.527437156025648779e-02 3.426054984395648928e-01 4.185415345660548070e-01 8.707883889185258353e-01 7.953297069573879163e-01
7.148546580581122134e-01 4.632324251400637971e-01 2.979077032888775012e-01 7.370300499581063924e-01 1.778969572403896748e-01 5.693327395328229290e-02 7.790780972046988939e-01 8.247308198297425008e-01 9.706290869963537515e-01 2.671723530527161383e-01 9.495130439995209670e-01 1.826749710851314212e-01 4.045475555940934997e-01 4.315831292672993591e-01
4.873114746109948880e-01 3.882059054752509120e-01 5.855249155715487319e-01 9.436341649734623083e-01 8.296728824503648569e-01 8.908352164944386420e-01 2.568700791641294057e-01 1.225553763432051246e-01 4.191829361796264308e-01 5.799370472649646446e-01 6.679419287017591689e-01 8.957492035894601967e-01 8.304999121620435520e-01 7.859679268350682202e-01
2.723598696456730472e-01 5.292305902874275825e-01 7.013959140518268853e-01 7.462319142957359874e-01 7.491760822554219823e-01 7.322837768950218873e-02 1.306181218829549628e-02 5.690873730268400932e-01 6.818533890206035508e-01 4.535822543120395789e-01 5.161470587739906968e-01 6.632852694385849013e-02 7.689412609263382992e-01 3.177622000389118684e-01
3.446950548825751248e-01 8.642896139416781365e-01 6.488358592418604909e-01 6.081281845707116052e-01 6.609494843895915572e-01 8.145563532412258834e-01 7.307650746345518700e-01 3.319834111285272504e-01 5.683353399505541859e-02 7.335255111083295310e-01 6.178432365076413912e-02 7.058881082093709791e-01 2.468723668305331520e-01 5.398756912567432842e-01
9.341634363584594425e-01 9.987250539292044094e-01 5.410292483762846327e-02 6.681617642520313316e-01 7.205064219560008976e-01 9.622418068677226488e-01 5.221220479163415362e-01 1.677188251524973639e-01 6.736322933370459953e-01 7.172082615530771532e-01 6.146268077128773655e-01 4.808867891283736817e-01 5.153962123342394896e-01 3.674700257077971877e-01
7.186781483281945437e-02 4.646025056758484872e-03 7.962571566806523338e-01 6.039493680791601093e-01 1.749009727375850920e-01 3.705642557359389855e-02 5.172435504135544093e-01 3.715872212886428549e-02 1.387816086138315974e-02 5.981740233070914625e-01 5.800896738525537222e-01 1.945777108759751961e-01 4.892319530183615317e-01 3.688492922211918934e-01
3.079785602224142105e-01 6.457750940865889522e-01 6.848173221271238731e-01 1.216131243248275151e-01 1.806986609930781862e-01 5.461507400659182387e-02 3.651748003180921298e-02 6.349860776375306770e-01 8.753407177048996290e-01 1.637252087322694782e-01 6.159776393115614646e-01 3.516472954303574427e-01 8.462080977991620623e-01 1.982622817794298387e-01
1.793110636493761012e-01 9.825508562302665005e-02 5.287750457579624142e-01 6.308401425517928818e-02 2.983312439449917752e-01 6.827596721305493332e-01 6.323216837798728562e-02 1.741723411063988980e-01 3.615802194261193980e-01 7.509131740771389785e-01 7.350457180826664993e-01 2.540684255306809858e-01 6.884729225410685105e-01 5.477383966591172770e-01
2.066057640412467533e-01 2.267218254257195031e-01 6.910766198083582168e-01 3.925464030381430325e-01 1.750264859016406049e-01 3.229276538342665814e-01 6.068200357562654190e-01 4.118638641091308950e-01 3.191069774940125114e-01 9.441461314632856316e-01 7.863751605866726724e-01 3.707603595404878050e-01 9.228905764281013502e-01 3.279666679654688055e-01
5.952992350745994754e-01 3.460354220450871932e-01 6.440937531883602629e-01 4.751677861665408731e-01 2.622404940437972343e-02 5.414615399557708431e-01 7.788305179000725165e-01 4.085013331179647711e-01 3.891961022235292944e-01 5.847882552355766483e-01 4.751041405481035707e-01 6.832317549727940920e-01 3.729312360689149841e-01 7.614918698876577130e-01
4.729648753984947440e-01 5.354059621830025151e-01 9.050125155768863339e-01 9.516788245548206682e-01 5.062884211376068588e-01 4.595468605984440735e-01 3.106504930002299547e-01 6.400913317551515380e-01 2.952341409861496402e-01 1.850672046398450510e-01 6.158226278136980092e-02 5.922790387886128771e-01 1.854816384941275764e-01 7.995849677333795036e-01
5.355025311454720827e-01 9.340178347034292505e-01 1.148805421229087687e-01 2.204523907648586745e-01 6.117513261265473679e-01 3.412620852923176074e-02 8.681567842532544876e-01 3.120303076468121661e-01 2.260214541318397163e-01 1.980274187299635447e-01 8.739657407014456147e-02 5.366375740050522980e-01 1.441708029427332116e-01 5.831690671828989592e-01
5.768658127380180689e-01 1.657673131649177733e-01 9.159002738283265055e-01 3.851288957470937468e-01 3.348278653283176531e-01 1.347792544829957695e-01 3.033159068752475651e-01 2.906462557239384292e-01 5.874674709150945473e-01 5.236298152030292030e-01 6.053673465282266575e-01 9.596123644472112080e-01 9.633872088072237272e-01 5.620946752487578912e-01
1.568701275663734185e-01 9.141204181681154006e-01 9.970330317899362971e-01 9.276120402610130711e-01 3.861671209718138265e-01 4.250721261999109712e-01 3.255922178811240242e-01 1.701125821451625608e-01 9.309430990138383155e-01 6.798589141340578568e-01 1.392096639608249031e-01 7.094289077667709220e-01 8.757491674881908716e-01 5.714261464697695247e-01
7.660856996501087535e-01 2.345099242773647230e-01 4.995714963270321274e-01 2.162088326814396444e-01 3.638438432985389159e-01 1.016582579820143328e-01 1.301611483868071462e-01 4.114036383750454551e-01 2.877841565194899642e-01 9.142533069054256112e-01 2.101869197193734218e-01 8.397454762518986593e-01 5.419733222783895688e-01 6.324922859627841731e-01
5.338468578882794580e-01 6.011037047104613729e-01 5.342095720253015045e-03 9.104224733259624891e-02 2.542587147255315205e-02 9.950950238708151652e-01 3.108863709861949820e-01 8.445252431336249810e-01 6.211510974246755579e-01 6.937190827652902625e-01 2.343895259989248192e-02 6.260429505977318509e-01 3.747824111090121146e-01 1.023526226824051921e-01
8.384957296482820066e-02 9.880868105477094154e-01 2.498642117526950202e-01 6.092398949586286250e-02 1.129059302909329876e-02 7.285168148314759007e-01 1.588097905345443595e-01 4.366627686922506246e-01 6.668947667352473907e-01 9.082487533094618648e-02 5.458401997574263698e-01 6.390126544383056828e-01 7.152006335453520158e-01 1.347186702680108761e-01
2.756206067995079501e-01 1.599765414919874784e-01 5.626229177691919325e-01 8.832034558854292561e-01 9.085584004504687616e-01 7.306203419714093483e-01 7.899123012618763928e-01 9.797036649010165688e-01 5.566420822345917729e-01 2.274814599730187181e-01 1.382893808871953345e-01 4.945410800856153699e-02 7.007566165377432377e-02 2.826087800606993383e-01
7.479504569158783589e-01 2.997771532736105415e-01 4.600188553637499789e-01 1.481733820153926517e-01 2.426745641161831557e-02 6.312603188089229711e-01 4.638017026756928729e-01 9.150964200760377532e-01 6.592403859221183104e-01 4.448486642304626537e-01 7.721800288644617982e-01 2.983936312905511867e-01 3.880472894362093639e-01 9.258719506571877478e-02
6.902838859160824736e-01 4.204115642507370021e-01 8.729397546475059499e-02 6.725238676930554993e-01 6.263521034896907258e-01 9.646525314192250233e-01 6.128837030581042455e-01 6.125930746121174275e-01 3.297486613001318068e-01 9.185692356973932382e-01 8.307128535274800329e-01 6.964537090844977740e-01 4.208535813093726707e-01 3.184322365633825980e-01
7.621302483242596848e-01 3.699156588508947241e-01 7.281126604323487905e-01 3.663702877079286768e-01 7.129157458278633230e-01 9.301484381337933316e-01 6.774292741859972988e-01 3.081365478815217829e-01 1.755428326588870380e-01 6.197205443373817735e-01 7.803934778771537406e-01 5.246231082423951086e-01 5.339682948968291765e-01 7.009316499338980044e-01
8.649874700317431442e-01 4.935483040632032692e-01 3.155191990134997848e-01 6.698386902123540931e-01 2.509812541003978437e-01 7.846937051343778613e-01 6.535888686128152880e-01 8.995580694155863588e-01 4.706003341203787160e-01 9.956198934315350080e-01 2.704738674483273542e-01 2.828739077761456278e-01 4.393292875466637826e-01 4.649972852181712968e-01
2.752675652878585622e-01 3.795798829626572113e-01 5.525482877667982073e-01 4.070146454971235173e-01 6.167112344641723087e-02 4.487173689418347822e-01 1.727249167672757491e-01 3.643554143573550785e-01 9.883552840267532114e-01 9.087041563681244050e-01 5.665411244346790776e-01 9.931130755682255895e-01 2.595970587898047688e-01 9.125795709856892035e-01
5.829195635542295806e-01 1.665583246865508515e-01 9.952397098726128988e-01 6.721754330002519540e-01 2.602475082179424026e-01 8.055217608777124338e-01 4.713338856491345874e-01 9.562527601208756778e-01 2.280769213376241389e-01 5.207633771878037443e-01 3.464446307672188752e-01 1.992661754060399693e-01 4.254257168170381131e-01 4.633473813949816611e-01
1.006099627713685774e-02 6.267207408613861830e-03 5.884290573230055443e-02 5.506544682269590707e-01 5.952200358616923648e-01 3.361515840592181892e-01 2.617954505592301473e-01 4.634963568535477307e-01 6.589426604016672684e-01 8.267349936303699520e-01 4.819771038770624960e-01 6.378392742001558480e-01 4.833663891107076171e-01 3.463727423420749352e-01
8.025544798282058245e-01 4.603089464516947338e-01 4.244865490225080418e-01 3.801955248705493062e-01 5.754871799815298727e-01 6.466980291442561146e-01 8.259248207786364926e-01 6.485798529560610204e-01 8.289287404436157525e-01 4.415216936934160952e-01 7.776428602218810049e-01 1.024643381223572236e-01 5.602971685682710534e-01 2.617006664973404728e-01
7.036004879517416821e-01 5.913009141168890093e-02 2.451279301099247299e-01 4.726376391589910408e-01 7.449415287436134125e-02 7.346994616071674811e-01 4.297961653652272451e-01 2.708625144585230515e-01 4.156238048435577648e-01 1.801381285313634617e-01 7.430473474647375509e-01 4.916414064509291304e-01 6.820187959820942503e-01 3.148240132086805865e-01
5.906408270526762871e-01 1.575800554736250803e-01 3.121057116454628577e-02 2.871877866083757391e-01 7.043209610700449375e-01 3.576128486072618351e-01 9.328490711069201691e-01 2.619607954145986017e-02 4.563424044238020283e-01 3.462233007719353051e-01 8.516701652945057877e-01 6.980626662923913317e-01 2.741759551957884122e-01 8.662944073926682753e-01
4.024594509280787769e-02 9.997530990318169719e-01 5.907227735615134812e-01 1.155882613797976077e-01 1.922303197950643305e-01 8.938717751665230526e-01 5.332117111926403252e-01 7.610655276576631101e-01 6.348477863333767957e-02 5.708718545904070130e-01 7.720744319710920456e-01 2.324844124758282948e-01 7.097282356200869113e-01 1.486625283366516115e-02
2.874925218134811722e-01 1.558469644552655797e-01 6.876059012437202300e-01 3.609987600262050123e-01 4.327210486392134570e-01 4.942955658981991185e-01 7.770857052364046336e-01 6.025613594186843835e-01 3.216050715526141968e-01 9.731994785305471130e-01 2.562772729773757918e-01 2.492366705292435869e-01 2.158102093966007828e-02 5.951295623711689853e-01
1.447706521179148442e-02 3.616454683836102246e-01 5.078854139887425401e-01 4.523182692344249745e-01 1.017456733566600713e-01 8.508768464093665607e-01 2.981819050010889871e-01 2.101830230728977122e-01 4.966568994388297353e-01 5.733941042798916810e-01 8.444226234567334677e-01 2.231616264507095826e-01 2.930868786757132582e-01 2.354927598085636564e-01
5.725337602476967547e-01 2.076693713694133248e-01 2.487374172761738222e-01 3.235041673559035935e-02 3.096387203531691945e-01 6.922746132897082960e-01 9.299133333601067308e-01 9.951132321957143478e-01 8.621754122791449593e-01 5.677826378094164017e-01 1.313436136842868196e-01 4.294549262957744196e-01 9.186568506064733963e-01 7.722873229665385697e-01
9.859513698819115657e-01 2.676363669670089873e-01 4.994532888950409255e-01 1.188493634679315125e-01 3.252188826943543942e-01 9.102576547153862219e-01 4.881804467363697331e-01 3.460292311895927231e-01 3.596005023984580884e-01 7.707056203642750347e-01 6.466602081434956739e-01 2.031823358913815714e-01 9.331220606464437628e-01 2.095813892780837850e-01
2.874244063553084150e-01 5.986495833998490834e-01 2.205939997828401111e-01 8.023469162112454311e-01 9.308270314631057474e-01 6.336158903256428054e-02 7.457255926300989657e-01 5.367887502243640085e-01 7.410700905819265216e-01 6.175823231247637990e-01 1.873868279116260860e-01 2.282153040474554917e-01 3.964926297655020360e-01 6.305420471845242236e-01
2.154519920693779289e-01 5.974668608493317601e-01 9.446886378784195015e-01 2.414484479870770972e-02 6.958448282766880322e-01 8.112862244811591683e-02 9.758146469734706452e-01 5.773344816351794195e-01 9.279460642064332188e-01 7.516724398194438717e-01 9.372511869530919526e-03 9.537508759174153639e-01 6.610072713856331994e-01 8.907365477269264531e-01
5.029205980167744672e-01 2.503508889911407742e-01 7.215651324653011844e-01 5.606512639373210094e-01 2.181183846969947382e-01 5.215254551715060582e-01 6.752685312308915888e-01 4.762053781135707764e-01 8.183680594041167211e-01 7.811958924766981838e-01 8.245656790384794377e-01 5.480712968218558467e-01 6.522517582919231671e-01 9.183266174993641728e-01
2.373359867302222703e-01 7.421060981643116117e-01 1.186456766006523944e-01 2.688978517466602547e-01 5.824461503387653449e-01 4.450044473751044727e-01 8.890207687443130169e-01 6.348822753744288727e-01 9.998409609990929203e-01 3.279729065719759751e-01 9.946246800424303203e-01 8.480143023783248690e-01 7.085470951892318681e-01 7.357006059678633525e-01
5.117463387928921081e-01 3.928519424828351703e-01 8.829095704925858934e-01 9.177180382063363506e-01 6.273062654158063634e-01 8.623340456511510155e-01 7.921191692774395277e-01 1.373992789325817476e-03 7.259194896208124304e-01 8.437345493742300917e-01 2.151352739313405760e-02 4.519475041542867499e-01 7.661331371158429659e-01 1.152188443651296357e-01
7.903209811880874680e-01 3.399838871275934205e-01 5.800395323048612717e-02 6.821214236112017604e-01 4.121590481515724491e-02 8.357408916246502617e-01 1.998167528618133293e-02 8.924987370923779251e-01 7.640033640808722160e-01 6.575841829140981476e-01 7.312761287558211531e-02 3.877528280016110385e-01 5.569250740757510920e-01 5.131851366054662744e-02
8.694214206525613386e-01 9.591475581651286442e-01 1.285358463521086847e-01 9.809385974232718297e-01 3.480790096808756839e-01 6.768769860446653963e-01 4.835174752357012107e-01 9.095783077785354331e-01 9.114606844052399737e-01 3.540249766125647124e-01 8.274145284520195709e-02 3.729554950016512604e-01 6.466960633876783771e-02 3.729187409192924463e-03
5.435724598473424818e-01 7.656756219266398489e-01 3.496715884280054976e-02 6.692570170700397059e-01 5.724690233140405926e-02 3.009711761310843725e-01 9.875007276481890806e-01 1.129392914975959616e-01 1.377803195560608485e-01 6.232929979173388313e-01 1.168351441585826489e-01 4.576656232672271507e-02 5.073753304905370687e-02 8.509953613638746583e-01
5.036538498355298543e-01 9.695698271568167215e-01 1.893043486956944577e-01 7.365321949401617552e-01 6.379013235457221542e-01 9.688903363803496038e-01 3.029559576054540182e-01 7.805982390672767668e-01 7.067088838026905906e-01 4.665805318424076642e-02 9.010631584782169412e-02 7.515310907019977504e-01 6.147053016334389497e-01 2.392362468900590677e-01
8.291930457207233873e-01 6.778145802618555926e-01 3.061908535728630198e-05 3.640177571460123662e-02 6.472351563882885461e-01 2.575625440858064774e-02 6.496813908636069890e-01 3.761983252939170574e-01 3.106057031248933287e-01 3.087097563254713739e-01 6.902449806940781363e-01 8.011209013939483148e-01 2.137863733838519797e-01 7.491429354902016113e-01
3.101403926191700355e-01 9.770853160338335286e-01 3.027162833094795280e-01 7.155729180020118374e-01 9.153585912895778609e-02 6.284013870561122594e-02 3.898517389143553169e-01 2.162417813903290131e-01 5.570185672650908026e-01 2.626651388889853500e-01 3.684189019383455888e-01 5.606273937807748631e-02 8.860839343878433860e-01 9.209634516980149677e-01
5.972663076200093180e-01 4.164353049360469683e-01 3.473031985409396061e-01 2.680037994929898026e-01 5.021009706104202497e-01 6.356874496544931974e-01 7.535614533876681120e-01 2.535626514395518116e-01 4.108996302900471687e-01 4.436538396360825143e-01 8.272692768686975562e-01 8.675965076482283767e-02 2.243783656681080929e-01 9.188135829014998368e-01
2.606918393405391887e-01 6.130858343125099585e-01 9.363818666418497472e-01 9.215765720034929664e-01 5.430502111340962390e-02 1.424732170853474367e-01 8.912438796239410266e-01 2.450804326108917408e-01 3.491169528698327973e-01 4.015317289236628451e-01 8.346772963553127367e-01 1.947088553388364174e-01 4.279914982432183601e-01 2.277484098319710881e-01
4.801370886700767615e-01 8.987553297198503932e-01 1.358069004886492959e-01 1.417788435820163118e-01 7.103665854925584888e-01 5.220015039652224909e-01 3.940493949584457090e-01 5.769869284088213757e-01 2.244166988659930251e-01 1.449550510035139128e-01 9.873639782632771533e-01 7.347152121050375406e-01 6.997635640625239350e-01 3.237065659940004947e-01
2.310862255962997658e-01 3.755012408672228075e-01 6.795432217516542694e-01 8.593194351606270320e-02 1.581483900942282084e-02 2.252366454837763099e-01 5.907141263349111604e-01 1.303221029371275375e-01 6.011541743475421473e-01 7.816435605266358611e-01 5.951217493940571535e-01 7.198797216502850205e-03 9.853987391801192208e-01 8.513610211773865455e-01
4.654147910805379595e-01 7.084043606849664831e-01 4.754444446463299556e-01 1.884632137794269857e-01 2.458054038916823725e-01 9.972468874917390647e-01 7.218946948025182220e-01 3.034604459964036494e-01 5.275187310618484338e-01 8.537859897311113055e-01 9.156041990091583482e-01 4.836705062241164477e-01 6.149063008403905517e-01 6.863505692373385036e-01
1.971357786237317722e-01 5.075533556088140941e-03 9.805397824229297177e-01 2.351147780713449542e-01 8.108295399979257301e-01 2.110531248120630643e-01 6.997022374749934936e-01 4.707778407705390800e-01 2.801002715602712856e-01 1.923526996884897811e-01 2.680057606167481898e-01 6.816950502215755048e-01 2.702161070541142518e-01 1.412329552951827605e-01
5.587103389420311483e-01 8.576785157908758395e-01 8.794076266700177058e-01 7.687804802199253995e-01 9.022622353690661345e-01 9.853102801520193799e-01 4.429927872358474517e-02 2.429459337130472907e-01 5.710568594146288035e-01 7.690804916821210035e-01 1.906563787330344262e-01 3.419451743933685783e-01 6.034480995327590191e-01 5.369266136604201600e-01
6.621861243448433632e-01 7.610228485193570869e-02 4.467168419995045658e-01 9.171548400266826828e-02 7.800404527113654618e-01 1.081752475702654204e-01 3.456671065140313193e-01 6.679534655641673480e-01 9.590291092875145029e-01 3.554365349984800471e-01 5.096188383968475177e-01 9.818083383523373842e-01 3.170541442664331910e-02 8.797341842600505668e-01
7.396704857502912622e-01 4.063525717424122385e-01 7.529886999738907294e-01 7.488366956974247257e-01 5.657946781125910984e-02 2.993506313088566406e-01 4.361929666977936160e-01 2.178241497542816596e-01 2.631662445120155347e-01 3.070625294824285145e-01 3.415785735751079022e-01 7.625724577454959796e-01 5.435940259540263941e-01 4.730933088079385396e-01
9.602940985073585844e-01 5.402966064302574534e-01 7.429001127064837062e-01 3.083958509340950505e-01 1.208225398651514571e-01 9.593710908886432520e-02 1.188013389905178130e-01 4.722323042828215911e-01 1.555810873976581910e-01 3.084019524000706225e-01 5.773136867715021880e-01 4.605754859181196981e-01 8.580228061123559291e-01 6.389099099165890250e-01
