7.490787602436457249e-01 8.975295418691536797e-01 5.928179140536565805e-01 5.593919017082904510e-01 8.964985169961969813e-01 9.172241391900675112e-01 8.572992347646314348e-01 9.281399194786362772e-01 8.026548366828578640e-02 2.700376312328053308e-01 3.853100980399448705e-01 6.277786043389288473e-02 2.324865024980755646e-01 5.729246509270621290e-01
6.230124407762049898e-02 1.911173949926611160e-01 3.280612808416756287e-01 1.912597409519678493e-02 7.789407319573858901e-01 9.818781130076699171e-01 4.492799045434426874e-01 6.478084654927036556e-01 4.039461156947762310e-01 3.811351087292403905e-01 9.759332279470747107e-01 3.612245626138507193e-01 1.219522389654503769e-02 1.635960275206199688e-01
2.072891957906168869e-01 1.928871386936402699e-01 8.730883387584444932e-01 4.538797032322328118e-01 4.881679471539882575e-01 9.496543837758586459e-02 7.602002464992397845e-01 3.663982130192211528e-01 2.575794722559542338e-01 6.843255813842480384e-01 8.911281362318141941e-01 9.613180263721008423e-01 6.969704906428945135e-01 7.355826061083814427e-01
4.810560182215748437e-01 3.302644944495215507e-01 5.945530304338695338e-01 8.861932145579228814e-01 9.793308935398443715e-01 8.554247897299049885e-02 8.079760661864943128e-02 9.898058284929833750e-01 3.282386022293196648e-01 1.421935352238512529e-01 6.781540611228371596e-01 8.025062236894117129e-01 3.201297917321738185e-01 8.501001807177679392e-01
3.073969773778421066e-01 4.281191568381003121e-01 1.358244839174134189e-01 6.317844965839929383e-01 1.959585658231406402e-01 3.437740975784943087e-01 7.890843889642177311e-01 7.353933892249773230e-01 6.568995308473645212e-01 9.402132546038073357e-01 2.605960750245011059e-01 7.693474183042088299e-01 1.309399210411607006e-01 5.234275365303514560e-01
3.877137813869724337e-01 1.394894468984143598e-01 4.773398876231553789e-01 3.592607554408844273e-02 1.827760669945516225e-01 6.884697336941311141e-01 1.088463659126656102e-01 4.617206247000300579e-01 1.348714497506138255e-01 5.570895858239830467e-01 8.647916122950678464e-01 4.813541293797691800e-01 5.838205476414956019e-01 4.237361252244991050e-01
2.959155712142871320e-01 6.361110693302638452e-01 9.206940109853612997e-01 9.830837695697096645e-01 1.803660594449527643e-01 2.363296186810580624e-01 4.940271311902951767e-01 7.378382450011028437e-01 8.620127092857886586e-01 6.664401189283036819e-01 1.730368819422208881e-01 1.991251124304734832e-01 8.949371906874085125e-01 3.942244468207063424e-01
9.680013585983560098e-01 7.565458975547564302e-01 7.736379985714226803e-01 2.218768349544277818e-01 9.828267137438153611e-01 6.679227483603733528e-01 2.496144377106019885e-01 2.749540727748639446e-01 1.992821998567456676e-01 7.957436741195579311e-01 4.951013602497983390e-01 2.284699909679639429e-01 9.535379031103917713e-01 6.537802534876347993e-01
9.468298891772917170e-01 5.602746574357891918e-01 4.954300818299435250e-01 8.316122955510312220e-01 5.484536991212199952e-01 2.474267989220014785e-01 6.913608590629825024e-01 5.532342098509888118e-01 2.372786257231870310e-01 5.608142349303949503e-01 6.388880974379164135e-01 1.037488556054128042e-01 2.906030002471182705e-01 8.905035424030693925e-01
8.359155316257108614e-01 8.146723532135632384e-01 1.100021165834630388e-01 9.657620556324592043e-01 2.699959329577649170e-01 9.800726376378687821e-01 7.208673107976266703e-01 7.018446280345904675e-01 4.053514150995005672e-01 2.933446433833309941e-01 7.392625477399353828e-01 3.504659534200149640e-01 8.351451591041638700e-01 8.287523670577869872e-01
1.103334867641689865e-01 5.721981323337466119e-02 3.022452147374805609e-01 2.906085068491911505e-01 5.694613001337531788e-01 5.637938173696476207e-01 8.714961288044247301e-01 3.754597233916789900e-02 8.947599084002182401e-01 3.904452817965157196e-01 7.356162474139072982e-01 8.308989340504526755e-01 3.389123096800505941e-01 8.533979705516409053e-01
6.201966609729225866e-02 7.260328947317198356e-01 6.179662673026568021e-01 5.737310286300620898e-01 1.392707704825582038e-01 5.713906779915421952e-01 2.560910304317158825e-01 4.061453218503000562e-01 9.474756529155562434e-01 2.987395535922701129e-01 8.448198930661843242e-02 7.012553245111313727e-01 5.265317675037888279e-01 7.731475412915189693e-01
1.291170090484772270e-02 6.329980035817751594e-01 9.667463728900316244e-02 1.955774928616960118e-01 6.344171957388455851e-02 9.438108512382915594e-01 1.691582326532905522e-01 7.250775590423295114e-01 6.133985257498226762e-01 5.259365685112262767e-01 2.805722289471247466e-01 6.563254156946375373e-01 3.801603441380627668e-01 7.980084370138661454e-01
5.082335367767483181e-01 6.606917015745972233e-02 8.232154756366231174e-01 8.259491796068267888e-01 7.195556467135540979e-01 7.886253404639961273e-01 3.691132569460230384e-01 2.996134688154874492e-01 8.888668210131832614e-01 6.993684879848169889e-01 1.604315029638259116e-02 3.826348733162343585e-01 8.867214175656495945e-01 7.021603258872153308e-01
5.312476674658360709e-01 1.709030044185941843e-01 6.130151018706475607e-02 8.858150215056433963e-01 1.730932970024519069e-01 3.734048579392038603e-01 1.100177773510312429e-01 2.256981399865383153e-01 5.906471452987124282e-01 2.690205347907462796e-01 2.639229177111795943e-01 8.741456672722230925e-01 5.764492476820275435e-01 4.185799946701769247e-01
5.850134457186118020e-01 3.745225069147434249e-01 1.914496150067284130e-01 1.106939856485914531e-01 4.740614029175272970e-01 7.411711977586303846e-01 7.358544099837759367e-01 3.916494961684217069e-01 6.329930810125315999e-01 6.972932579895648741e-01 9.936448147287028076e-01 3.727716590140212061e-01 3.861841142056899878e-01 8.685154007533567588e-01
7.845197677196728003e-01 8.996863465406849114e-01 1.564332398675041258e-01 1.365139940148413222e-01 5.956022889656168440e-01 5.498002581277624534e-01 6.840444195159993690e-01 4.069661837955513839e-01 8.426311013673773997e-01 4.998691111226332140e-01 1.580256180828697454e-01 2.564021653157269043e-01 7.555986449540997851e-01 4.746774681475501856e-01
7.252137555334052799e-01 2.263572949260450606e-01 7.724545364226030886e-01 3.973879235653366981e-01 3.043852520552489116e-01 8.831688209723311811e-01 2.141287698338278922e-02 1.859648469855683661e-01 5.954061912780305166e-01 9.338258513836354968e-01 5.759236311407377462e-01 1.909986221196753320e-01 7.600604814997802272e-02 8.585808772925904719e-01
9.689897655202962534e-01 2.092256085801371679e-01 8.465275328800894172e-01 1.676349476712057918e-01 6.476400965947151089e-01 5.202277327748927593e-02 9.478576581332701645e-01 7.533602042694529377e-01 5.597027775856304732e-01 1.240435992477635363e-01 1.796589050870138760e-01 1.361330457987908193e-02 2.766780870816903937e-01 2.330583148694238549e-01
4.659362102148320028e-01 2.174455961245648217e-01 8.156851987379751812e-01 4.418179927340371016e-02 5.927088505978108657e-01 9.187548786593532357e-01 3.130236159208540370e-01 8.946027128691592667e-01 6.905842288459879130e-01 9.864870648638877082e-01 5.842386822406939739e-01 1.226869090264550710e-01 8.522066325558560473e-01 1.895897551442070617e-01
5.558098521781491552e-01 8.951900667482166618e-01 3.318370834786155132e-01 1.692131152664574367e-01 6.261834411220021934e-01 5.557735377211799888e-01 5.476728584921031207e-02 8.634085253744999688e-01 3.669720517882745225e-01 9.907104936268611439e-01 5.684841551016027728e-01 8.230783423245924268e-01 8.933822494920999890e-01 8.998137679539993661e-01
2.651644227989315983e-01 3.791608600456427558e-01 6.089489259187266246e-01 6.604801870229737304e-02 6.917697247198871802e-01 9.980345236695639111e-01 4.674069670898314266e-01 3.430167292013397429e-04 1.130601749165948133e-01 3.081466889021876598e-01 9.999579043334053674e-01 8.493081375709644609e-01 9.620553104691912383e-01 4.737600782364838059e-01
8.859659851206458381e-02 7.206133933876525122e-01 3.276719874341620375e-01 7.876525109923003809e-01 5.950294146972165965e-01 8.643177942495620103e-01 5.797581197700897304e-01 9.248197713564608735e-01 5.874574778540196940e-01 3.549394389493416568e-01 1.472115187806594117e-01 7.265626372623832374e-01 1.514694343096002482e-01 2.916023816748369857e-02
3.987087579534538406e-01 6.275761299804474280e-01 4.296081723138155395e-01 8.069647284980558943e-01 2.507159809034936737e-01 7.907258712383533616e-01 8.723352215056864312e-01 3.551694047779440089e-01 9.109896370508256958e-01 9.833287056386663672e-01 2.366889516331251997e-01 2.096025631213838114e-02 3.944072041481494484e-01 8.295251153724190196e-01
4.881690415451316323e-01 7.369918496998870694e-01 1.444530527137533049e-02 9.392356801846207803e-01 6.597761997567507253e-01 3.667286392845696685e-01 4.382823577628823797e-01 1.941778232376208946e-01 4.009588598963437223e-01 4.940046201078303056e-01 9.304669703618223542e-01 7.808083356912010053e-01 2.901968993665814400e-01 6.114686196524925510e-01
3.827015784918904595e-01 1.791189188454801462e-01 2.814782734892851135e-01 9.263956048948132072e-01 4.870934599055900538e-01 8.026407524338696753e-02 6.589291802240950791e-01 4.355231355570443608e-01 9.889577277584897796e-01 8.578249969670652675e-01 3.767026157683590615e-01 5.981863180094130206e-01 5.685351122767746679e-01 4.220973456326764239e-01
3.538125588149554357e-02 5.398429380013078926e-01 2.945144184051176062e-01 4.312991641642960339e-02 6.923340600065550632e-01 2.753596512845778443e-01 7.071741357676781803e-01 1.387211535137666818e-02 7.814381674390680210e-01 6.658316140421507434e-01 4.701625649241969462e-01 2.980706795022932676e-01 9.732239096318658911e-01 7.126445455232535142e-01
1.535255796297327890e-01 8.537803091330353755e-02 2.735192940577376719e-01 8.441073159835501549e-01 4.686861945789857486e-01 4.041471860735290633e-01 9.423576793871054624e-01 8.182068899480349211e-01 5.704390525250480071e-02 2.491516041977385187e-01 6.796860791968666327e-01 9.060408352310904689e-01 1.045429803360010679e-01 8.191999415359157988e-01
8.889702702108491783e-01 9.688798278063815994e-01 7.753733326595050324e-01 4.487609093187421294e-01 9.473306843910103137e-01 9.604192019795627644e-01 2.656330981501092703e-01 3.575586674609704252e-01 3.375546466228640519e-02 5.788810607117825802e-01 2.755008108153533808e-02 8.370702067390625167e-01 2.635596223143297223e-01 7.979619814678499123e-01
2.312511347332191214e-02 7.305711136329765543e-01 3.927994531912887277e-01 4.953057813371870566e-01 2.776449781944702044e-01 8.890740023084924282e-01 3.737060044104661971e-01 5.899272402355776324e-01 1.804317698893198596e-02 3.474552113207157733e-01 4.470510804273758465e-01 1.764626997886780124e-01 8.647460206796041549e-01 4.129425888335771511e-01
6.526227195597569253e-01 2.166486481983351808e-01 7.895490106802027785e-02 3.160065191410387220e-01 7.483776567701340143e-01 2.940103994252912800e-01 8.281890446404177597e-01 1.615781688552488937e-01 6.365031773073178689e-01 9.786940560469595818e-01 2.140650166133890586e-01 6.814877824233344095e-01 8.257587569134908767e-01 9.636584175689169030e-01
3.125952235264161105e-01 3.571130519089543709e-01 4.770782359017879948e-01 2.193459450900723251e-01 2.096038909979691667e-01 4.614819593203478565e-02 5.552086226071686337e-01 1.900488077810609244e-01 1.804953730724522254e-01 2.150032650081172836e-01 2.346512315115663050e-01 3.745601724590105208e-01 4.163800565119524233e-02 8.343596473300570748e-01
9.278140356344137807e-01 5.998258825672320160e-02 7.699166970457763659e-01 9.101849862336932606e-01 7.106097491324057103e-01 3.026023375616744282e-01 4.203365657193678384e-01 4.158271569542487667e-01 4.255362406184758362e-01 5.141121581948137065e-01 2.920043883029520559e-01 1.900470578334453320e-01 6.817531740748501434e-01 3.523125020074419078e-01
4.555715793050624240e-01 2.000918978253825031e-01 1.075992986837254195e-01 4.711582110489831443e-02 6.990841783813321886e-01 7.876472974732768861e-01 6.802792810578608407e-01 7.134712425902980382e-01 6.716188246708806320e-01 7.197001778284948248e-01 7.002259935877599428e-01 1.949152935058956482e-01 6.605289205335940217e-01 5.114467171518354283e-01
6.562538129060152547e-01 3.585874562115892727e-01 9.234175992241245856e-01 1.028015294849192740e-01 2.706525326819886335e-02 1.576485421499782547e-01 3.449576656680731768e-01 5.035427350225930576e-01 4.171668576552972629e-01 1.431653607141250006e-01 9.291550956097219816e-01 3.283777597398216397e-01 5.055109501786674286e-01 6.434698546201578218e-01
7.731565729204478155e-01 3.820182568935717171e-01 9.352346313999867489e-01 2.568654929398257458e-01 5.223903081275391713e-01 7.286129184470535591e-02 9.429623311678819730e-01 6.072098584830617485e-01 4.726985665012040094e-02 1.147273560483267341e-01 2.194353481287378838e-01 6.085425629735757846e-01 1.760893948656298003e-01 6.576428491779301444e-01
8.251027638657961738e-01 2.755555952191419689e-01 3.927603669492963911e-01 2.949641937583922235e-01 5.428681944909883317e-01 3.068264798568594021e-01 5.289472257948264478e-01 8.961089459758398990e-01 4.226704104693644881e-01 1.141182953928732147e-01 7.268824072428570204e-03 6.272108878829947276e-01 7.121662922646995186e-01 4.334529817032409804e-01
8.053511648312527971e-01 1.528119697087371165e-01 1.659087646800617710e-01 1.465811812540019909e-01 8.338283977290672500e-01 4.652785106210055588e-02 9.562935502345938366e-01 2.449648113814832939e-01 6.768544715183408833e-01 4.054177593302022986e-01 1.990840350695022298e-02 5.331088557238187198e-01 3.984381218274332115e-01 8.277480377759189878e-01
5.461961432421350571e-01 3.968043828695970721e-01 5.184748898000818285e-01 2.021929060330174277e-01 5.219559087724789936e-02 1.245101569439481803e-01 5.342756209094934317e-02 8.021572069406659455e-01 6.198507305166177650e-01 6.838590924108640667e-01 8.684894412729596835e-01 4.089589017502592849e-01 8.782294626916040681e-01 3.199638186485221913e-01
5.955051682295113835e-01 4.657431260758222447e-01 2.937047109918682342e-01 4.852536700271068426e-01 1.123136365617029009e-01 3.578344370747656988e-01 1.288866045611001265e-01 3.712877294980438947e-01 7.575716174706752515e-01 2.908783533944078181e-01 9.907557812893387217e-01 9.810298076202381701e-01 4.170723178863260383e-01 5.944629883917343927e-01
6.118170053806404329e-02 6.604225144151389948e-01 6.160185980065635558e-01 5.682502998316288911e-01 5.897477498789226447e-01 1.986190248132845282e-01 8.840612930645130874e-02 8.560578174058486312e-02 2.729500164294771380e-01 6.103739350598549329e-01 5.241689358608629945e-01 9.932769374764880421e-01 2.337631877432996275e-01 4.257648679623469157e-01
8.701091442163136902e-01 3.815912988765237657e-01 1.763891834144075688e-01 6.512156574889078620e-01 4.553376053345963292e-01 6.390093876132876272e-01 9.753847899731357129e-01 7.594885066541082752e-01 7.149312325323807782e-01 9.144353311937779560e-01 6.757378004708713970e-02 6.631308749642992328e-01 3.902649996925088294e-01 5.513271015780640827e-02
6.600377362487517274e-01 8.556702885139230164e-01 3.980323492622876991e-01 6.452423074703372841e-01 6.438018261470346282e-01 3.805732428698614944e-01 9.502259129813517280e-02 4.585788010865468056e-01 2.731805988531897933e-01 8.631651214701010488e-01 4.186941222719088307e-01 5.728041898330726855e-01 2.491095589843823621e-01 7.140360634203724022e-02
3.565529947539283206e-01 6.746443544741957954e-01 5.982781596577387839e-01 1.433313317011941646e-01 6.892862543575817291e-02 7.952010481709731460e-01 6.338854882708128136e-01 2.981142885488554661e-01 5.926640263073723602e-01 5.467261310972199029e-01 9.423074062929361894e-01 6.136543945249809395e-01 9.283192390654595449e-01 6.904934702032109461e-01
3.031545670573436713e-01 1.358977359055346668e-01 9.322562670705152321e-01 5.525070595806961249e-01 8.611627749666317388e-02 7.280785716158016951e-01 2.675550722019566230e-01 4.627966424953570135e-01 5.763486840721493421e-01 1.875368392098381021e-01 7.060510578658450997e-01 8.317019567699807103e-01 7.580048026175340015e-01 5.951402664705095491e-01
6.342138823608950426e-01 2.984539538317828589e-01 2.073719931264521588e-01 1.160026082917564594e-02 4.797291670837271482e-01 5.329152786622016746e-01 4.318177742023024956e-01 2.800637163950437936e-01 5.811815000587713387e-01 1.272396444066681287e-01 9.288967457381103188e-02 7.248065233664672258e-01 5.643177123367076886e-01 4.907109300203201796e-01
8.413190547611467673e-01 7.533630674635296565e-01 2.781988876550175460e-01 9.949017899391956465e-01 8.235073626067721531e-01 1.113607109947246654e-01 3.967446885213264940e-01 4.528872816724273109e-01 5.205710134683639856e-01 3.615760706255367607e-01 2.562428276636473656e-01 5.871573927996578401e-01 4.752942885356230551e-01 9.988990537964492766e-01
2.183192900833936800e-01 9.114576050465356127e-01 8.125145695296920323e-01 3.835534213787034075e-01 4.624246655379747883e-01 1.107135238876730821e-01 4.439475386470951301e-01 3.138289231548101466e-01 5.476453269727357132e-01 3.176419420395992788e-02 8.996968360536574671e-01 6.568036145964433192e-01 5.326963609988260018e-01 6.940848242346475683e-02
2.821367606970098807e-01 6.793473079241838519e-01 3.034947791276489948e-01 4.968753436452210126e-01 2.356884251903468286e-01 4.724120025999816175e-01 5.553321191667356382e-01 7.145605265324378452e-01 5.475790330688415919e-01 6.020671068897913703e-01 5.774028948200753408e-01 1.388837724036864341e-01 2.675633923875530007e-01 4.927956738530854253e-01
4.421547123641443866e-01 9.984563279456925011e-01 8.876965329047026287e-02 3.296442675065125449e-02 7.325881051503212449e-01 4.129597898482747498e-01 6.979930224629360414e-02 3.837617258190928471e-02 2.396483031653385831e-01 9.350315244240126056e-01 4.334143782637335240e-01 7.648756447893534371e-01 5.235803729983501409e-02 5.404906804160546363e-01
