6.517294991380547797e-01 2.623905221218538752e-01 3.534116432826733822e-01 8.344596259753451761e-01 4.057021759856074272e-01 2.208814790183117882e-01 4.925531670872100864e-01 6.381033696094973173e-02 4.378717799692015689e-01 7.102096380995640557e-01 1.574286290904273189e-01 1.527134232222500110e-01 1.543410551451918078e-02 3.630757780318205619e-02
7.610237823814474112e-01 5.367205383876854086e-01 8.853609096088022046e-01 3.977181349484604223e-01 1.695755610492314380e-01 2.202413458739537200e-01 8.954841028513891299e-01 2.898011037812172619e-01 3.147219380344040696e-01 2.832535717928060803e-01 9.602056714882725164e-01 4.204438602170391670e-01 8.868777129321435693e-01 6.575062737525509959e-01
3.278903529816160622e-01 6.173112822163868696e-01 6.431372007081995745e-01 1.322172645508248312e-01 6.453148081488599974e-01 4.135312707420808476e-01 5.682292029826185864e-01 1.017645499105264140e-01 8.540268234314069007e-01 6.256873928359256709e-01 5.928438622632907773e-01 2.696349918701069770e-01 5.442336652305707068e-01 6.774838952976843798e-01
2.204687671466390997e-01 4.510430067314489255e-01 7.156537935176898735e-01 7.036893249499291958e-01 9.026385858712506760e-01 8.171683078194595939e-01 4.633513419881485351e-01 4.021524306492747503e-01 8.035367504871115951e-02 3.534763105940506023e-01 3.418736744922978854e-02 1.442876346019205114e-01 7.813030435610450741e-01 3.301869855401109444e-01
1.578577245662908801e-01 5.298511690401319640e-02 6.770701844557293070e-01 2.524598155157015134e-01 2.474954440975021264e-01 7.766097757156764647e-01 4.206167662620101666e-01 1.308119118761941202e-01 7.320795294072512949e-01 8.921037268649256724e-01 6.920999610855177453e-01 7.585821399206613691e-01 6.418458896640623079e-01 7.930578900394343878e-01
3.822312791011690525e-01 2.903839804018785165e-01 7.071843391359913245e-01 7.631527543056327856e-01 5.405262775081954851e-01 1.741547753453132064e-02 3.465894688193900119e-01 9.528770767961702859e-02 1.291866298775489197e-01 6.813080348847522227e-02 2.501245295395204682e-01 8.109798792138176449e-01 4.772631017600194037e-01 1.935371273410028126e-01
6.017519804225285318e-01 6.830232343425678421e-01 8.298894670833514287e-01 5.323781085308272321e-01 4.778299345001794096e-01 1.828270358103331050e-01 5.117449594575568250e-01 2.025768888136336709e-01 3.618416715819916529e-02 5.799832722416864428e-01 7.818228331005973031e-01 5.464081241754192853e-02 1.745583850510420421e-01 7.120305951193055538e-01
9.931078536962313352e-01 2.269582143978763344e-01 4.628446529400492837e-01 5.175037542762560561e-01 1.965239176320210390e-01 1.056278393633204304e-01 9.466837909580022581e-01 2.969324828351398438e-01 9.346753195720224339e-01 5.263713653575664564e-01 3.546731763083112998e-01 5.133675814624687472e-01 6.603625622499096348e-01 1.708737355514328149e-01
7.682802814262368329e-03 1.003839546036733310e-01 9.443255225030147137e-01 8.360787234960309622e-01 2.812751913925995995e-01 9.707990273048164864e-01 6.045417055402546591e-01 4.168858661554659673e-01 9.196501642595938941e-01 3.610754807344349615e-01 3.350765829647064376e-01 7.750829833497262511e-01 3.802346167468914073e-01 3.963543173335721814e-01
4.712877799026837788e-02 3.473054919180758038e-01 5.466643931987622551e-01 3.578202178344684903e-01 3.762502453695195648e-01 9.531876416740537872e-01 2.876198599220410879e-01 8.537258704891810268e-01 2.008152373028752047e-01 1.588013658590385901e-01 9.449727084357705253e-01 4.818399745492439878e-01 6.206276143865504524e-01 2.409670449452606666e-01
3.415715947903208427e-01 6.738477681912967698e-01 3.544454743950917752e-01 8.897561899135517649e-01 8.858339392008551805e-02 1.357927534703823325e-01 5.366986921226929441e-01 9.849833838195387603e-01 7.855414402591522904e-01 1.309901854585144854e-01 1.400990502933378012e-01 2.959862220918558773e-01 5.143218463540671914e-01 7.678566556975450208e-01
9.850718235339543938e-01 3.962646647326494298e-01 4.831140376662429459e-01 5.614479087839415739e-01 2.067124191277376344e-01 2.921620697445522774e-01 2.242026973011720381e-01 6.871207399819574402e-01 7.507390716038714329e-01 5.879841438267008336e-02 2.472957047206842951e-01 4.682262667043244342e-01 6.305132523906740172e-01 5.862745321773981111e-01
7.412039694674943391e-01 3.393914340873539492e-01 9.207867144389791925e-02 1.336948526406986915e-01 6.176702206647544102e-01 2.452286678430812827e-01 2.859006658870327788e-01 5.556319136786402879e-02 8.979858675123590928e-01 4.544472769051640659e-01 9.286892149311655187e-01 3.115170693554651926e-01 9.444647576172946479e-01 3.179217698591790819e-01
7.474372933122339635e-01 6.752051882364225044e-01 3.696272304690813026e-01 1.062139277120133229e-01 3.412760748152605661e-01 8.332751872458482589e-01 1.890317372371208560e-01 7.306930286670656471e-01 6.938735919951538600e-01 6.607276799092309805e-01 9.429985411374319781e-02 9.403730374496266364e-02 9.461073355957705378e-02 6.525552155828961975e-01
4.020264819005824330e-01 8.185858166345584275e-01 9.516145426242205163e-01 8.350660044425375350e-01 1.499960055919835611e-01 5.302351283991550979e-01 6.268590494949808356e-01 6.691712864522588733e-01 8.100153675822765464e-01 7.899257597078712667e-02 7.304707160659484888e-02 3.026364920898733102e-01 9.084800612273109532e-01 6.179076954025757296e-01
1.125898077722625734e-01 1.189731745847971700e-01 7.426618893348079231e-01 8.504228373397179075e-01 8.818600320116711799e-01 4.750733629972512251e-01 1.616885535171697086e-01 2.459671475150748687e-02 3.290516125941725933e-01 7.771097347991851034e-02 7.552795458775851678e-03 2.008817547753677379e-01 6.601544835975077241e-01 2.081629414280924406e-01
3.984436434486946510e-01 2.817025314320154017e-01 8.446686962032896595e-01 8.694786867743966585e-01 9.976614800166061503e-02 5.391049535774571355e-01 2.398889377695426761e-01 7.998565623933628910e-01 1.932514211232263523e-01 4.571310574195477372e-01 9.823784889513849095e-01 7.689104942443684143e-01 3.892530597627653632e-01 4.186690885285060393e-02
8.471392237128794189e-02 2.120954128666882044e-01 3.783533126073574948e-01 8.970521248206110299e-01 6.320412141516775772e-01 6.096852507074868033e-02 3.748817600847029752e-01 7.204084479449038847e-01 5.975262797872163967e-01 9.370172055297353308e-01 2.733043164053358121e-01 6.736089454670957100e-02 3.276824402133290404e-01 2.252706554117911431e-01
7.412253927985668067e-02 1.367050674700081014e-01 6.417253767828202671e-01 5.663484417579512931e-01 6.053972759572723294e-02 2.672297309396208798e-01 9.357850292012918070e-01 8.308095965264084004e-01 6.795024409832720602e-01 5.700002816348782586e-01 4.536271248253791466e-01 2.170164160944606513e-01 7.821870137476334417e-01 6.978439776203699818e-01
8.612493494210751166e-01 5.193642848846934390e-01 1.781665370537769411e-01 4.946753840571290750e-01 7.134688468825848284e-01 7.657822261071360881e-01 6.490916873365840667e-01 1.540735856470722975e-01 2.000330039907973756e-01 7.020561140864552963e-01 6.917364989195305958e-01 4.179867283727500826e-01 5.657978282193947273e-01 2.820362754138291406e-01
5.699103214751399804e-01 2.583833914654453112e-01 4.632062160370786774e-02 1.817550210521374776e-01 6.195695449097613494e-01 6.453555852183312513e-02 8.599266775457667933e-01 6.979993001594386737e-02 5.319310639881114078e-02 3.085495315909287939e-01 6.710787268932087990e-01 2.198887010126334696e-01 6.751944861242660245e-01 4.947026191313868004e-01
7.658313835693011384e-01 3.078289168459870107e-01 5.533444735417381022e-01 7.375230147190721119e-01 4.987612067639093372e-01 6.013548258245500211e-01 8.403012602210185866e-01 8.312462660965127537e-01 2.221784231498361573e-01 7.256468507890039277e-01 6.740655586472613647e-01 6.595905451297823241e-02 3.797656360393364405e-02 9.617087023038501936e-01
8.408970462658778011e-01 8.589678805366818271e-02 5.824699625835960681e-01 8.327934648119450500e-02 4.666441276419873718e-01 5.243419283273221820e-01 1.818124068594050291e-01 3.417291017358473626e-01 8.834875173982797980e-01 8.684350511247748150e-01 6.628477006821066331e-01 6.100426292214911062e-01 5.002847544441487715e-01 7.384831077253702913e-01
8.574411281889027237e-02 8.995641349925181940e-01 2.952203146000172973e-01 6.563436253261234476e-02 4.883562195898306646e-01 3.717927099467677188e-01 7.949586564670811928e-01 9.813705581872786965e-01 7.578268791522485559e-01 4.926836781420373956e-02 4.121170413385913944e-01 3.547898815292550578e-01 6.151622276500200437e-01 9.706538177615531282e-01
4.249437006040611697e-01 3.679939659011061126e-01 9.181482806466660929e-01 4.592083052340145688e-01 9.918180404280709794e-01 2.812812747073409891e-01 5.239569271034308917e-01 8.676567458550231704e-01 5.802611653996045948e-01 8.307820691732784590e-01 4.337456737502110027e-02 9.262085186602291298e-01 5.547395159413920362e-01 9.384630525931214606e-01
7.633560608174088102e-01 5.340677615427129599e-01 5.383169752886708403e-01 5.509946539539594124e-01 6.278511830720715503e-01 2.722081504374843641e-01 1.590176334721582485e-03 1.704403620448640133e-01 6.456007242823291747e-01 7.999693837535262197e-01 7.715666824271241175e-01 1.518911704132378526e-01 7.563607705373246448e-01 1.025001977115180818e-02
9.417049215957298269e-01 1.583668279957199942e-01 2.508624041063152177e-01 4.921370138504810310e-02 3.459653055352488460e-01 5.958930358089861157e-01 9.924066574262095930e-01 3.485207136767690672e-01 9.252227635702278130e-01 9.181949977037042743e-01 4.018235675044240507e-01 2.133256800035284728e-01 5.805712472708531857e-01 1.917752649984354463e-01
3.701606999537767617e-01 7.815635551690036653e-01 9.299165985433491821e-01 8.703226007337705461e-02 2.570808672834812292e-02 2.644016275706106978e-01 2.145630209000188859e-01 1.380558773188466093e-01 8.711808074522171541e-01 1.703734708553098498e-01 2.837572188189549927e-01 7.530224321506178153e-01 2.039823110865028877e-01 3.406934538729129436e-01
4.189621241582763833e-01 3.332848109244543888e-01 1.463837281004816138e-01 8.328955870124042926e-01 7.458229652748538108e-01 4.461919823502880078e-01 3.109119067691035188e-02 9.059191857050258312e-01 7.785037912559834572e-01 5.006797902228453667e-01 1.026974273609099209e-01 4.092748122079608031e-01 8.416508768832482446e-01 6.946048575963326144e-02
7.784696410626447127e-01 7.345291593825966636e-01 7.285503981956716890e-01 8.084500505498638523e-01 2.882928459504557894e-01 1.967016451736670613e-01 3.263621693511765676e-01 9.181990927551678672e-01 2.228176295370482007e-01 7.348657013945222305e-01 3.366122904986506015e-01 7.325795968595019136e-01 5.183948154849601364e-01 9.723938816970258969e-01
3.447854679988801019e-01 3.543866691236775557e-01 2.326044741824869755e-01 4.093961713320843909e-01 4.667830641831192118e-01 9.824394859948695213e-01 4.211902792894968162e-01 6.720401545245813235e-01 6.926212596376281061e-01 5.710253049124259794e-01 1.885180659343617116e-01 8.360500633326918285e-01 6.952181723052851536e-01 2.636901667284793360e-01
7.851895748280284248e-01 1.996045182902169701e-01 2.211325824704630794e-01 4.092299402863037727e-01 4.291430060885156328e-01 5.337382229450822191e-01 5.637645091440527390e-01 5.047341974391427177e-01 5.955092643004559205e-01 7.143747908169816307e-01 1.968083085020555512e-01 9.577421909302620273e-01 7.557228123245089968e-01 1.371747282973698745e-01
3.215937946757075894e-01 8.625173522438671636e-01 7.109314942708249152e-01 1.543245850654287876e-01 6.730401092919358064e-01 1.450707496667799079e-01 1.682038717319531695e-01 9.061164952197737765e-01 1.710784120375652417e-02 7.693597508640463989e-01 1.885713883422860393e-01 7.771766404489492963e-01 8.223477240989369719e-01 9.080435069476333609e-01
6.247164247091766542e-01 4.375856535566432504e-01 5.551575494407822164e-01 2.426786736204342709e-01 8.910105058940964717e-01 7.542675250503428908e-01 5.320074732339198365e-01 3.311580822334214691e-02 4.199540113468588354e-01 5.330853654806750885e-01 2.728159049603023911e-01 7.700262313295594963e-01 6.103086046251982033e-01 7.581375096006616188e-01
6.269744764473998977e-01 2.360753321617732325e-01 6.848515732534741218e-01 3.496558434718020081e-01 2.768492008433848239e-01 9.799320925521943781e-01 6.780689118386218350e-02 4.267338974508529947e-01 6.772447062022207698e-01 8.071604884496463850e-02 5.481490209934190005e-01 8.241494846402522834e-01 2.698344734383816279e-01 9.033732205767908141e-01
7.239667311450559417e-01 8.002274330631791166e-01 7.218656629051145579e-02 2.649640997657731756e-02 1.015953615992299941e-01 5.845930781050646674e-01 6.768959815273523084e-01 9.732495376649574759e-02 1.662869882095939777e-01 6.036987544988923204e-01 4.631809708410158377e-01 9.111348727529000602e-01 6.539217432181012590e-01 2.954388924043236386e-01
6.698780287642703835e-01 6.780166576410234791e-01 8.785027591633420840e-01 9.929996813990611404e-01 7.513130943196533185e-01 2.135769424780893377e-01 3.536294765171525967e-01 4.145304621904054576e-01 9.585064882798961516e-01 9.658541498248872648e-01 2.132155065060484800e-01 4.539992608160584586e-01 2.023286081702752037e-01 7.196128558075489678e-01
2.289661452211990689e-01 2.607678228486063343e-01 9.565456517336669018e-01 6.476886478097817479e-01 8.512065072309658031e-01 1.561942952785554395e-01 6.252320965836407618e-01 2.748413696321718724e-01 9.429863788929020441e-01 3.975646377973744983e-01 9.967424902447766799e-01 4.950608678673770191e-01 9.417997007915740459e-01 3.411853434621437975e-01
8.426916459564262052e-01 9.032491242332014725e-01 6.202796314141404421e-01 4.428469036035889150e-01 1.200170030411031874e-01 4.669229145838907913e-01 7.271130823802260945e-01 8.733892813982035985e-01 7.281741878617006281e-01 7.612459541515753658e-01 3.643300897385358672e-01 1.398518722914117163e-01 1.970691890283409187e-01 2.809735889529293429e-01
1.770384126317248175e-02 2.353699361321126560e-02 2.845713815843717853e-01 3.320186662979363046e-01 1.236849560053321362e-02 6.844176127710682733e-01 9.649402832487242732e-01 1.459726482793390900e-01 1.588597952137632552e-01 3.363886994891206461e-01 7.834128552420898117e-01 6.806152250785868496e-02 9.137593603937859132e-01 4.918571711072396990e-01
8.702053533687318376e-01 1.292762641662844603e-01 6.281848636009137454e-01 1.627096920407127278e-01 1.399168482465134034e-01 6.383621480850172336e-01 1.277245914754282508e-01 3.951030671516062576e-01 3.444265546108249421e-01 7.880039479292937354e-01 8.996214075483185413e-01 5.525015491319715810e-01 2.292724057274115879e-01 3.969413480707217889e-01
1.613932830400053309e-01 1.247616717874756587e-01 4.618058628875409966e-01 3.570742571758732664e-01 2.924777243086028600e-01 9.068541115942548858e-01 7.677990773098755106e-01 2.980962773667554799e-01 3.333080646572479377e-01 7.342412359810721600e-01 4.349736543674932454e-01 7.436429705652732869e-01 9.726597353133091817e-01 4.662135606319863790e-01
2.782826598145979879e-01 1.908389055024171110e-01 6.550183545173304811e-01 9.728942544008590820e-01 5.680255463979380082e-01 9.102098354259136048e-01 9.225704474714915282e-01 3.295382418037074990e-01 4.256401949068354673e-01 9.037416061374632381e-01 5.908984172775592070e-01 3.752241404031152472e-01 3.217820257815922069e-01 2.844417330205439853e-01
5.118901403839389852e-01 7.857955127087882241e-01 1.125155837193585473e-01 1.401100024231370922e-01 8.292086531276832151e-02 6.293967562043281117e-01 7.449517586473266562e-01 2.962122507704810781e-01 2.659278892235703573e-01 5.683168722607615519e-01 3.290709458527659725e-01 8.310127863609568788e-01 7.278610375663940868e-02 6.855976931270405528e-01
3.856498372385791518e-01 8.323012809004203261e-01 1.964110565286913967e-01 1.261712758565387560e-01 7.797572406743941142e-01 3.509936758383853661e-01 2.033887177700350879e-01 7.869168016833016921e-01 1.866556686615965521e-01 9.883524739565791029e-01 8.749893630331865291e-01 4.112352863460768670e-01 1.642999674535523535e-01 4.038866225183327385e-01
3.354008315865437684e-01 7.194976092038554150e-01 4.946663312985710714e-01 3.678696426788596874e-01 1.905361539210146393e-01 4.761416839061807238e-01 8.543739440322534184e-01 8.071630386206829488e-01 7.138603882680628621e-01 3.447644134151924833e-01 9.614253744339573693e-02 6.825902854239378481e-01 4.880900721934094966e-01 9.924899861045222149e-02
7.277346120071183089e-01 2.044657975386746651e-01 3.531942762881584708e-01 3.247349051949312004e-01 7.998868857401351118e-01 3.499593039730999333e-01 8.775260296469558075e-01 7.860139240062247179e-02 4.294061089652246865e-01 3.309532074975867211e-01 9.295874448461300954e-01 6.779512073775434411e-01 2.354281158716078348e-01 2.540929642471700944e-01
8.950839366359080174e-01 4.384133131175322884e-01 2.796956999177765413e-01 1.464419982429795430e-01 6.153618271811504004e-01 9.163730710665731749e-01 2.825986248086888031e-01 1.493285923437637219e-01 5.185810631643696933e-01 5.084771130757372859e-01 3.130037419828625156e-01 4.249632280190005496e-01 7.312451171085343482e-01 9.687765359368694096e-01
3.318735154624340433e-01 4.142263649551313209e-01 2.887870326790996645e-01 7.049809525271586441e-01 4.271253776251833223e-01 6.819759737371700048e-03 8.229770925634387613e-01 6.441917482153551866e-01 3.022156899297290256e-01 6.989609697774530339e-01 4.211037143325866428e-01 7.330876976110722865e-01 7.349116635484422844e-01 4.870574655567508904e-01
9.235976296342441882e-01 2.162318267169145436e-01 4.578400206736149558e-01 3.548516971073971682e-01 5.574290427454624552e-01 9.657454058777255046e-01 5.534004705924294720e-01 2.459155253906945005e-01 6.724938564105464867e-01 7.909117771317930590e-02 1.389249611651888205e-02 2.712740762715288856e-01 4.015868466437459983e-01 1.418801523324161318e-01
2.692637085724189916e-01 6.884076605182817277e-01 5.967118154646610106e-01 1.306082729638586848e-01 1.612190924414051985e-01 9.631544460724411616e-01 5.817571659493905312e-01 3.822106806917631161e-01 3.894543116142669126e-01 4.697781331334457411e-01 6.256352076154152453e-01 6.908716883870428260e-01 7.204528429800728384e-01 7.529329042912846770e-02
1.733329492431616714e-01 2.030914741309969296e-01 6.199549447887396925e-01 4.488028222838399417e-01 5.109680469644692913e-01 1.885027202100425514e-01 2.709127120980002745e-01 8.359540360822413918e-01 4.687028122984512324e-01 4.784700088080018343e-01 5.135106026782022548e-01 9.033186337128299437e-01 3.759749027887249184e-01 2.235287677104677018e-01
4.967485110435778672e-01 1.217444871993208499e-01 4.574467997525558660e-01 7.357338623651145104e-01 5.195464093808535022e-01 4.387329698284383461e-01 8.362532888871986314e-01 4.402245587790891701e-01 9.711449837706916943e-01 4.822188795458092203e-01 4.619967828201360094e-01 2.499032628390175370e-01 9.583351289539723261e-01 9.244558073723975200e-01
3.305858999915376462e-01 7.359799118076644220e-01 4.745125914777825749e-01 8.015679498048368101e-01 2.303249348509537331e-01 1.209010547795430490e-02 3.933573062324215996e-01 7.485778432211421807e-01 2.384621936284959665e-01 5.114391551556846105e-01 5.013183792800021132e-01 8.295777489568165741e-01 5.837928938691394620e-03 3.176412438638331892e-01
3.174740520236393193e-01 2.289241968921096326e-01 2.494571778687749708e-01 1.790528875485293270e-01 8.764755643301228583e-01 7.689498605324466274e-01 5.245514678896914251e-01 7.420509255039590135e-01 9.810786055701888886e-01 8.885936855365262899e-01 1.923381530354414393e-01 7.320537553800954278e-01 5.008860326629335225e-01 6.656965865560181550e-01
7.094198931100655914e-01 4.843848133491478469e-01 1.123125951331955807e-01 8.576725775797133799e-02 1.539644765761916112e-01 8.030356295935552335e-01 5.772769172062441889e-02 3.168601353603418547e-01 3.802442331958856281e-01 5.119673830702712314e-01 1.016958998769459388e-01 6.239307306614427784e-01 1.947520996157818818e-01 6.467079136437490217e-01
6.898286783982501280e-01 9.699501334543998432e-01 6.326785768843380398e-01 6.408677730760876656e-01 5.048931027459603316e-01 6.824861421981313070e-01 9.137443273143769362e-01 3.113860447110458063e-01 9.887638629110665489e-01 2.172751048240394445e-01 2.359513348205524164e-01 7.631548458497054988e-01 8.618503671676736033e-01 5.320768110753095748e-01
5.713991710092413134e-01 5.296055027386141756e-01 3.034708272288650921e-01 2.752602297011655930e-01 4.880379195822063254e-01 8.878405979530421543e-01 3.900552650250372899e-01 6.026796684168417295e-01 3.498687166161326134e-01 8.118730447647470871e-02 9.440351192388227730e-01 4.873276669745227885e-01 7.647914688596093580e-01 5.642474371195276284e-01
3.788402051902108880e-01 6.279345238425905196e-01 9.669250571664228522e-01 3.152859513450855244e-01 4.796774242959562784e-01 6.359008747385308524e-02 6.466089170039108769e-01 4.757302844676640774e-01 2.161307401276463258e-01 1.397698020156168397e-01 9.141742237564475237e-01 2.496801899159672988e-01 9.737863286568315679e-01 8.894224470773620661e-01
6.784605177915059571e-02 8.730150791846336134e-01 7.841217671534032041e-01 1.513867889276232503e-01 4.491638436669899148e-01 5.458168373784290095e-01 1.879881844887095754e-01 3.132543461034299481e-01 2.990119841261984490e-02 8.668849140535855868e-01 7.153921566680299104e-01 1.683768766230757663e-01 8.655582273085279388e-01 9.197169648888109394e-01
5.823091847736585613e-01 9.029826629729605925e-01 4.661152902365270911e-01 8.629673767109947713e-01 3.942714788793961755e-01 6.573065761686737174e-01 4.864429647926679090e-01 9.183138930904666264e-02 7.200310617186898021e-01 6.813694470907560863e-01 2.841279835671173259e-01 2.739171092690370068e-01 8.894318486520075284e-01 8.681653457383923245e-01
5.745243488115496788e-01 8.075328760593070143e-02 3.722985239639300392e-01 3.263299785226559946e-01 8.244270023267337155e-01 5.370904296528355992e-01 4.466718153355925258e-01 7.624087919539910274e-01 9.720216207834341260e-01 4.854258496930075051e-01 3.670434382864907752e-01 9.965254239011085424e-01 8.545873460377515496e-01 5.253251126505453783e-02
2.355637123352869455e-01 6.240824054692351019e-02 7.783444714846473600e-01 9.851007270764652324e-01 4.756431558908955637e-01 1.381898334979259069e-03 5.920977686514471428e-01 7.172323690365725035e-01 2.255959032227758954e-01 3.934272269496975616e-01 8.092694845313732621e-01 5.314873132034469982e-01 3.186349411948361521e-01 5.861834527383190663e-01
3.009704643291440940e-01 3.636341778298405325e-01 4.429490467815728749e-01 3.866181790005598362e-01 1.249594118572524559e-01 8.261385998133837782e-01 1.928762302179160004e-01 1.178259590821589819e-01 6.955108362452564474e-01 8.944057072147717502e-01 4.266882455079139547e-01 4.056776010919888042e-01 1.033357024091565712e-01 4.986248775370639708e-01
6.650758052949945487e-02 5.815265741166442126e-02 9.541171394261851457e-01 1.505712881980461049e-01 6.174559980999128062e-01 7.029354610678701931e-01 9.632697585504796933e-01 5.772760147110892470e-01 3.747203433522673377e-01 8.872850848670865709e-01 7.136398917535241582e-01 9.832790625994282108e-01 7.134491888552331185e-01 3.168598564129956330e-01
3.225682805803323783e-01 2.373860815031242355e-01 4.243593665951697069e-01 3.313289750312523596e-01 6.039266392854429899e-01 2.243915656933350711e-01 1.690858215297323941e-01 9.135257544040478184e-01 4.054787077001431594e-02 8.211746106908002218e-03 4.150782905591242633e-01 1.859438705544717019e-01 9.142982180275007753e-01 9.798882016312869814e-01
3.372926908838542737e-01 5.639563517789345504e-01 8.800704384053001927e-01 9.560148836375951253e-01 2.021316766802010445e-01 3.279430635751425793e-01 6.288001002829056718e-01 7.592142506283657832e-01 3.088300632481106867e-01 9.290348855443589793e-01 6.583711759884879333e-01 9.280681436999346223e-01 7.504287179235481497e-01 4.716884524573854431e-01
8.096640294208845567e-02 8.524410805198064933e-01 2.751366636861490855e-01 1.045459970402952132e-01 3.481816050116345318e-01 8.833265184621913457e-01 6.182945377341353410e-01 5.676172402197959821e-01 5.558994288419617513e-01 5.581943586089948006e-01 7.248161840579137039e-02 6.703976008319436630e-01 2.885419080088413857e-01 6.351470554436217109e-01
5.748477488466097185e-02 2.624560713238579535e-01 9.347563374459200158e-02 5.531989379902537696e-01 9.599369932186764265e-01 9.607887453376329212e-01 6.898909362333109918e-01 7.833156783070486240e-01 1.636491283582157674e-01 4.537375089361788127e-01 4.580547176226124062e-02 2.102880190490686863e-01 8.549510895035364877e-01 1.241668931009265453e-02
1.830988833521600689e-01 6.587803348286559446e-01 1.526428096572000070e-01 4.913231679387175532e-02 5.645815815386976411e-01 2.962750000496585656e-01 5.085844488162031274e-01 1.726892924449077160e-01 4.907950510891635476e-01 3.701955631557063420e-03 7.417140790493813585e-01 1.230344587552039126e-01 2.672203753857870234e-01 1.752208656728326819e-02
3.685709604958273822e-01 1.485443488750326502e-02 9.311789316948694273e-01 2.023311769583798769e-01 1.021043420311600336e-01 6.870104124703501070e-01 6.945794233512679883e-01 7.773175851206408637e-01 1.644922807349523675e-01 9.488023515401946550e-01 3.940044619060811826e-02 5.387525850735973565e-01 5.848760809762532098e-01 6.243421915179424575e-01
5.628537682928266284e-01 4.301135373444585630e-01 6.354538258737074674e-02 7.849882077215538656e-01 1.470034808189125686e-01 5.387521673609196871e-02 2.077195442968158279e-01 2.484291599148137353e-01 4.769312868310511266e-01 7.899945155653471662e-01 1.065452345165052161e-01 6.279240641648086152e-01 3.299995072578870703e-01 2.604303243659064071e-01
4.352902495571525643e-01 5.149770599559511108e-01 2.141180839530658631e-01 4.632818972810214264e-01 2.980882557757721374e-01 4.349074843335017926e-01 2.190388579030236871e-01 2.553644218857332726e-01 9.365140070432939057e-01 8.288229473104590239e-01 3.805598486938566172e-02 4.840546424684386562e-01 8.975761657943407412e-01 8.378535936727533606e-01
7.234887127096312209e-01 2.207116022028779989e-01 9.439254894664421691e-01 4.039095120230599134e-01 7.594632145194818440e-01 5.249365865496584682e-01 8.658990099781154193e-01 4.014340835113675565e-01 1.336658127754660752e-01 1.461140753057241781e-01 9.426503850907692605e-01 7.126102851466953325e-01 1.100920550352822991e-01 7.923209517480050978e-01
9.755134032648292708e-01 3.375292190742695819e-02 2.588645444428473441e-01 8.447850469327441436e-01 7.123043165211047079e-01 3.627913786288400333e-01 9.014743079722257191e-01 4.326759489797602498e-01 6.247790957565014791e-01 3.807670150570990897e-01 8.852923960953668070e-01 6.392204638505986081e-01 7.078337659458515674e-01 6.161851009225371989e-01
9.915203161556949141e-01 4.222461052780374091e-01 4.283124661399525523e-01 2.526812759947655307e-01 2.868812696035265564e-01 1.744011940622658408e-02 5.309898149758849328e-01 6.830808633795415474e-02 2.166493727044604967e-01 7.196626241062270557e-01 9.915203808675498998e-01 6.316218281663230627e-01 8.769515973814673293e-01 6.071902205903605410e-01
2.696149434966121916e-01 5.724625357875985365e-01 1.411725649978645691e-02 5.191337080787185032e-01 3.482635188760149214e-01 1.030477823977630214e-01 3.184299904660431446e-01 9.167858107298759718e-01 1.076148484689346541e-01 8.960152852667433443e-01 3.976357503791139170e-02 8.677431832121935695e-01 2.412075132079961604e-01 9.042313201917384635e-01
9.759067841206150451e-01 9.762389792384734699e-01 9.868313697864048439e-01 7.676054930662555842e-01 2.736572422306616792e-01 5.087026262686169531e-01 4.244676350321986424e-01 1.716784734356284758e-01 8.201707221460133868e-01 6.327141684605671612e-01 6.551343012300180346e-01 6.912490341153105788e-01 1.870645913823402173e-01 4.089388861303994149e-01
1.539142862093306752e-01 6.575107876315114952e-01 8.686087481239052055e-01 1.758787600455248290e-01 2.915037608742419017e-01 6.166123930890279325e-01 2.040165712279579102e-01 6.024757733800470971e-01 3.776377820209757541e-01 8.508675301567054650e-01 3.681395270853415891e-02 9.123037028995780728e-01 4.029741552892803780e-01 3.492931852643696988e-01
6.770401395535369238e-01 1.349100683718177374e-01 4.426780203060126651e-01 6.521610818988758940e-01 2.735132378958882171e-02 4.712888565040385114e-02 9.643786504915314861e-01 8.324701714569990862e-01 5.174737005872375173e-01 9.817057149821410977e-01 2.592524372536875177e-01 2.865459827496250611e-01 8.472540647318327345e-02 6.277789779034809170e-01
2.456659471293640706e-01 2.177551096346104220e-01 4.924086886854355249e-01 7.368673642329337525e-02 9.605549271618691876e-01 9.136473551123159842e-01 3.607743779075862633e-01 5.522504855824459380e-01 3.882207864175899470e-01 1.673127690796097911e-01 2.122071005707816260e-01 2.683930050028138226e-01 9.680632762638345934e-01 2.772395524423304503e-01
4.156493408432074821e-01 4.021387109937393234e-01 8.559501767744267520e-01 1.560027857630795767e-01 9.314646526161313167e-01 9.247933267172422367e-01 9.257187021439658992e-01 1.322281425250769749e-01 3.415442888081055006e-02 7.904863921361103829e-01 7.218851900724464477e-01 3.797364221022834219e-01 2.544311591549086593e-02 7.495061848770252499e-01
5.258888365751178684e-01 9.405758505359292920e-01 7.404535394849207641e-01 6.480256506665055261e-01 7.046422728384654777e-01 1.085477595445890620e-01 1.153285882461533296e-01 1.297967564743509605e-01 4.522719319202764821e-01 9.718767976637325834e-01 6.099157880156091949e-02 1.587325888487227665e-01 2.055565312662738231e-01 2.274080032141179153e-01
5.283204652279608338e-01 1.078060244962797398e-02 1.031848799293035857e-01 4.047623152803971891e-01 1.730372752759044008e-01 7.153241127012899270e-01 7.814331691404552416e-01 3.240383076921201644e-01 1.280928780960188806e-01 3.964087869422558974e-01 4.054596543922380780e-01 1.326511880636702667e-01 5.614571127948949636e-01 7.907785596494854019e-02
9.190776455586019411e-01 4.863569671729737198e-01 3.758190205722390376e-01 6.653798196359783645e-01 9.889863998293604297e-01 6.861668493685320058e-01 7.281412070951344129e-01 1.538046040788149105e-01 4.735356703068822615e-01 2.416782477554273445e-01 6.828798949547519870e-01 7.165442359152019991e-01 8.154246709788742775e-01 9.215377428304730723e-01
3.015925064841160630e-01 3.815568740469003073e-01 3.661055120262246554e-02 2.547290410583112896e-01 8.894149618144413516e-01 4.193791717262584928e-01 4.184578300931780515e-01 5.533438603296533254e-01 9.046752111698619370e-02 6.515000499165753967e-01 8.490699640121094349e-01 6.898955185753132824e-01 5.021492530391175046e-01 7.703432163720329573e-01
2.065691055348182203e-01 3.156233767559386560e-01 2.509845897163465178e-01 2.527488539046331972e-01 5.334265736856910189e-01 6.679188881239830344e-01 3.077065947106437660e-01 7.281205499251794944e-01 9.312898926441572911e-01 6.948160851995967002e-01 8.526127510162018197e-03 5.153249768364909222e-02 8.407329099302032205e-01 4.622516321670310235e-01
8.008549724067083320e-01 7.666256272355901347e-01 8.590939771014887150e-01 1.775690104759974908e-03 2.404519462912378946e-01 9.634037137902000669e-01 6.300155889596738001e-01 7.235358354460502683e-01 6.307004906690800716e-01 5.797736083903586302e-01 7.806689185865114400e-01 7.221113842131130500e-01 9.078761791716073448e-01 4.265827786749979422e-01
5.262682511241359995e-01 9.952813714599635375e-01 3.581658982376632050e-01 1.552134168862807639e-01 3.535913420738807655e-01 7.897305694898800743e-01 2.607646035894599645e-01 8.010796747600145151e-01 4.882148047188518136e-01 7.510847186544922227e-02 7.736180462780412048e-01 9.104865090867119148e-01 6.238981732289545779e-01 1.743548660164063735e-01
6.763413718618075388e-01 2.339787545232535626e-01 2.450716053485219037e-01 1.906230032521861739e-01 4.196417079194347810e-02 7.257456918002648250e-01 5.043670458583985328e-01 7.884295122648024012e-01 9.087984861812216097e-01 8.036403101746326660e-01 3.999918076567196001e-01 6.520600573269650369e-01 8.943711068787395524e-01 5.100331264334428960e-01
1.271684850060788019e-01 8.041944420780097191e-01 1.020455579586413419e-01 4.872011622101739547e-01 7.714904737372522137e-01 5.028007269593066653e-01 9.377600708491270476e-01 7.663026259991315703e-01 3.015113656109897899e-01 3.394258096085360776e-01 7.675714006642857523e-01 4.301701204937558032e-01 3.497392815310189640e-01 4.848939309897158934e-01
5.103931833216333036e-01 3.601358386103293840e-01 8.734640421537529509e-01 6.332792462470380190e-01 3.747458612708762793e-01 4.827841719680697752e-01 5.235413470217509246e-01 6.638135702235644642e-01 5.235045978831663893e-01 8.035539398215775231e-01 1.969832625574687857e-01 5.658108635941451192e-01 4.342875639925052322e-01 1.309001887530090169e-01
5.365438631929363433e-01 6.666200587270744160e-01 3.510340534004504631e-01 1.072256530879337477e-01 1.355795115894387060e-02 6.004514986783053843e-01 8.560184491194671175e-01 1.671166118430451597e-01 2.890501064017646504e-01 7.898619550729841787e-01 5.834162515273740857e-01 4.233126457357747618e-01 4.368876389337040811e-01 4.626627437167177836e-01
5.607913713880741113e-01 9.139245280008992944e-01 1.948891834008454893e-01 2.921282472905808447e-01 1.994250112553800358e-01 1.408555197200669351e-01 6.691778179516649772e-01 8.954762161646566687e-01 3.044778455204008027e-01 1.896662035165649351e-01 7.397123255956478127e-01 5.144436742629344694e-01 1.973858579305702854e-01 2.513066284054071842e-01
3.912550930101070801e-01 8.227718201359028871e-01 7.593782794176628936e-01 6.667719538933897239e-01 3.955162907682926443e-01 7.001744395346701788e-01 4.896423619176014652e-01 2.840325772763641066e-02 6.637040376843567069e-01 2.428457601595608306e-01 7.339125700249796713e-01 6.862528406988642748e-01 4.322741798445380867e-01 1.161806629477823982e-02
1.689063185920238741e-01 4.442231648812594580e-01 8.971120477730393228e-01 3.571063768349458378e-01 8.876762044192277878e-01 3.140399140536760392e-01 1.262536921787196231e-01 7.747182067642677250e-01 6.473683838895596399e-01 2.560864742694362040e-01 9.537158620581419610e-01 6.837782310851678869e-01 6.562371481369819737e-01 8.830227419023572999e-02
6.246353676850091574e-02 8.766672707795719610e-01 5.826729675479370707e-01 8.476847861570667719e-01 9.905593236385319411e-01 6.910049585322295407e-01 2.303277114385782198e-02 3.402807461134722544e-01 3.811540037732336073e-01 6.943064947698976974e-01 8.825531539259383607e-01 7.220799730864594368e-01 1.847339856493954713e-01 5.295959892427903881e-02
6.575687897664876935e-01 1.256403413610645003e-01 5.649967218298990179e-01 2.701361325285152049e-01 8.282181325562398833e-01 3.280128656982350677e-02 6.918857534013268529e-01 1.683471044132127670e-01 5.242920943534881140e-01 9.465767036886176822e-01 8.667945686716398423e-01 5.703102493177789611e-01 1.445654448841400264e-01 2.991643149089640019e-02
5.334496966836195231e-01 1.945963883572302544e-01 4.404371474425297084e-01 1.615277081380284141e-02 5.820580666702505068e-01 2.193196461644103534e-01 4.929355028876292177e-02 7.937281295278365567e-01 7.864991539497522277e-01 6.150369473804944143e-01 8.278607833166301555e-01 6.166386368074650015e-02 6.807790676929030838e-01 8.342106857240486617e-01
6.219575083595629827e-01 1.887167305161886466e-01 5.803936309982569153e-01 3.732566578134055568e-01 8.570519637810185554e-01 8.402744715511091256e-01 9.034383224704340964e-01 8.705862657394325410e-01 6.238370381739899440e-01 2.659390387896594099e-01 9.426985975978731114e-01 1.743912487039924741e-01 8.672610642570349748e-01 1.555135783073895439e-01
