9.972800147169821328e-01 2.269326962576738715e-01 4.845102054651808654e-01 5.951809915822916519e-01 6.404618286265820748e-01 8.897576747793540797e-01 5.979141431238115256e-01 4.032248446596873315e-01 7.173981428909073088e-01 5.589322630068884745e-01 2.863679173664177569e-01 9.697531268999979304e-01 3.533180737333538879e-01 2.059646348510272285e-01
1.191823269741011382e-01 3.608068475880444881e-01 7.961542608759464290e-01 1.671645733940170242e-01 1.760314881143586474e-01 7.507100520854337322e-01 8.142141621741970647e-01 1.380626673797271664e-01 3.004177499140460172e-01 6.812881754417241531e-01 7.399645758836728149e-01 5.917903403326021383e-01 4.290837588671868597e-01 8.715172827662209798e-02
9.091724311084851129e-01 9.802468138041858792e-01 7.104167321515467703e-01 1.328550188109450803e-01 4.943378588684177455e-02 3.172811150062896379e-01 2.121945468460417761e-02 7.679699962014421288e-01 3.878572446226108417e-01 1.988545844772949822e-01 9.159356193982646221e-01 6.577329238610780671e-01 4.315641995877177450e-01 5.653880419654953027e-01
2.128298026844023250e-01 3.608378569583933215e-01 7.202004359201560346e-01 3.663025818536006506e-01 7.712417453858911864e-01 7.450308141860568778e-01 5.658176500361618011e-01 7.810927524214026363e-01 3.297445482615823931e-02 8.018502095360638959e-01 1.344579539004371327e-01 2.897577921946646873e-01 5.475495607813946064e-01 1.671716724078005090e-01
6.629618378333782536e-01 9.239215455224301099e-01 2.616706300158956333e-01 5.912635196526930814e-01 5.949815255357557842e-01 5.345159218359021303e-01 2.345861074488511111e-01 6.648805551131817815e-01 5.196399853003277336e-01 7.450266343949374370e-01 5.895784465125760709e-01 7.518060787983251725e-01 1.029475259973877677e-01 2.639565689238091428e-01
7.923425705582105572e-01 3.607135982438490762e-01 8.345764365752553759e-01 5.816612347874650091e-01 9.574543523927507849e-01 8.290089549072047204e-01 5.198699385487699498e-01 6.761474312738372516e-01 6.738978345118646907e-01 5.430209714664926413e-01 2.463663316739039821e-02 1.412018434858089977e-01 3.081642854578831026e-01 9.768978761452601356e-01
4.959948035705608049e-01 5.705895150754560774e-01 1.242885541058604826e-01 9.495185820199680826e-02 7.366054171230462799e-02 5.412376731365520222e-02 2.787793894756864788e-01 6.429829604113336261e-01 8.077651273599835147e-01 1.266846222560461532e-01 4.595504671067035529e-01 6.217926770399573311e-02 8.393132652461172682e-01 3.924780564484012801e-01
6.598166305142091348e-01 6.823920481498225721e-01 9.885651599883740204e-01 4.437445806182185315e-01 8.842976327854806806e-01 3.908058283605827521e-01 9.141843920331984563e-01 1.597130291102364374e-01 4.906485094298163041e-02 1.809285922430711180e-01 7.560453519952168300e-01 1.193548481168029696e-01 5.158316066493638941e-01 6.932507071954158162e-01
2.881132359390726760e-01 8.800542815180155687e-01 3.907572914759511740e-01 9.648426551421148689e-01 7.160724195900923794e-01 8.921402189767557722e-01 4.619932050404591539e-01 6.430245046618339178e-01 2.580732798648733839e-01 5.473241821730725487e-01 8.068798234536923575e-01 4.504531893313967750e-01 5.578403315405969787e-01 1.576176541808166354e-01
7.208873168740894677e-01 1.221941109573221329e-02 9.569630273331191095e-01 5.349224677472094180e-01 5.983462388560443213e-01 3.881159672158700502e-01 2.852262445749732533e-01 4.365625510131138087e-01 6.269125282602097116e-01 9.429761817195120299e-01 7.887998680355557957e-01 6.968590102419360832e-01 3.134497125550628205e-01 7.280818121430672196e-01
1.834338463795441854e-01 8.387635467154114233e-01 4.424270006427380997e-01 6.072824449911724543e-01 1.695472485775569860e-01 8.880331607683759065e-01 8.203367081324315357e-01 6.640736551968527968e-01 1.838790227773079433e-02 9.316525262628985171e-01 6.367298521274965539e-01 6.878024651570054937e-01 5.599201445749838468e-01 6.874334629727517632e-01
2.450871513475957331e-01 8.473706447552634691e-01 9.921606215911490390e-01 3.397911918080815941e-01 8.682295722707129570e-01 3.984458149255264425e-01 2.092617327925943016e-01 7.707876041398368239e-01 8.172994336627619205e-01 1.900900776842693318e-01 6.078096113482472918e-01 3.963450427822816646e-01 4.210144735632403989e-01 7.931075404605988366e-01
6.986020103212828847e-01 7.271160852428952825e-01 5.627764695544157370e-03 5.285312158441087815e-01 7.037996725251687291e-01 4.839902712307015964e-01 3.495225858925397056e-01 5.221023676650765610e-01 7.291225819742067626e-01 2.656445202743725753e-01 8.477421943657597048e-01 2.752354366728748669e-01 9.545904093784902678e-01 2.640653422720917742e-02
9.507235009424348515e-01 1.970363673596411402e-01 5.752086815071961734e-01 2.350553416379747018e-01 7.517398786720969062e-01 3.253541417245477962e-01 2.777530951326623310e-02 3.715047275236520452e-01 5.845878887849662586e-01 8.159398319824147094e-01 7.252391684910368674e-01 2.363170781812372612e-01 5.815810117579545135e-01 6.357147730010289655e-01
2.450855441020424186e-01 2.806129349988811805e-01 7.473598717665965729e-01 2.145905914867423103e-01 4.340634094481963245e-01 7.932722866720872679e-01 1.108695937314204683e-01 9.421681931492975615e-01 7.351367370807696533e-01 5.366337110726320248e-01 1.263215494934682992e-01 4.850357893102640316e-01 1.876093285913432718e-01 2.792322661390601590e-01
6.333801058704133791e-01 9.403653095163247988e-01 8.050634244066771084e-01 4.480118813174953640e-01 4.161452131839925572e-01 1.484211297092957738e-01 5.074700579348643270e-01 3.547206402960401128e-01 2.794208320979640892e-01 2.565717716692650363e-01 2.124136731776237186e-01 6.072609295929979334e-01 5.744949925231910282e-01 3.444415884160096919e-01
5.426685166029228125e-01 1.204742993883427538e-01 4.483434717077788845e-01 6.966283350715651856e-02 4.472238307101983334e-02 8.304053180719608296e-01 6.108544389061985047e-01 5.692165443263436098e-01 4.122287637294486107e-01 2.450940283743121562e-01 5.686928840938615393e-01 3.231616640381181904e-01 3.287488117848822444e-01 7.279592671875014798e-01
9.260311631553974632e-02 9.497918706336427874e-03 1.907509271842446896e-01 4.720043662607213975e-01 9.310395306648049374e-01 9.441553817472007060e-01 3.133902606876770580e-02 7.711470580691413002e-01 7.671936638443613843e-01 1.257085402167946731e-01 1.246080441484253010e-01 1.076051982768835291e-01 7.398906921479202481e-01 5.180864159762159638e-01
2.965117975745960033e-01 6.194136869203853424e-01 5.596365323597891628e-01 9.733791427151003983e-01 8.631009959356811256e-01 3.373807061730651480e-01 4.982199673664254869e-01 1.380507692948662601e-01 5.600227004080275961e-01 7.477776510946112509e-01 5.185348727680538783e-02 9.949806406788322954e-01 7.824858884680319093e-01 3.539743832038255711e-02
6.709366460309982294e-01 8.316223807784881572e-01 1.629374236094252026e-01 9.197246337053276433e-01 4.905414849104159369e-01 6.628260846271775142e-01 3.040791519937127152e-01 2.008917329785628869e-01 7.976041956396473509e-02 3.093313745007061355e-01 4.890026328890745289e-01 8.587255175761886461e-01 8.542335482795699875e-01 9.960080079892700278e-01
7.973255302273011269e-01 2.676730422170888746e-01 6.791328654704342771e-01 9.395670075632600593e-02 8.565696511570688454e-01 4.643719876525431722e-01 7.785107202008512139e-02 7.022089681367358338e-01 5.507842067724052493e-01 1.274605421264272120e-01 2.522510257512300402e-02 5.982636817862266865e-01 4.245260321991529695e-01 2.497996086306852881e-03
7.866287754549682321e-01 3.794267416620312749e-01 9.952016761700783753e-01 4.746252666472903226e-01 5.082011944132861503e-01 6.525237929699053696e-01 1.189248742646408230e-01 1.472262517944414872e-01 6.392409062952864041e-01 6.665052741199675168e-01 7.798854553481294749e-01 8.154115378979083228e-01 2.138502247898913522e-01 1.349456146111704946e-01
3.159462565926977051e-01 7.552299936446481565e-01 4.795832934879151743e-01 7.447551773552375520e-01 4.443637303538232608e-01 1.675524047941614469e-01 1.207889315133942043e-01 5.393504439632119674e-01 7.578190109789644247e-01 8.841307777964119152e-01 1.811763105429607945e-01 4.956268621989564638e-01 6.609426973481586920e-01 4.786794531374077843e-01
7.633307528753244808e-01 4.238390531481975865e-01 4.790661956545914091e-01 6.777547358623047247e-01 9.244042304119066689e-01 5.871936558654408111e-01 4.433778720412300256e-01 3.186446675296220610e-01 3.618866550109144375e-01 4.467781113729635267e-01 1.929110065365194915e-01 2.108809238367627126e-01 8.895165219648490940e-01 9.578023266386626045e-01
1.510265953047448262e-01 5.365992187766884802e-01 5.922366632993840696e-01 5.056716148214134288e-01 3.413106619697218180e-01 3.770198567676346091e-01 6.186185913628255983e-01 9.081193234841293815e-01 1.803975803520637688e-01 8.151479833558560317e-01 3.185005946413485001e-01 3.694268274621692605e-02 6.573845226267445163e-01 1.709743221199186980e-01
2.960667790605097105e-01 4.804421840568184887e-01 8.925484308250933863e-01 7.055055350033666572e-01 1.318576531608470770e-01 6.643495363652944796e-01 4.491047871170907868e-01 8.319185275466556284e-02 1.915853662199312746e-01 1.991211200508297141e-01 8.384871750277718139e-01 5.025487335199998462e-01 4.934361040846446667e-01 7.201960106108704629e-01
3.345577840659719193e-02 2.724630645304650933e-01 5.635510295074637188e-01 5.413462219089487659e-01 2.708190092785967007e-02 1.383403746353605301e-01 5.198506636149734517e-01 6.521937144191602975e-01 6.065419269720051521e-01 8.985858925042959910e-01 3.774159702490420543e-02 8.235794727822479677e-01 3.221696708419877764e-01 1.179091578890342218e-01
5.553266202696284237e-01 3.696217923214782930e-01 9.166600829915242388e-01 6.429438306321229035e-01 4.899477919131014492e-01 2.096359918042866033e-01 7.468342636562121939e-01 9.036884766605089991e-01 4.471865733745447047e-01 5.015686111896267008e-02 1.030278534714527128e-01 8.026777540570939617e-01 2.761207235517100234e-01 8.427060896680389490e-01
1.163197409912646307e-01 3.560787549679257369e-01 2.317487646562225168e-01 6.412398855542782439e-01 6.241502479761914524e-01 2.997100812627054855e-01 2.342970779224007316e-01 9.849213259475939619e-01 5.255132723304855036e-01 5.372530928536370931e-01 1.868842141125768297e-01 9.319634737699454829e-01 2.954632615304308985e-01 2.788838599938280316e-01
7.015235523509506521e-01 4.079591576237096007e-01 5.040072865316977957e-01 4.417702053410421659e-01 6.903848240491354815e-01 9.744632950811407124e-01 3.693624339695970038e-01 6.838820203322817370e-01 4.662893518955736338e-01 7.882439068544221383e-01 1.798439382184983115e-01 3.216500126548710314e-01 5.608785268608199592e-01 7.439234118207886937e-01
1.606986962065537483e-01 3.092424140433406299e-01 6.633805348599742802e-01 4.768439984688649380e-01 9.304531312578600000e-01 8.668727742460126118e-01 5.888827045547130323e-01 9.054759729013406311e-01 1.276284570751314851e-01 3.183003745498360626e-01 5.456974717553768617e-01 9.747309553278413752e-01 4.050155334476014390e-01 3.702822987888162443e-01
4.216218375802139873e-01 8.723909396410349792e-01 9.340783621172488171e-01 5.382415347835427522e-01 9.635704594401562906e-01 4.926895833919910928e-01 6.025556325672960511e-01 2.110575497080545704e-01 3.783933129943899409e-01 8.595961352263186139e-01 3.499103201687665532e-01 8.762661725314665473e-01 5.840467317522545221e-01 4.063947497801803088e-01
3.633805666445174554e-01 8.464531367701355613e-02 2.018858518940599422e-01 6.025031949796900710e-01 4.207877236484728334e-01 6.366088820354012245e-01 9.827366739635778892e-01 2.487157621199529434e-01 9.652617046290720149e-01 4.375118921427259000e-01 6.991401205926214280e-01 2.037355897036874364e-01 4.095089221247845135e-01 9.058622183003974815e-01
1.751604395702925920e-01 4.243364880384727922e-01 8.312703915338964800e-01 1.876213547669410842e-01 5.027990892552200997e-01 4.012453578336194759e-02 2.414109025813978571e-01 7.861064357750369158e-01 5.307417465050582317e-01 5.638811672769911132e-01 3.202826674930662199e-01 8.552526280550594162e-01 8.316327025781751203e-01 9.234377453574660333e-02
9.599257905881353192e-01 2.419028846280402156e-01 4.547811644111164897e-01 3.780735460318385144e-01 1.781287723871260997e-02 9.850577845195053195e-01 4.255811880874700304e-01 8.407272538418207874e-01 3.864923989899766710e-01 2.223423329137562687e-01 9.994266058250822482e-04 1.820245664414266162e-01 3.224029386628507465e-01 4.783140863717006974e-01
7.485664673832821414e-01 7.930785911522424403e-01 6.991729231490062535e-01 9.193277127541371607e-01 6.061820822883406956e-01 3.596665531889269296e-01 6.200374592315960331e-01 6.763101143526517589e-04 3.105841711346842837e-01 3.265150064498368865e-01 2.658331811289297297e-01 8.673474258843303364e-01 1.257960366560586518e-01 1.030822604798794506e-01
4.471841510591679780e-01 5.489108952285007836e-01 2.649088456820588577e-01 4.191822492671004596e-02 6.381619488969023646e-01 8.249365257515611782e-01 6.494935619133485050e-01 6.385798423097601706e-01 4.307982829731417107e-01 9.277169052022659068e-01 8.269898426699242577e-01 7.565279899244373718e-01 8.425695290258251591e-01 8.329032533387966675e-01
2.269983771592435362e-01 4.553194150314147093e-01 2.417200073337608668e-01 8.491541722629369904e-02 5.680430302682498711e-01 5.473538190449021013e-01 2.924853772694957499e-01 6.380453659424693003e-01 1.484808924304160671e-01 8.356542455928160917e-01 7.257779903118544151e-01 6.572141779135202144e-01 6.515253711235154954e-01 2.821186446379289059e-01
2.106176293252671750e-01 4.285662687685294348e-01 5.383284981085200149e-01 3.062180834796722761e-01 5.657455409188862916e-01 8.136627894298456010e-01 5.518766763449320933e-01 3.276124344886071071e-01 6.579651194326463504e-03 6.232084955597705367e-02 5.555299244172149375e-01 3.869095462452587508e-01 4.048816738552453165e-01 1.152074995047372985e-01
1.612246517772830678e-01 9.486328175458936807e-01 5.608945623397763036e-01 2.669447093230370438e-02 8.871221208664961111e-01 4.366931743348363426e-01 2.778852425496047829e-01 4.373740671133561353e-01 3.758067683577280826e-01 7.497307752648533219e-01 7.004095703655627281e-01 7.403408486929851096e-01 5.245198532756412124e-01 9.843977957590028804e-01
6.016593441106331541e-01 5.963904086547455741e-03 8.230227873961987184e-01 5.749696746621684174e-01 5.884335780177346598e-01 8.697058425878267940e-02 4.814460482279694364e-01 4.267621329134116959e-01 7.393031387172424029e-01 7.377413539332710046e-01 6.307631448410083719e-01 5.035622018454261051e-01 5.734578388862713316e-01 8.387605706801199990e-01
2.922119020798186195e-02 3.322074438224517090e-01 2.325963638731229910e-01 4.495070363882506248e-01 9.576510890953068289e-01 3.006218168131508106e-01 4.968980913319916981e-01 6.351032747442956206e-01 6.711013060735490088e-01 4.968117427644462847e-01 9.295163989239895175e-01 6.126330653037940221e-01 1.221415139911039560e-01 6.469776328626534179e-01
7.384444732952969437e-01 3.840847713419449638e-01 1.997712764466943458e-01 3.319956747117246421e-01 7.186306196219405251e-02 5.951001062254471785e-01 3.396420623748777068e-01 7.024774816649030917e-01 8.827134543364195673e-01 4.845920887574025615e-01 5.731733482086773801e-01 8.183503441153653357e-01 3.212934233165458675e-01 6.160947261197298186e-01
2.803993502327034593e-01 3.326579854022306826e-01 9.612715647380773998e-01 6.458618239954058149e-01 4.319709792771192491e-01 6.269679581774092458e-01 1.535634623206115768e-01 1.335727552597126833e-01 1.026190567383592489e-01 3.885148113312459905e-01 3.908877185389669773e-01 7.005567143718470779e-01 3.013982552812849436e-01 4.735142876389634159e-01
6.751947060176235471e-01 5.949251868491728379e-01 6.794019514912913449e-01 3.997855109841812471e-01 1.717045849167700977e-01 3.378567410863539955e-01 8.644338970002913847e-01 5.211135510133736437e-01 8.792829131688587596e-01 8.767391613124581040e-01 3.550197723036121467e-01 2.242338763121561884e-01 5.358641221941728983e-02 2.126164667509928830e-01
9.738009352035985611e-01 4.091523781216398481e-01 4.587917236932581577e-02 8.027623223644827499e-01 4.254449855726022411e-01 6.989685698879244402e-01 5.393672110209182247e-01 7.265162226004084900e-02 8.557640523061589288e-01 4.152622253848800016e-01 5.638957734348504225e-01 7.072006081379315079e-01 8.574545815965975981e-01 7.369291937115182156e-01
3.408459824983447461e-01 6.416836742043363628e-01 2.418294949213150025e-01 9.052883543474807837e-01 4.686770065406905550e-01 4.569090246522645726e-01 8.049374032250099509e-01 1.991875308712844905e-01 7.415932139171024229e-01 3.240238333726996878e-02 3.498281660544316773e-01 1.364123911898392771e-01 3.825899977386904016e-01 9.300995973804893069e-02
7.029114147406003710e-01 5.953608505273221274e-01 9.921630665037979302e-01 7.540040383634408760e-01 9.274458296308348837e-01 5.881886239063616184e-02 3.187419023449534761e-01 6.427320929730717669e-02 4.055850394247062507e-02 1.465986175199641695e-01 9.329130071609358366e-01 6.311881732593235261e-01 5.604930063174086152e-01 1.810182323730347154e-01
4.786948159507060652e-01 9.789521575728704628e-01 8.667418393261272502e-01 4.818525821213941462e-01 3.064368102832475405e-01 2.924478522658379154e-01 1.423513390207434837e-01 9.767477631061360910e-01 3.239625829316641337e-01 7.705996643130877954e-01 6.921905248091124729e-01 5.780768905201840724e-01 3.635370783027545016e-01 8.554456188492718383e-01
5.500145153659977693e-01 2.258343483080103020e-01 4.442240676061158799e-01 9.178849350691866693e-01 1.321920845055445382e-01 9.463624774530808859e-01 8.094082503729047584e-01 6.902974252275494438e-01 1.908331936127620754e-01 3.675334542330910281e-02 2.052957061537573624e-01 1.169498205199296370e-01 9.429736708781855103e-02 7.767015938360063432e-01
6.894487820918449028e-01 9.524768598087488547e-01 6.333755348605427660e-01 5.667503242316683787e-01 9.339409880734661495e-02 6.265563967060413519e-01 5.925782960425720614e-01 9.336688417395360151e-01 3.096819054991232223e-01 8.224404771179127938e-02 7.030097970164084220e-02 6.390542527274599705e-01 4.545494115856363315e-02 9.720773565655670412e-01
7.102913821872378630e-01 6.891845165699804765e-01 7.053828007823241819e-01 5.536398031895869432e-01 8.232173295927891488e-01 2.775962560451296079e-01 3.870272709311731729e-01 3.656570863992368858e-01 9.215302192180172547e-01 1.734211786268382571e-01 3.663904598938266810e-01 3.433369222513652508e-01 3.262037643331424652e-01 3.260389850880741625e-01
4.770503056542568787e-01 1.918870552705390642e-01 8.606787343531816514e-01 7.175714177196094168e-01 8.493570767140784517e-01 2.237389082070456725e-01 4.427995830400185406e-01 8.967425507273104612e-01 7.960212449876380436e-01 5.682655036509118851e-01 8.155598015729732531e-01 1.388725609503638214e-01 4.850841927776305962e-01 9.716349727006335923e-01
3.909329554199384438e-01 7.253070888751295131e-01 8.762916099539224124e-01 7.715878839812961854e-01 1.448772315217766726e-01 3.372979837129770342e-01 2.105239953989975765e-01 5.421189272938888859e-01 7.164580304571337432e-01 7.755327402314361462e-01 6.739582760160616193e-01 7.667044951784164342e-01 4.323024949270977135e-01 8.806599179429980273e-01
1.158473367193051384e-01 7.565126384863751774e-02 8.889755624571887838e-01 3.802376768756254855e-02 2.340863069216081449e-02 2.388701137625055537e-01 9.474680176550723809e-01 9.020235370521973994e-01 6.318471668239035166e-01 8.669644169143490009e-01 1.842661444919673208e-01 2.188292793992167029e-01 2.054339201248598368e-01 9.901780688715127177e-01
1.283902202894060540e-01 8.450107842900814736e-01 4.918454627142645474e-01 6.170781042580156805e-01 2.681586471573634833e-01 6.476616554999067299e-01 7.810054082814720244e-01 3.990187190557271668e-01 6.308047373552356785e-01 7.612207180421879382e-01 5.375439355713254042e-01 3.417213272190963158e-01 7.622614276783201692e-02 3.783315739735582106e-02
9.272938266926492590e-01 3.103889068462767353e-01 8.069540860982136188e-01 7.975203936296422214e-01 9.481365990668131349e-01 8.529692029799024189e-01 4.838950299487372320e-01 6.822567259123482053e-01 2.001752965509749904e-01 5.033496057164128512e-01 9.235351135181820714e-01 4.546025582011190558e-01 4.613281065698875416e-01 6.428512177155972784e-01
1.805824925504559975e-01 8.687571910818270293e-01 2.412600686439086983e-01 4.863498064823198463e-01 3.897735379646181109e-01 7.061360929110753748e-01 8.478009759117951516e-01 6.193387502021716617e-01 6.709982485598600110e-01 8.281538437612758763e-01 5.904521118647247935e-01 4.106856502238764861e-02 5.153874042436452640e-01 1.732940226469853462e-01
5.575781757793155657e-01 3.811586855817838959e-03 7.459920315640153898e-01 4.887664390199439879e-01 6.325196682871221388e-01 7.507292992691195765e-01 5.974781259668398015e-01 6.617334512396118029e-01 2.169496222317693901e-01 6.337945090240104662e-01 3.690254224867406396e-02 7.377415653164698384e-02 2.242335020166807968e-01 9.675839537423489567e-01
4.384483101561464924e-02 9.042371174910622811e-01 1.301214903904748255e-01 3.019446700965847663e-01 2.543265966774287401e-01 8.718970643218834082e-01 7.113344637402312376e-01 9.012834916301767363e-01 7.379697205269524218e-01 7.120470788854329491e-01 9.571357462391675286e-01 1.111168624148857198e-01 7.682760346182928579e-01 4.375902173435752829e-03
8.416190462068033895e-01 5.901802697907010398e-01 4.294442301519788563e-01 1.313223862227851368e-01 4.810776353400305627e-01 3.299321403795980601e-01 7.597043256879879580e-01 4.174203726579879259e-01 8.855009408185920972e-01 1.674088395397351769e-01 4.770133811190151452e-01 3.722872505697940593e-01 9.731860955245927869e-01 9.726723712009494038e-01
3.498484750495028939e-01 4.909623383764600835e-01 9.031215840680517637e-01 7.060393936069971899e-01 2.748290096706296204e-02 3.490579118538505998e-01 1.959083940593191464e-01 5.469697181273779352e-01 8.574047021242190425e-01 8.515950318174863032e-01 8.650851868269885392e-01 4.855413637203165322e-02 5.360393128892565473e-01 6.449637347277130672e-01
4.822359180549115054e-01 3.928623345629091990e-01 2.516151941034397987e-01 9.187180251715452162e-01 9.870755363140448768e-01 5.321234402498884464e-01 1.475986961038630030e-01 1.912033845604119708e-01 8.987983935316492534e-01 5.985648097242091126e-02 7.007873899447097932e-01 9.877511295458096807e-01 2.181808660641239017e-01 8.058174844100407519e-02
7.900511902526624608e-01 3.457530675232223238e-01 4.709134016198759376e-01 5.251775502692284103e-01 2.352785513365241998e-01 2.783959581177564147e-02 5.929426441633051104e-01 3.229379782596499826e-01 9.618186304360086814e-01 9.465124832666547139e-01 2.214629857241945388e-02 3.030982221898428364e-01 9.413249040496379783e-01 3.100070407405143280e-01
3.751729682689335377e-01 6.183344444218052960e-02 5.924579687601356781e-01 1.015611386724768472e-01 3.146617172739891721e-01 3.983077386140559950e-01 2.156443155779649290e-01 6.571944985722956156e-01 1.465392840503986216e-01 4.876683526993532691e-01 4.216183250752738587e-01 6.083807351227656923e-01 2.849005264035261442e-01 4.942475770639545019e-01
7.346412970428402023e-01 5.497126872703518297e-01 9.465963046578043105e-01 2.010307063846237252e-01 6.441662972849272473e-01 9.286982057362398457e-01 1.279646365564092170e-01 2.639638791622587188e-01 9.441376196950089783e-01 4.361983995083239529e-01 7.992135611774600079e-01 6.059140463557033396e-02 9.939839292517868019e-01 7.067078599357144997e-01
1.952832317811663554e-01 5.211775054929692619e-01 9.010310186907228847e-01 6.818556637271522280e-01 8.865234397353889406e-01 4.795378409138920661e-01 3.418312331506089263e-01 6.401931342833042660e-01 1.485445780404620608e-01 7.317853612187656953e-01 6.791555336872165949e-01 5.051005117674659539e-01 1.975945881262235471e-01 8.052492289796612246e-01
5.715750710098880250e-01 3.492680254845528243e-01 6.957523753220949958e-01 6.190578109757191028e-01 1.300185583117763333e-02 8.813063017307221081e-02 2.999015512151647078e-01 6.477957543646004623e-01 1.379386141049224745e-01 3.074797430866375025e-01 9.555140902315708562e-01 6.844844384654098501e-01 8.216623001532683546e-01 1.649376278617488145e-01
2.536369668257174581e-01 6.518900788503960708e-01 7.583108579137738392e-01 7.136601373271803661e-01 4.929557729411973011e-01 2.151041223852840911e-01 8.737942210822718936e-01 7.898568954079143722e-01 4.628526619282000709e-01 3.354217134595433025e-01 8.497746164348819464e-01 7.368703625047631212e-01 9.812091604312191961e-01 5.059107863262590765e-02
3.663675323913511139e-01 5.625447851185402248e-01 8.317859404734371243e-01 6.686762864484293578e-01 6.085277081688820200e-01 1.097537850922326585e-01 2.285504746687119226e-01 3.987156029282432623e-01 2.455328609058932132e-01 4.371299280777559693e-01 9.275400955752451937e-01 8.472079430575901737e-01 5.810075327263855005e-01 1.958392287817490862e-01
2.687549201211114624e-01 4.881227482613532676e-01 6.955681666147817133e-02 9.790586182619885891e-01 7.050369919486628723e-01 4.940474233795510983e-04 7.228490463239021224e-01 7.467892373928941563e-02 6.507554326501128195e-01 3.695678854834595350e-01 5.845705300207552080e-01 7.386367717604406247e-01 2.084780468915573559e-01 2.557088897563675189e-01
8.818979715398933550e-01 6.699454852525876802e-03 1.797036445033098895e-01 3.561125630528378938e-01 5.481139689912355450e-01 7.561421088033809523e-01 6.576861589993187041e-01 4.909916439995603010e-01 9.941331239281145926e-01 1.302757423347614685e-01 2.079591458751051114e-02 3.735216791737994146e-01 1.619799253019971186e-02 7.917182897652730311e-01
5.851588498180824160e-01 8.707252250023026496e-01 6.041033088382380400e-01 6.168925294250424685e-01 1.344180973636650567e-01 2.991532647748533780e-01 1.511918472436984962e-01 7.182427642815857327e-01 1.693645408162299804e-01 9.125075428301815395e-01 9.100670300577610172e-01 6.990513706011552975e-01 1.759796935158965958e-01 6.993135230278952896e-01
1.758525288573852263e-01 4.060415657518974264e-01 8.885749089429640923e-01 3.920446293188623033e-01 2.344028857110902475e-02 1.253501975778386068e-01 8.712988752628350042e-01 4.372323333684180469e-01 5.896429284343754906e-01 1.011106227544156244e-01 1.800677097458786013e-01 3.710237337063106988e-01 4.388508659475328644e-01 6.776493416133795300e-01
5.641285915171164733e-01 3.031986180461020419e-01 8.902944195190700682e-01 9.186548826097329368e-01 8.797078753223315228e-01 2.358047142770469673e-02 1.733914824132887222e-01 4.243480159695618426e-01 8.015880639537118491e-01 7.509668772828169692e-01 2.939021524050490219e-01 6.100559439393864469e-01 6.271707278657175921e-01 6.722689725554469309e-01
4.461761596457707313e-01 7.485081935917611284e-01 8.266390426882309628e-01 8.454731645527600037e-01 7.506173292476882031e-01 5.170791192849975015e-01 4.320699472104883032e-02 4.857640607231833441e-01 4.548081175990650316e-01 2.643523939818841484e-01 6.511932843978645025e-01 4.945620706823184998e-01 9.830060907626425593e-02 4.571705208235355977e-01
9.918429359923193189e-01 2.747537952849892218e-01 1.119274639530947191e-01 8.381376316030434426e-01 4.054729964261511999e-01 9.135432549808384373e-01 8.791197037426382588e-01 9.623788106077025839e-01 6.099254048632867242e-01 8.518848723830019232e-02 8.414193803885627876e-01 1.048149176957104967e-01 5.878226800230118565e-01 1.198642009175053813e-01
6.614784384551951613e-01 7.279495698257754110e-01 1.953548053133028484e-01 2.690547922059280950e-01 8.888301002000226214e-01 4.344311033849724835e-01 7.263464268072333807e-01 3.058740959655333880e-01 4.542724684056265172e-02 5.113816106158627361e-01 4.660397994161425972e-01 5.865427564478276068e-03 5.528875583907154612e-01 9.292029599268015749e-01
4.612405404065268444e-01 7.537504586253185312e-02 1.193705931042902124e-01 7.270417323846183333e-01 4.512146343544909399e-02 1.401578732235324587e-01 7.260125531714124447e-01 3.217764033473726748e-01 6.375843925902536791e-01 4.515400977675320116e-01 7.885564148208878965e-01 9.873918397255744273e-01 6.044932154773156041e-01 4.389243065099667218e-01
6.891962516231947555e-01 7.580044269791395006e-01 8.378440098374696499e-01 7.689820737656061223e-01 2.826468521459106764e-01 2.584027932314247877e-02 9.511714812767024796e-03 9.302760233399841594e-01 9.595010004163639916e-01 4.496507201602257808e-01 9.287412237086608569e-01 4.319671336433283937e-02 8.646107389226659334e-01 7.226099500641302020e-01
8.554519770047557259e-01 7.148013695746661122e-01 3.277715632253371814e-01 4.009051031180320690e-01 6.904628846616667204e-01 4.240135749696168910e-01 2.573746259130030856e-01 9.404027252141393678e-01 9.382327141369727341e-01 8.846104972481214634e-01 1.563676362674526477e-02 3.225122030252777217e-01 7.434983136030861584e-01 6.186585004211675454e-02
5.972730577058933399e-01 5.564762486341499059e-01 1.354474522558024585e-01 7.235587486628858311e-02 5.329986726792663720e-01 7.921466270932856490e-01 7.151191688127845891e-01 9.878576397573535228e-02 4.957800091351337590e-01 4.582676493630533088e-01 7.542396294594615469e-01 5.634552397610664842e-01 3.053085146596878907e-01 6.259012317253065394e-02
5.941845731498940353e-01 8.983347530933150082e-01 6.180928076780300984e-02 7.163927280782821372e-01 4.137691731659854932e-01 1.967669763606719746e-01 2.285321302210229222e-01 8.424872961765252910e-01 7.463976370818946604e-01 2.022040538278891963e-01 2.135742247490844958e-01 8.859752396955659082e-01 2.253745211105411261e-01 7.595001728515764494e-01
2.909533182214313340e-01 1.374986568638842943e-01 4.564114452693355251e-01 9.495923189364475769e-01 7.836857483952041070e-01 9.236298527251607382e-01 2.023801634263457938e-01 2.018369332461930066e-01 7.040707627362159382e-01 3.556048770354131028e-01 8.313215654239183294e-01 6.242603390629242188e-01 7.132806593026594921e-01 8.289963515654712456e-01
9.475703696354269567e-01 5.763603950795275210e-01 1.911980163121524967e-01 1.429149115725258934e-01 8.620174755164076164e-01 1.926223806958550222e-01 1.533712739408878978e-01 2.646488044458282785e-01 1.882806080960022221e-01 6.873245306853063008e-01 3.917409024106074389e-01 2.441582013451346622e-01 1.887211536957944524e-01 3.833335523756502550e-01
7.308672215182606680e-01 2.827092560139998767e-02 1.498585455630677687e-01 1.628679028427578723e-01 3.055739662334822082e-01 2.511411274613380984e-01 2.660093876075725339e-01 1.563276586673856272e-01 8.409892372604510502e-01 2.931315659475874913e-02 3.222865238444674318e-01 2.111866763506045075e-01 7.839301344041477160e-01 3.968594518089385570e-02
7.740518376608032103e-01 9.513308068511535653e-01 4.112066217094537679e-01 1.657018103335209380e-01 5.461428269588062268e-01 2.473260521556528424e-01 5.255445449345181874e-01 1.043908527364710848e-01 8.100975837095129028e-01 3.558631479332375891e-01 3.014571513318492491e-01 7.866479927537495254e-01 7.789145766315956898e-01 6.604250602144779991e-01
4.846962617312200461e-02 3.045952515653738146e-02 3.094779440930832681e-01 4.472709101166649770e-02 4.943812470281182536e-01 8.182554850279104564e-01 3.701702109132658514e-01 6.135885328787339388e-01 1.631583420449218558e-01 5.334238216752145156e-01 3.687547731963509712e-01 2.684562500631640924e-01 2.425801778565366273e-01 2.421467329667124080e-01
3.913597872800161914e-01 9.038754209347151791e-01 3.262533419006118374e-01 7.217629610588541800e-01 9.203373212246155344e-01 1.258307183391756956e-01 6.910735944799387687e-01 1.142855913774908361e-01 7.362279439174973517e-01 4.207705239246561923e-01 3.927063732707185562e-01 1.699423217572614275e-01 4.764118084596793423e-01 5.879409409388586250e-01
4.631353578442380936e-01 1.997320070404690062e-01 9.433416275124861805e-01 7.084346961497747230e-01 9.818611141972208856e-01 2.229543480875872952e-02 8.641609717394619361e-01 1.350120277541958513e-01 9.144915622961733437e-01 2.305755084849530068e-01 6.322134182571712557e-01 8.124879801762802112e-01 4.755071635119474394e-01 6.576376811885189522e-01
7.775313030763417732e-01 9.662620845183309548e-01 7.384192631323140965e-01 9.364996260479087065e-01 8.811159993788347800e-01 3.952050897610179803e-01 3.761333989742592365e-01 5.943065047072294549e-01 5.420945453041574602e-01 3.641902341631771955e-01 2.506510931939164299e-01 8.482776206837771005e-01 3.000950825391005550e-01 8.149998377424999552e-01
3.428721124684798172e-01 4.708365472599478352e-01 6.673345880887825432e-01 7.811037400954826682e-01 7.495787178705515252e-02 4.807419549781440926e-01 8.010678809397617783e-01 2.824521845465276515e-01 3.106855176750444869e-02 8.718779998499708306e-01 7.328600934566597003e-01 5.988489419663688418e-01 3.926144340706103630e-01 1.114839094541059117e-01
7.826714351265009473e-01 6.960497698528361754e-01 4.452705325691491689e-01 3.060128859246864508e-01 2.008891127545971989e-01 2.990536026540566716e-01 4.684690746198461042e-01 4.382878629582889207e-01 1.293356346686976854e-01 7.715724468045643825e-01 6.953782270662427489e-01 1.293803406463920336e-01 3.401611455555053620e-02 2.063819058612874624e-01
3.363861598573778533e-01 5.543224823570982451e-01 2.587882604951410315e-01 1.413741119851253947e-01 3.093444230904817127e-01 6.557858843151228578e-01 6.387311431530743322e-01 1.188378775633913698e-02 3.880563368993257267e-01 4.617698103497959172e-01 8.199809473093853107e-01 2.168170288848458860e-01 2.156094286128317217e-01 5.645715306168525016e-01
2.902824739132300325e-01 8.860967900923277796e-03 3.944569149903977001e-01 8.791388495617595833e-01 7.312152619203329262e-01 4.890045200993564656e-01 1.004861618061434481e-01 4.511981032274200443e-01 1.001017024928528842e-01 2.131453965754710467e-01 7.153237466124808819e-01 8.977517776412121675e-01 9.634714888649105191e-01 1.107316854861949418e-01
4.464781005350949572e-01 7.796099048349393046e-01 4.602610076607120959e-01 7.755452114053360546e-01 9.806497756434013890e-01 1.631039800468434553e-01 2.372881153728054748e-01 7.610516789674222071e-01 6.591774504689510428e-01 2.456657143623166561e-01 4.722466308536080737e-01 9.467980287292077080e-01 2.143242849530966332e-01 6.234422672986613678e-01
6.991223768409295936e-01 1.704757154327787294e-01 8.836243920839831345e-01 5.320704032596302868e-01 3.295159340241162749e-01 9.536462542382277974e-01 6.643643021200751342e-01 2.055194779051204845e-01 8.530150403678636861e-01 7.202055151680528677e-01 9.555982384906540616e-01 8.580149056254283702e-01 4.277201991642901602e-01 5.887482107641489604e-01
3.032037265219963418e-01 5.940547652486571906e-01 2.483191312545279805e-01 1.611576536234972101e-01 3.255097894308190964e-01 2.001418189942356651e-01 1.536020326559695004e-01 3.157685692706571068e-01 3.858240454393264685e-01 5.866235258304945965e-01 1.695897217317763328e-01 2.997653758667340185e-02 7.345766178246930789e-01 3.601549555002008240e-01
8.851259913423670245e-01 5.918043341340152308e-01 8.267109969650686674e-01 3.727054599364389986e-01 5.546937210551273756e-01 6.507951950224339921e-01 3.000189681418553578e-01 3.681345634715949000e-02 2.373185645342705818e-01 4.033963644025162498e-01 6.018951717677177848e-01 6.994571941161121797e-01 8.018836712828956159e-01 5.804013534559628873e-01
5.156142655929782936e-01 1.341830216100653450e-01 9.409725783793800868e-01 6.951453317370743790e-01 2.830173088596540376e-01 9.300625301137058765e-01 9.851556479929015619e-01 2.514003584300231742e-01 7.697404404202421446e-01 5.079660561218268811e-02 2.790064230864035544e-01 4.714138566301830924e-01 5.836537090308765441e-01 1.686041716695629855e-01
