3.976306248720025138e-01 3.244077200334066768e-01 7.573212685910368780e-02 4.180199523181379329e-01 2.972664421556213687e-01 2.623803609565079631e-01 9.856665722215864900e-01 9.006493971785944908e-02 5.126673542752899770e-01 1.592401578648252602e-01 5.380292310296209690e-01 3.913066948332444284e-02 9.750058302161567214e-01 9.306197171242022170e-01
2.179600536606460803e-01 2.202570434824965284e-01 5.995838293092945470e-01 9.120268188427547162e-01 7.733952959631626989e-01 3.643630103315510516e-01 3.718079771601446870e-01 4.384824389412655954e-02 2.112968345264075731e-01 8.374831259281694251e-01 9.552366700957558576e-01 4.407059054808415421e-02 4.125919875251526925e-01 8.601344417896717998e-01
9.358023206547638750e-01 7.399070985232408804e-01 3.826118549392054646e-02 3.841957399234348092e-01 6.366669172341686833e-01 8.182894299981556818e-01 6.558536740027107736e-01 6.054729892249707257e-01 7.786498015516755133e-01 7.574643669819935976e-02 1.936812494220675473e-01 6.142020446240217257e-01 6.391722603132090619e-01 4.475944449398558955e-01
1.513961953216761414e-01 3.344800041531130752e-01 2.644049904197498524e-01 5.081977169359387370e-01 3.909978437096326420e-01 3.145852566171525311e-02 7.417414391695420495e-02 2.138795084457018048e-01 7.546985969560409124e-01 9.258723298615680886e-01 5.126885481150184054e-01 5.546172237350621703e-01 5.192089494415431661e-01 8.655259588619504951e-01
7.520419225781729278e-01 6.886440034782279618e-01 6.295005408721232598e-02 9.015191850690154052e-01 6.823171146751018101e-01 4.252758192978234320e-01 2.592897071179234292e-02 7.674199825328575919e-01 3.303915482366953649e-01 7.404767633630826573e-02 1.785045592478233800e-01 2.783578558081322152e-01 6.066874158841516484e-01 7.803381575524437341e-02
6.754205757504572194e-02 5.094648206848780836e-01 7.057166935321891321e-01 7.221428929888986659e-01 9.589739138313957412e-02 3.354099062398003817e-01 9.673260313832532375e-01 8.389141119280822956e-01 9.459521682859655112e-01 8.334746195566912208e-01 6.592121009376783469e-02 8.181336199911273255e-01 9.104008673338899182e-01 7.176833758654526108e-01
3.160422585573198218e-01 4.186354860462204730e-02 8.013880673729267823e-01 8.313762224068556028e-01 6.013049600486022328e-01 4.759396337001144950e-01 5.234024564207429009e-02 4.481666736522970096e-01 3.037436319471569224e-01 8.338549225883166161e-01 9.360095238657366590e-01 4.066935115559205949e-01 7.389516224745049655e-01 5.371081918398978861e-02
9.019899522461977126e-01 6.894340560604528267e-01 2.641610342791678168e-01 2.012356423888923551e-01 9.199678021778623371e-02 4.160828582866014091e-01 2.582117328511465137e-01 8.195636180897627465e-01 8.734527732480595885e-01 4.533548589110000249e-01 3.730118561691968537e-01 1.531608500214541868e-01 4.387494293412530499e-01 4.596467729046599393e-01
2.018474558664881124e-01 7.788550077765380442e-01 3.822888048739425670e-03 6.048995121071421011e-02 3.627655775968873231e-01 2.812466529420820649e-02 4.417791352172680819e-01 3.693255043153855777e-01 5.012310342194338242e-01 3.948831283497942213e-01 1.801938530909552583e-01 4.407211177347736264e-01 8.807144661146524278e-01 7.668281557092377909e-01
9.263117492623254012e-01 9.088862649425530904e-01 7.430206967421936204e-01 6.885122135802951293e-01 8.533172521061477278e-01 3.040343853531696228e-01 6.132838037374808149e-01 9.597268864460128945e-02 9.344214878087675480e-03 2.037855162711226242e-01 1.274167329479181099e-01 5.767154150003457325e-01 4.893474057113198494e-01 9.418207291898510469e-01
9.806596507603463353e-01 6.335638360663049529e-01 9.451888644226712488e-01 7.198781180399268509e-01 1.478323997856497707e-01 9.203923604595857233e-01 6.833710326375559418e-01 4.897568054315499797e-01 6.111259914182284314e-01 5.657123048896481876e-01 7.872041813405945554e-01 8.106758446989548172e-02 6.847832079634479374e-01 9.546837215593030335e-01
2.067384908464500182e-01 9.437601488150793028e-02 4.277579907877679943e-01 6.735760815817845026e-01 2.592616088967369947e-02 9.248042157588070022e-01 2.525109029367045288e-02 5.525160827241771822e-01 8.134822564435951753e-01 7.074008890863274779e-01 6.642685736624234227e-01 2.934724394652837853e-01 7.298303311491283196e-01 4.655093825165214083e-01
2.545261896451271877e-01 5.380913547220766979e-01 9.828595302236828868e-01 3.433935532323538764e-01 7.673033821156616252e-01 6.526168458345118495e-01 9.134829838414030290e-01 9.399138630896755053e-01 3.321407657513759659e-01 6.775601740039546295e-01 2.047840263083881007e-01 6.963178698157560520e-01 2.343589382117881037e-01 2.224550172214593280e-01
6.055186773873688644e-02 1.069108202743045410e-01 4.257353300477464408e-01 1.493904970579662539e-01 1.194679169762167259e-01 4.344028943554132383e-01 9.020526767119110279e-01 7.629502759795619982e-01 4.537597122729417620e-01 6.675835882990426295e-01 3.812281607112389947e-01 5.886879824343976830e-01 6.855305772910750273e-01 8.420210296445462816e-03
9.047524114011751273e-02 2.165482937622180692e-01 3.894897110687223218e-02 1.320134512659327797e-01 3.987856807663425762e-01 9.485856771379137520e-01 6.989146590841528450e-01 6.596451434659671431e-01 8.478022189259604158e-01 6.139052767578505598e-01 6.499827890820488729e-01 3.778104694682993259e-02 2.123290378502455944e-01 7.640001214294285248e-01
7.713483192872091498e-01 8.469560744637713023e-01 1.482716475706858938e-01 4.524343902781396975e-01 6.749673055880034411e-02 6.732970941235775220e-01 7.530079795654712749e-01 5.587854626752057907e-01 4.260713701024941846e-01 7.259464316994671540e-01 1.320005626432165791e-01 5.205623634120011278e-01 8.972522551493465892e-01 8.255707104702655341e-01
9.121646995775244404e-01 3.801668437993732663e-01 6.200437031380360287e-01 9.561128652700662256e-01 4.899767582616422201e-01 3.288514520663172735e-01 4.734116840832629514e-01 2.932217999404305164e-01 8.849276417570797193e-01 8.436914846498170251e-01 9.132924138366360634e-01 6.286995173623290967e-01 8.286377259059475309e-01 8.190765730680871215e-01
6.292830525951790266e-01 1.758799268150492701e-01 9.416557126913658315e-01 1.539228970659526352e-01 6.204964766340420601e-01 6.328187258963976491e-01 2.799487112476891637e-01 7.740839570232486144e-01 7.306985915831264444e-01 5.481530301339225808e-01 6.501322780065069695e-01 6.925385867609044066e-01 4.150874331112786031e-01 9.083447811072363764e-01
6.422152673162745407e-01 7.577691648144683212e-01 3.612019467849141297e-01 8.098886816379816667e-01 9.241046476553127498e-01 2.095359026170059424e-01 3.400160668336178471e-01 3.876106222904777132e-01 3.509168711387962158e-01 3.581938228936084601e-01 2.464992794676529320e-01 8.608885008681552709e-01 6.684903348317544625e-01 6.958505904800713626e-01
4.232659845174283619e-01 9.158329705052900005e-01 4.635595976199423651e-01 4.703693922750334933e-01 9.012251883125953489e-01 6.404773572616329069e-02 5.390016562037188708e-01 4.590444245839455650e-01 2.962555593101162676e-01 9.895262471388516223e-01 1.521275586634058818e-01 9.429090590207175326e-01 3.118426148067899861e-01 4.446849034508811860e-01
7.476237810331578526e-01 7.849066594387715812e-01 5.405890012177394510e-03 9.826562607881785816e-01 4.149226266580590128e-01 6.738317153339985488e-01 3.969908117332088260e-01 7.791821771184170853e-01 5.402854295754671021e-01 7.345931245631832640e-01 6.883802991108994851e-01 7.745029257133411171e-01 4.784303724797507318e-01 2.359577247007793588e-01
3.557240095412986802e-01 3.397092028043061651e-01 1.488327864915596210e-01 9.565368747914927416e-01 8.754083238988374926e-02 9.038674293989181763e-01 7.901056386758390504e-01 6.553807116041939773e-01 2.778629768306580816e-01 3.610593888492394932e-01 5.837587701587444444e-01 5.267251821343771345e-01 1.841246331164358985e-01 9.151703986051429318e-01
6.842942147262373043e-01 7.439337660121311258e-01 8.039012247666400546e-01 4.064226176321280581e-01 3.253235725406598000e-01 4.732873373377138870e-01 5.985379223749017763e-01 5.294111289853443703e-01 8.480405527966949908e-01 2.525413616210154810e-01 1.772991294176859967e-01 9.667158414343395290e-01 2.543636543012723905e-01 3.267838362409943853e-01
3.979543204700253245e-01 8.269831102133085032e-03 5.970188514818129955e-01 6.536735965283483329e-01 8.802867294344498550e-01 4.848387927768467165e-01 1.894319179447578883e-02 3.124853439537287336e-01 1.301198668348225729e-01 7.873641790986339872e-01 6.681816764469448167e-01 7.874787903903450736e-01 2.672763781449785103e-01 8.673484461429836756e-01
7.358857642228934237e-01 5.874716101338124385e-01 3.963370929914826757e-01 4.557040285027067483e-01 8.765529462227972246e-02 8.901268618599654792e-01 8.935783945136710482e-02 6.262515685261692555e-01 4.356393834930086806e-01 7.180258926669230712e-01 1.034256181160776444e-01 5.366000520102119919e-01 6.562253436185835342e-01 9.111429972809876876e-01
7.103748890570228403e-01 9.765897760839239439e-01 3.803575665782952253e-01 3.592397733815653194e-01 7.345433540090694491e-01 6.439396707027784661e-01 1.890117837269761347e-01 2.575734357885055559e-01 9.651364051422465229e-01 3.589097356644709302e-01 4.659033303346399313e-01 7.079025919331808359e-01 5.176260044162628304e-01 9.903962152570869870e-01
3.035663783262626536e-01 1.526355123304249384e-01 2.972381676382236382e-01 6.044619001894261379e-01 9.541543558028918737e-01 5.431699405145672399e-01 8.432478323687229160e-01 7.369477089848364137e-01 6.040891727935403521e-01 4.324188529520677227e-01 4.466482034931960055e-01 7.004988937158679319e-01 5.081188736851309784e-01 7.494336348769224943e-01
9.692664564649198233e-01 5.383318378749718525e-01 8.138663718922211077e-01 2.645807455615479808e-01 4.828487332757261941e-01 6.267525194742149530e-01 9.877807689279023418e-01 7.537344514657674521e-01 2.743022494103272146e-01 5.716504736672005649e-01 3.720121333826780230e-01 1.323183912926005901e-01 4.354153044877058232e-01 8.269815606320413126e-01
6.146659742875382193e-01 4.620032090266398273e-01 3.742840998406459230e-01 6.059514315421459241e-01 1.416246058202863534e-01 7.947346432260843363e-01 7.845339648911352493e-01 7.047297368720926158e-01 6.483088738679182450e-01 8.888224924521782588e-01 5.940780191152272849e-02 9.965393304780969519e-01 1.011330194890269762e-01 5.290030626621974319e-01
2.933464063451585169e-02 7.591644949785625318e-02 5.587919066541314761e-01 7.363104438101123472e-01 7.860721694695478323e-01 5.311021226783793070e-01 9.538275419218528173e-01 7.559035977559633857e-01 4.846084368269344411e-01 2.534893565265284865e-01 6.162539160756889123e-01 3.744504466888426419e-01 4.611891160033952941e-01 2.199062587903183319e-01
8.221201796974235698e-01 3.027962381710704864e-01 8.975196877860036615e-02 4.033250329149936642e-01 7.869494314711151794e-01 3.848792364464413973e-01 5.562437448262267381e-01 8.104614130643756909e-01 3.176230994801920726e-01 7.053769786182898516e-01 5.987266030994378152e-01 9.790393957337576447e-01 1.037220720346712088e-01 6.896531337300381148e-01
2.388707597526869009e-01 8.558831374501693068e-01 3.120399171858290188e-01 8.250441805988568689e-01 7.006019119242312687e-02 5.349420917450128377e-01 6.200242429013377299e-01 8.474827429270517243e-01 4.642967716623346286e-01 2.059000014412567525e-01 1.557708975535254670e-02 8.329290222591647641e-01 5.486031690365303914e-01 8.846306575013940243e-02
5.566356989597254223e-02 7.813121220963170632e-02 8.814283451228746014e-01 6.020248004713801837e-02 8.237313766973038964e-01 1.878471610797116664e-01 7.129244761229861505e-01 2.804753394602488292e-01 6.969043406866937129e-02 9.511967013182480724e-01 4.281295746154519799e-01 2.146387949923117544e-01 5.500986097722865287e-01 3.181014403768888110e-01
2.940421462807983888e-01 1.120744768785227885e-01 9.138274645071055025e-01 8.578880441446905536e-01 2.610497458820858485e-01 5.322608657926701792e-01 6.096701753459997652e-01 2.817467031674124600e-01 1.261066032484295940e-01 6.963616825261084164e-01 9.050220115327213266e-01 5.828856482434070507e-01 8.076772712920281538e-01 6.226283451283484149e-01
8.205239300898375943e-01 6.783693269211680255e-01 6.817189201003659438e-02 3.258039247598750743e-01 9.242256080439159582e-01 8.030311988781457799e-04 3.990237022668831068e-01 3.157399295655877181e-01 3.318477927105841774e-01 1.845366102791969887e-01 2.399347355972845097e-01 2.065819664437442693e-01 2.270809411873691008e-01 7.332921746116783934e-01
3.281026638839510401e-01 2.463753141689405401e-01 5.015961106086885835e-01 3.253433218132451010e-01 6.807746291869253286e-01 9.213365248834559651e-01 1.373018396380328854e-01 8.872080668713244744e-01 7.103324966031983045e-01 7.817078130408128267e-02 7.260525529207749740e-01 5.210710198411274696e-01 6.489319062366244451e-01 7.376388831464798512e-01
9.136546299217958023e-01 2.497083629729689447e-01 7.340955587476875044e-01 7.568147990557670957e-01 1.149946373676129507e-01 2.898028021469789550e-01 5.061832625059005109e-01 7.915573785856483413e-01 4.862491589642931045e-01 4.237739448258617259e-01 7.821141857217496218e-01 8.249736631029996881e-01 9.468564271801926946e-01 1.400092950295325211e-01
1.670962242519287155e-01 5.212749897854597192e-01 2.159519231684247087e-01 1.071290697070903519e-02 6.240621569839255312e-01 2.195183412552116353e-01 6.144774542348647728e-01 9.273049819827016149e-01 5.959065387953768056e-01 5.950131623133605441e-01 6.855179330577489960e-01 3.767920802229590693e-01 4.468371969872053651e-01 2.448847734981064450e-01
7.699339663693108848e-01 1.800122314528843637e-01 6.313107097633232634e-01 7.719156269679593452e-01 8.647517347732753823e-01 8.394712718975544385e-01 4.465419262581999948e-01 5.462485845249931415e-01 5.981183221506694014e-01 3.666526555789786368e-01 3.312483057338333481e-04 3.401802408340757200e-01 9.623272135053341225e-01 6.957086717249586494e-01
2.128188659123153581e-01 2.243087274767812112e-01 4.570262069584676290e-01 8.837871597129558499e-01 5.473081009744440451e-02 6.434465560145319341e-01 8.727388390341649371e-01 4.381218644571587273e-01 4.718629458090567441e-01 2.924502679028551100e-03 9.453424663376741588e-02 3.251665499271131354e-01 9.079447815403214328e-01 5.807637663678012485e-01
6.290438362061748778e-01 2.338847311412978192e-01 1.109915094992830475e-02 2.986016053996606301e-01 9.083328456747638002e-01 8.076986585723675560e-01 7.102808780074819639e-01 6.207629850110814029e-01 9.746064010614882145e-01 2.153363167989260640e-01 4.402874568763603946e-01 2.388449838124556690e-01 8.703127493618342259e-01 7.497950316138950466e-01
4.693191983615030427e-01 2.123648481670816768e-01 9.168867857713652869e-01 9.205121342865446588e-01 8.916498820162750416e-01 9.042078681016856301e-01 8.368200906005507367e-01 4.032116415613707927e-01 4.421684826282747949e-01 1.764010587620502557e-01 9.205270397196900767e-01 3.935295075294110712e-01 5.321700951061435481e-01 2.474710361503232869e-01
6.790955043821401693e-01 4.423886230175523293e-01 1.569926661114967592e-01 6.230188089792357831e-01 9.909386166779357019e-01 7.583345276887484276e-01 8.743781004975438309e-01 8.050949322003719821e-02 9.180005166489624280e-02 1.946686520132043796e-01 1.916436979110055505e-01 1.325917547637944782e-01 4.949212084568148651e-01 1.038297860995093247e-01
6.307272577028557592e-01 8.921351989702237528e-01 2.674359088263693618e-01 2.497925995448690983e-01 6.462143213926193619e-01 4.485305125397419657e-01 9.376678192459666494e-01 3.205448995407232937e-01 6.594469752192079204e-01 4.952398340648538344e-01 6.932064566913458403e-01 5.658265372894356604e-01 5.817183876152005606e-01 9.383809848778367213e-01
6.189170030067758788e-01 2.437690048253139397e-01 5.366327358967833971e-01 4.626175277116518769e-01 2.951190752051694455e-01 2.751969984183103568e-01 1.261715560169430761e-01 7.262290120849305142e-01 6.987645117771591474e-01 7.981399121868137936e-01 5.085155669783869570e-02 8.521831284978683696e-01 8.450978224191314503e-01 7.015087285964939356e-01
4.616234444718236851e-02 3.586168557669182633e-01 5.367661851514817783e-01 5.030296679844263874e-01 6.436834399017863362e-01 3.440394161197656286e-01 9.731454727293713525e-01 7.065112676383455970e-02 5.753009409286313769e-01 3.223025292069977565e-01 4.274748010588045322e-01 3.939304111750865367e-01 5.357453917427801304e-02 5.859023434511353434e-01
3.020251213040769933e-01 5.147926832375614437e-01 1.763933302718817542e-01 7.168383650974515797e-01 6.622804151096159941e-01 1.236849539027462530e-02 5.970726510581151336e-01 5.406909743280731151e-01 9.318151455804088990e-01 8.176602682129512356e-01 4.099027129941974490e-01 3.925634563104484220e-01 5.257315169848983949e-01 6.141885259682282605e-01
3.782871200230927267e-01 5.815866335592145830e-02 6.915530839278223318e-01 9.750763720940520685e-01 6.649119808001267007e-01 2.725973017863936310e-01 7.140680895960119789e-01 1.080780735582232976e-01 2.866114250923841311e-01 7.017775941744477386e-01 1.077626642296779513e-01 9.285396178589884197e-01 2.189693800346353969e-01 9.258595928577231238e-01
1.810565944016284678e-02 8.725429592099517295e-01 3.383319804617376247e-01 7.584669357765637665e-01 9.363566895915395039e-01 8.146274268811121155e-01 6.379827216535673973e-01 7.525214207216074369e-01 4.235787268766033620e-02 9.915561836950985697e-01 6.655304364536822614e-01 4.406576198319624993e-01 4.675581774288138925e-01 8.882729984098372000e-01
6.483393487797091126e-01 1.887033384934609925e-01 8.098805297712269313e-01 2.715421422966809439e-01 8.961266841845324516e-01 1.376999274763807124e-01 3.651242449007219282e-02 5.720944478143364931e-01 3.842708967183128266e-01 7.911820325413438937e-01 6.781112862901861327e-01 9.109625273756045694e-01 9.337808012320714113e-02 3.530821477099201910e-01
4.062684485125600542e-02 6.959726306301937671e-01 1.507888117763783731e-01 5.899018513687526166e-02 9.455571445414295839e-01 3.171224678731410229e-01 2.524058320966277025e-01 3.325417272129115309e-01 4.389053218484905150e-01 5.142247219954435566e-01 9.428554754844786778e-01 8.973288287994432011e-01 4.592836271261521164e-01 1.021136726242999337e-01
9.855716495808278799e-01 1.583620591807510802e-01 2.545142740622114985e-01 3.825350994000515925e-01 6.931194477086997097e-01 6.114675822683053319e-01 3.474824378750377418e-01 7.749827837467541114e-01 9.376818515854778990e-02 7.258837135423436004e-01 5.692301932023385858e-01 7.457476113673709994e-01 2.068382959228949325e-01 9.706271804294409611e-01
8.530048443361869515e-01 5.705339545681177293e-01 4.409963266090888290e-02 5.953474997913331679e-01 4.201980828394071832e-01 8.979610858710348475e-01 7.830125833200402008e-01 6.787867172148384087e-01 9.957953746954029128e-02 9.776844004457937443e-01 7.975863688997790746e-01 6.174571970195807946e-01 3.165685044438757423e-01 3.090861084136918846e-01
1.851850997163195789e-01 5.079654353307803127e-01 8.159808775137138426e-01 4.223338402591175766e-01 4.256583770461347394e-01 4.850544343253614388e-01 2.243569740949430402e-01 8.734308475171237429e-01 9.628118783448871287e-01 6.896912467624648491e-01 1.987784993398801214e-01 3.746490728935797376e-01 6.640060704772603462e-01 4.392046392916061359e-01
7.713428838490943296e-02 6.844993710337784476e-01 7.437352687623530745e-01 6.048881991893194643e-01 3.385768457391128416e-01 5.309896206059562251e-01 1.334822957251639020e-01 6.959749040701893597e-01 1.216730851668648139e-01 6.388415677309550178e-01 6.942489651357006686e-01 8.758249235841831792e-01 8.851195418758565081e-01 2.775747128308639899e-01
3.830451644616726936e-01 7.136379038844403722e-01 7.330027917992136821e-01 2.747500733008386709e-01 7.723465303214580580e-01 4.740873793872671937e-01 9.489461024010008572e-01 3.593356878397720999e-01 7.043719699836771264e-01 8.055341299211377093e-01 4.480676333410612555e-01 1.396183601531972851e-01 5.909105233959784931e-01 2.183190287654035444e-01
2.733543199402954649e-02 5.517625896547859732e-01 3.812032716004620791e-02 2.792749392644209294e-01 1.790776225893137008e-01 6.708348833074052608e-01 5.387868643541940950e-01 3.798077659442612442e-01 9.720976917722690125e-02 1.998771637260786660e-01 8.832112678594894462e-01 8.418689338179144999e-01 4.471231129756789713e-01 9.793637274089324052e-01
7.962508201143329023e-01 4.592967931989865304e-01 4.432350554254848030e-01 7.297534121579095645e-01 2.167722758204271294e-02 7.900905909979242248e-01 6.770555774112448910e-01 2.993103909336216617e-01 6.114821012953008950e-02 4.330332237900322845e-01 2.391655389552295174e-01 3.231576430650570098e-01 9.746049808303300921e-01 4.349083551069226061e-01
8.773391662296978755e-01 2.238250047083770733e-01 7.035446806726168845e-01 2.161345795961979732e-01 2.106589691974677381e-01 1.758133739594691658e-01 6.064242058287010462e-01 6.738845342504878877e-01 7.664999503680173243e-01 7.799417285329863780e-01 5.554804676504976335e-02 9.485653644805935869e-02 1.121366965632575319e-01 6.750104726683922030e-01
4.374299336224574120e-02 1.711999521405440650e-01 8.031017725120660478e-01 7.554673379809027089e-01 7.455205183015073400e-01 6.446927205644875647e-01 4.179401031976880398e-01 8.911415189351188371e-01 7.068989045586256958e-01 3.852130256283946563e-01 2.247550201246396595e-01 9.532746424448897971e-01 4.875579585262831417e-01 2.507644609862461627e-01
8.943541367001015541e-01 2.171100191156343229e-01 8.130354843002280951e-01 1.308564948266199846e-02 7.354125579685550917e-01 7.484521178889931292e-01 6.880226811481202631e-01 8.109397614881330707e-01 9.444695092978857565e-01 2.250215491470347606e-01 4.039406465790544853e-01 5.093893121097614607e-02 2.550809752570291078e-01 3.775656703038704487e-01
1.390410583717666126e-01 1.778695319444801859e-01 7.719045992537051371e-01 3.502527719167624065e-01 8.567887538885454735e-02 6.400936841018601831e-01 4.650332215373648159e-01 9.688120940272704207e-02 1.236134527381780313e-01 6.731084292270673730e-01 7.284439710084233965e-02 7.111550957025469799e-01 8.372894548682878746e-01 8.438411230801673435e-01
9.297170819776123807e-01 1.661459781071347175e-01 3.943127993480578519e-01 9.132991033464870068e-01 7.349478221486083207e-02 6.828714790399927903e-01 1.871156157119142627e-01 7.633397584742777076e-01 7.500683055190279225e-01 3.164711881491646395e-01 1.889592873613521462e-01 8.850020316065629888e-01 3.414928341338571149e-01 4.220342213969737744e-01
2.405216203802132968e-01 5.041871187794365605e-01 8.351954358877686779e-01 5.961183618207842594e-01 8.746622567063480069e-01 8.962445229110920231e-01 3.753646272500039682e-01 1.317337615048086441e-02 3.716575175004874776e-01 5.130360918295342465e-01 6.308666394763031704e-01 4.098799143984493965e-01 9.634992055770278396e-01 5.407028183152673417e-02
6.714248060755138026e-01 1.257740803860624146e-01 7.446146070463379729e-01 5.774536758474525522e-01 8.498457359902261699e-01 2.718774933099317170e-01 2.202713725822524893e-01 5.925637261864267202e-01 3.867667938119541127e-01 9.616825184326288634e-01 8.652524439154379854e-01 8.411228225070348508e-01 4.760106656059792662e-02 1.199959754006657553e-01
5.595057393095852483e-01 2.187710276960928013e-01 1.296453736421422365e-01 7.719206648096244017e-02 3.364975008197310657e-01 6.927773031882676902e-01 2.452718927331780652e-01 2.439654081729812907e-01 2.622535771043571495e-01 3.027881285516476062e-01 5.758546143518493698e-01 4.918712230483792691e-01 3.874276316057959635e-01 9.114521415156802142e-01
6.527672726785894719e-01 5.408212423852538642e-01 5.227607174962796144e-01 1.159594860243301495e-01 4.325665522240507155e-01 9.280663870652497982e-01 3.304385136948073676e-01 6.731141809574490154e-01 3.992957616155622391e-01 2.311172373121348489e-01 4.412136778588794384e-01 8.875383190444530168e-01 1.182520116675666033e-01 3.797286953453479219e-01
9.938628420861754797e-01 4.046140985356402320e-01 8.467005450913070996e-01 6.726218806925253757e-01 1.629045084959617196e-01 4.828217618954332435e-01 8.306302611657323531e-03 8.457006316967256021e-01 5.672536278931217257e-01 6.446094814024072583e-01 6.588634481144141075e-01 9.705664341719855148e-02 6.414796564909415189e-01 9.824383579479940565e-01
5.657698135481007418e-01 7.075706627905623547e-01 7.671462951145742171e-01 8.206367298295718093e-01 5.679672908319254310e-01 4.946529054160715422e-01 3.876682155991720835e-01 9.858503052706295566e-01 3.748329203266428378e-01 6.027276714641055522e-01 8.606103374225920755e-01 7.589264378256042054e-01 7.613619164553162566e-01 8.347860467078597191e-01
3.969652457349635011e-01 6.001718906593211944e-01 6.470725952867422137e-01 1.613250660183072061e-01 9.655597390134061930e-01 8.555959772579136979e-01 2.605231608413912658e-01 8.643155678504221839e-01 1.540135750686087990e-01 8.971494681055883769e-01 5.655170556021001937e-01 8.728371318631200637e-01 3.974227272120022247e-01 3.092612290530599717e-01
1.074760879377407718e-01 7.176983394135786343e-01 1.113107429953934524e-01 6.781335384990289095e-01 4.723568506179486315e-01 5.834603665490050162e-01 6.313446725179656660e-01 8.743270663110049856e-01 8.895781110805534020e-01 2.701625376378470333e-01 7.126445771945180141e-01 6.125764899319310341e-01 4.731394773278243537e-01 8.411449249286407914e-01
4.276746295098575734e-01 2.548245550099871304e-01 8.918629300182512321e-02 7.801321138210313144e-01 4.863277481047978412e-01 6.077186277374757584e-02 1.362904281507457682e-01 4.048276152388888827e-01 3.839200204700038421e-01 9.822518436282622334e-01 3.684846530069080250e-01 2.051348989337166140e-01 5.992674507530052486e-01 9.267501106572006986e-01
5.233582038902752087e-01 4.294888207298482863e-01 4.491377692079012718e-02 9.665759937044232641e-01 1.843455293461645494e-01 9.494165700864618529e-01 7.823867759899432173e-01 4.705951432052239980e-01 8.313435153786247200e-01 4.457299890709230938e-01 2.641320871475988374e-01 9.395331338739943972e-01 7.507241989143826899e-01 7.156250493583667938e-01
1.720740286047597323e-01 5.231229622141397861e-01 4.726830797567408426e-01 8.317577693693303242e-01 1.974091487882182472e-01 4.112648258960373004e-01 4.615063950254334468e-01 3.080809083421447436e-01 3.508049443947665047e-01 2.032527102812499153e-01 7.233047920811709330e-01 3.411738478210850634e-01 5.955757959762006948e-01 7.242472724193885769e-01
5.027790119626084353e-01 6.778217070539225286e-01 7.978209802051916544e-02 6.471267367476929433e-02 5.964018598290717899e-01 6.506290249817320293e-01 9.187210524386946187e-02 7.501910200106585158e-01 4.756740882905405865e-01 2.018321753560488041e-01 5.452420295035889097e-01 9.782252631209907845e-01 1.159665427358669287e-01 1.154836989307148620e-01
6.540820298993731408e-01 7.441012107749988003e-01 9.325691452970149564e-01 6.328659819652304730e-01 3.875240250558120714e-01 1.180308644762010362e-01 5.041744404606395280e-01 5.923441762651693310e-02 7.405289010372795300e-01 8.888933182931331167e-01 3.916052595337041753e-01 1.236412362098411322e-01 1.232817036651761011e-01 5.779956389242262293e-01
2.347204859759099982e-02 5.495298499932964598e-01 4.616276922306601360e-01 8.468519301163802693e-01 9.776765470178951922e-01 3.055367066833540868e-01 9.846134083676121307e-01 9.455813987091303829e-01 3.330822918621779705e-01 6.292702654224612280e-01 7.396999852682685228e-01 8.588305673966718512e-01 9.728787830917308144e-01 8.954286438837963935e-01
5.513594833764731140e-01 8.356554057185439088e-01 8.891018473197931371e-01 5.566161134569937996e-01 1.180917002168979657e-02 1.513237543199341673e-01 1.782940417637449704e-01 4.334833448418100588e-01 5.677633435731210820e-02 3.159106380503386990e-01 4.298374629262069480e-01 3.711692007622100498e-01 6.313862158278141790e-01 9.049766371807055343e-01
6.052586534502990556e-01 5.157451779877392228e-01 6.214030876425432615e-01 9.283262745554565765e-02 5.372558879681521571e-02 7.645634985139295736e-01 5.592469302798874775e-01 4.437519109509371340e-01 6.108899245343131224e-01 5.256404701972572369e-01 2.075643919174681162e-01 4.534050931176973886e-01 8.194634923637824642e-01 3.495124140645876620e-01
7.308954530999858257e-01 2.351672537586372291e-01 7.560723124439530096e-01 9.913516209090744713e-01 1.824941448372465747e-01 1.192103715410278708e-01 5.116412952554513227e-01 4.707761857111282255e-01 3.361316079549979685e-01 6.521906159013510784e-01 1.588130060859188619e-01 3.180607607725933761e-01 7.794213085711525490e-01 4.092602168231630477e-01
7.428175562326200243e-02 2.872782157109211587e-01 9.058718991350396266e-01 4.846450597552817152e-01 2.586444710142625780e-01 4.036090562382708136e-01 2.928813105859194854e-01 4.438684527355848397e-01 3.079015307479815444e-01 3.291298351827856017e-01 6.115869215570290951e-02 7.579134573772290384e-01 1.696436361175690521e-02 5.145694033664527378e-02
7.209052817998495843e-01 2.183531385691546145e-01 1.641428239791747901e-01 8.854213234562745560e-01 7.828905064653622903e-01 6.545607601359371142e-02 9.694338617047776330e-01 1.589142177043599835e-01 9.991161459735298234e-01 3.371511230225101574e-01 7.247723290510421634e-02 1.628822088942919466e-01 9.625654601459591175e-01 2.488937601585713422e-01
1.988215376908479826e-01 3.848709710992480604e-01 9.194184671627978478e-01 2.484464676212021494e-01 8.614891132136336394e-01 6.737299653717480075e-01 5.005312454551994472e-01 8.210388738662175445e-01 2.649830670307693481e-01 3.533731762240344132e-01 9.430299746343765444e-01 5.218332117852169105e-01 6.748527600994749243e-01 3.957295632008678288e-01
6.002283744240537455e-01 8.740260197533303854e-01 1.253103454098793978e-01 9.442706651708632215e-02 1.104823873629557918e-01 5.791403566474518927e-01 2.882677985609531923e-01 4.064417904966545203e-01 1.026413137972369549e-01 6.660245488248159873e-01 8.914282048085587773e-01 4.505313870198106585e-01 8.894349417416314019e-01 7.504488333388924515e-01
8.827170967841722060e-01 2.106847258590582861e-01 8.009707661373197674e-01 7.462319272646534829e-01 5.197145322796288269e-01 8.304549106398845248e-01 3.215631711847717344e-01 2.747977559783199020e-01 2.327755096604959828e-01 4.007214744478457824e-01 8.427069687390057462e-01 6.439875796707275057e-01 1.479408162355163592e-01 1.970287925773083204e-01
2.998031271422905153e-01 2.633343572004032129e-02 3.049286489061087124e-02 1.499847036236886533e-01 2.033656382694267739e-01 9.601545189272026048e-01 7.269305382455184539e-01 9.589419437375575894e-01 8.864624856276864806e-01 2.326957828024052155e-01 6.348100778915426456e-01 7.901197348995593339e-01 9.855843027991679772e-01 8.769657525148146782e-01
8.754035039029340881e-01 2.072299553886662871e-01 5.107555643727146322e-02 1.300186908671865371e-01 9.374712414387009751e-01 4.399927823614948608e-01 1.084061313995471343e-01 5.176888828465242565e-01 6.804875953801583499e-01 7.521003591671470145e-01 2.337665288163980337e-01 8.655284963212883653e-02 5.966403387287598781e-01 9.852370231192353334e-01
8.105443647545559349e-01 2.516885049749278958e-01 8.098204710003418239e-01 9.495219853465345361e-01 4.556782588820538216e-01 8.990837495414312208e-01 4.057074781912353156e-01 5.788769797767936431e-01 7.730591717777657301e-02 7.421529392271000170e-01 8.483662780180845076e-02 5.252293910858120141e-01 1.883290291049919407e-01 8.284509938604193158e-01
9.910929366845144806e-02 5.999014415275797374e-01 2.094704573111371149e-01 7.869973024513654547e-01 8.838594314513559258e-02 9.634676488178990361e-01 2.211622479117220097e-01 5.220437047359590688e-01 9.496318588719671050e-01 9.736635886331229672e-01 8.134516163811171818e-01 9.603245771965273070e-01 9.787391674986127832e-01 1.102844743492253921e-01
8.633066268164713009e-02 5.878669746975875299e-01 3.230881217544068207e-02 6.569101539238905163e-01 7.956823558122381179e-01 5.495451190645614936e-01 3.338096953195401895e-02 7.468998889597724400e-01 8.178228128513850281e-01 7.884834235474068587e-01 7.844389307751631346e-01 3.857969395266889201e-01 9.683380946888019425e-01 6.239183883439937128e-01
3.292005020569288565e-02 1.968218101034586720e-01 1.428513368762880376e-01 1.392508438987272168e-01 6.728218638666866314e-01 3.462265303194544952e-02 5.832117702477335186e-02 9.229531795390705229e-01 6.789569318654286034e-01 2.906996338109679723e-02 4.200877668223494954e-01 2.545372514961475874e-01 7.201775581784162217e-01 4.153324118644365903e-01
4.031481488916706102e-01 6.721391260536319079e-01 9.187157781275860913e-01 7.540810820430010608e-01 7.496625421222583574e-01 6.717010529573159694e-01 8.110097891866903108e-01 6.750556448545377286e-01 9.616239048370334164e-02 5.772770813816973101e-01 8.970014843200742050e-01 8.055521824712519319e-02 4.458023173853726817e-01 3.586386182536844824e-01
5.784656127155707317e-01 7.552921119808498895e-01 6.741087032171473314e-01 5.758360536126549967e-02 2.769659920283229493e-01 2.045846812329589204e-01 9.089896806604976787e-01 4.843913020693252358e-01 9.030532549641839823e-01 8.929358644030990222e-01 2.747210435398718120e-01 2.334136881842410194e-01 9.785316370051665436e-01 1.258004441177621446e-01
9.970362030719780444e-01 5.892026653114561530e-01 1.042749107135881870e-01 4.807414953122154389e-01 8.556355745983469374e-01 4.465328581380363371e-01 6.247497962001175020e-01 5.228519614591945475e-01 6.223435303768318771e-01 1.410707323139426261e-01 2.720515163051417939e-01 4.256329520192164706e-01 9.625802956286951817e-01 2.326124449886423085e-01
3.366893586354861023e-01 9.613443674414613449e-01 4.784360520843433662e-01 2.557739905823712689e-01 2.831922179703105780e-02 6.830630954281851075e-01 2.450641194248112109e-01 6.813353803769950368e-01 1.983120149504705720e-01 6.969843428790936102e-01 5.290617417913046072e-02 9.552775938976110215e-01 3.618677695733528710e-01 5.743250700981168411e-01
9.327079389096534223e-01 1.743996421856097712e-01 2.092228706987538933e-01 1.056042975346930257e-01 6.216636093682680331e-01 3.830931217674377054e-01 2.743503362846123617e-01 9.283534470106645786e-01 7.328250954771899917e-01 6.832320930896420563e-01 9.192362956272965846e-01 6.137892678316115846e-01 9.913936181693655536e-01 8.227143456087815387e-01
6.746152344228473208e-01 6.848319191912456416e-01 6.741195288063428492e-02 7.637799348960965240e-01 5.610258659461693220e-01 4.672145323999241651e-01 6.666758793665679139e-01 3.129330913443503226e-01 5.868955593932889681e-02 9.054946164285232468e-01 9.616433508280893827e-01 7.842649464234220380e-01 7.542854163378590604e-01 9.258347049257903416e-01
9.966536621557041675e-01 1.128884993599698072e-01 3.670577706363690185e-01 9.687925860846033910e-01 5.712995262254346729e-01 7.896089466912906696e-01 1.564997261508913606e-01 9.493196364013293254e-01 7.696131074516632253e-01 8.817080835865875876e-01 8.586874511350353067e-01 1.624195076225731782e-01 5.271924518552093542e-01 7.714376321332185871e-01
1.625401640084709332e-01 6.433566221239495064e-01 7.237525784842775423e-01 9.626859039643711480e-01 8.421943176578328139e-02 7.064721241967332199e-01 6.892275637875650007e-01 9.534887715130274666e-01 4.836413907212886443e-01 9.366967117695274014e-01 7.105060576356654334e-01 3.596157388719098957e-01 5.364642209927777960e-01 6.650511434742479855e-01
7.099762459397829240e-01 4.825319948666210168e-01 4.753205315310181645e-01 8.257524134715155117e-02 2.375987471609003476e-01 6.082530122330872535e-01 1.370898336758588076e-01 2.351119511509346394e-01 8.868965187117905380e-02 6.052601310228187259e-01 3.959466580783893574e-01 3.338635687868155566e-01 3.341913742117608166e-01 8.008582602076252943e-02
