8.692596373513723496e-01 1.810452051208721880e-02 2.648229823171495134e-01 6.044322027535820041e-02 7.842281719744528257e-01 9.253814150893502344e-02 7.225636883686278322e-01 5.792836287966619535e-01 8.552952482528810574e-01 8.102270334826439102e-01 7.779378023556242638e-01 5.088204750874968374e-01 4.519153286958276228e-01 2.158631305836936631e-01
3.078183370512033168e-02 9.515235285561536305e-01 1.373263606546099025e-01 1.488350992688822760e-01 9.184481802463977385e-01 7.214269320761360627e-01 5.593782882014775026e-02 3.584348739856920707e-01 2.914958431167261610e-01 4.170866261683185972e-01 4.685456091058954886e-01 3.464490820042239738e-01 7.570984376486027401e-01 2.825079286605067797e-01
3.318395959739064427e-01 6.640592678139671801e-01 2.577889369922169438e-01 4.162194304290373070e-01 7.147578891288235425e-01 2.334294954048087289e-01 1.986179195400981090e-01 1.736339174647493211e-01 3.893786612324267038e-01 8.844100945460270369e-01 2.876361968449928641e-01 6.470198673667038047e-01 1.432438174968725386e-01 6.463004450437395132e-01
3.047687850680047550e-01 9.390677933091000629e-01 2.596272892334600124e-01 6.879692164809426691e-01 1.261899218856800120e-01 3.092866157040248254e-01 6.471561721772480791e-01 1.032789928889944475e-01 2.420821577748988318e-02 9.939906781745879716e-01 5.307245394103992098e-01 6.388494467654879383e-01 8.232678676500784221e-01 4.068003614920407962e-01
4.280769355971802970e-01 5.284515429747016491e-01 2.501039590970809412e-01 2.331934901786870684e-01 2.341125414755400591e-01 9.675013805327733474e-01 7.576702971519755359e-01 6.237439192095829421e-01 6.259345883549235490e-01 3.937288401249439129e-01 9.612384380836378472e-01 8.373823684991235083e-01 1.353656507595111247e-01 2.612875261680471795e-01
3.228843559716696454e-01 3.280057133135949599e-01 8.186365090286815693e-01 3.207061457452379249e-01 9.608783910006531981e-01 3.318738997916986788e-01 5.261011405879001401e-01 4.339641479797311518e-01 6.500434683654919832e-01 7.606124040704143052e-01 2.459843005047005482e-01 3.356832980264471411e-01 2.376033932410913652e-01 9.392688343721558031e-01
1.122164084238330695e-02 6.302912578005940292e-01 2.583190988850361247e-01 3.429553648363055096e-01 1.910111219768795277e-01 9.318358002775453119e-01 3.500249702624121939e-01 9.958418334942295003e-01 8.355182562691090276e-01 2.480872167187602173e-01 3.938772963707819486e-01 7.853957258317642021e-01 8.153453810751100095e-01 6.605521225214862069e-01
6.966359677616805746e-01 2.011754525089158863e-01 5.837592829346993639e-01 3.342558495106160432e-01 2.628125799049997324e-01 3.048259162242143994e-01 8.207084251854526169e-01 7.803669658164883449e-01 2.447304612093917919e-01 3.561397005214259615e-01 7.706368330265871425e-01 8.268701194573088165e-01 6.122493268185397186e-01 9.487583587988855927e-01
2.279126082063868131e-01 5.035497076728420174e-01 1.596609915512448019e-02 2.851519322141401469e-01 2.245852780719215236e-02 2.258230221111463543e-01 6.466089415266844664e-01 4.509698290616648286e-01 7.671223266498727877e-02 1.713270121266332602e-01 6.242846320739529054e-01 5.641467270499463948e-01 6.684740421001977850e-03 6.454304827444259374e-01
6.590162752697370507e-02 5.409326237351141931e-02 6.946949601096911175e-01 7.538683601919904387e-01 8.346558983517384789e-01 8.862190108219425433e-03 7.358371536864228846e-01 3.693979351970790859e-01 4.462601288808742961e-02 2.834806638878706320e-02 4.261845069673871889e-01 7.497259036519362541e-01 3.972296998036184412e-01 4.038003219845711644e-01
6.459151662659684545e-01 3.796879482145656404e-01 8.309625026000133641e-02 7.807724134766595991e-01 7.249093370570223183e-01 1.428682166785150143e-01 6.472057465778994212e-01 7.202301420503134377e-01 3.662012411700696912e-01 2.483939491025863866e-01 4.766297202432427937e-01 3.231932239079231550e-01 2.081321767352992680e-01 7.750981830913420412e-01
7.312730691981408349e-01 4.876368130816498558e-01 6.169918281435268215e-01 3.292603668171836251e-01 1.486053997453432585e-01 4.332772197622125621e-02 1.555126025582196370e-01 6.461111745135423856e-01 1.279524760845410780e-01 1.417272059635644732e-01 3.372799465775890848e-01 3.505494435750184934e-01 8.188726090192904872e-01 4.384437973039685410e-01
9.122216453858902341e-01 1.077516664021515025e-01 1.047058580632918012e-01 7.631942977103122194e-01 8.217813770665295392e-01 6.286220895503791262e-02 4.869750851572630657e-01 8.458894515416209847e-01 6.737557883894490507e-01 9.183423693158718759e-01 1.900558948159059014e-02 9.417899147566201057e-01 6.044677106123506061e-01 4.827367887788895917e-01
4.934806049072226752e-02 1.630387804809566576e-01 4.738156916860314372e-02 3.859784631422293888e-01 5.417243263913346096e-01 3.231785890265334027e-01 1.778495425119231976e-01 6.982614644180897834e-01 9.142858048277635596e-03 6.913138560774024777e-01 5.001659179527242483e-01 2.461596013597970867e-01 2.748942766705582130e-01 5.602615589519576167e-01
1.933286692093052483e-01 7.296567640417574996e-01 8.414058117260989622e-01 2.548664115178020939e-01 5.018537714096629188e-01 9.964960647412329786e-01 1.369228219325854257e-01 9.363937952083906113e-01 9.237840002957007357e-01 8.524578887749679756e-01 4.836279612677506501e-01 8.472594537999340591e-01 6.112823632306830790e-01 1.482514817404626539e-01
5.909154540477172812e-01 2.286057928781739523e-01 4.264696134085521617e-01 6.313137901978532751e-01 4.899068114012777864e-01 7.178502921171281415e-04 2.835286711221329803e-01 2.847155491703649011e-01 5.602214552150278637e-01 7.837593473363303476e-01 1.088739882116399604e-01 4.645210762287677042e-01 4.835837039701622597e-01 7.751089955195098469e-01
5.128234068197745632e-02 6.791279181020148936e-01 4.814678542970777242e-01 1.816601135555552249e-01 6.834560612276220359e-01 6.086324346419095255e-01 5.671453477407617516e-02 9.180625033640156252e-01 4.673719581511480703e-01 3.093686497230823118e-01 3.835421056866735734e-01 3.653396492792230221e-01 9.806727027453606693e-01 3.723006277531366592e-01
3.662349734318643968e-01 5.321348510470470528e-01 1.487763757781902507e-01 8.974930688992592831e-01 8.424856338296734526e-01 1.888691020023939293e-01 4.369190111480980576e-02 4.765210851140128101e-01 1.053529161661523883e-01 9.194319407680839884e-01 5.874078334254406730e-01 8.195197942249096146e-01 4.134604463551986298e-01 3.258740314986738884e-01
6.927521453035713206e-01 2.625438599174236831e-01 9.826624565565751368e-01 5.637373131768075307e-02 5.496069947967019420e-02 9.414467403174149318e-01 1.860601676466152599e-01 3.912773301043883656e-01 8.561037240971970386e-01 9.977038455626786595e-01 7.059528756523495430e-01 7.784407397777546311e-01 5.178135714188298877e-01 4.273016425170942378e-01
7.931040639087953981e-01 6.481427313313037342e-02 2.073243553752154300e-01 6.042005573555787601e-01 5.735827880546299218e-01 4.994221632632303010e-01 4.213105999208747177e-01 8.979536457925003656e-01 6.114986688808863313e-01 8.577264855739656912e-01 4.531039715189220107e-01 2.424846914569139811e-01 2.313893406059644997e-01 4.342497211638124410e-01
9.887886518934516644e-01 9.468813639921338510e-01 1.411855515631315061e-01 7.014098893908062848e-01 6.835477578801762988e-03 5.111682391606321429e-01 7.350075004239887688e-01 1.882949842679174646e-01 8.905627592880532850e-01 8.390205099391847554e-01 1.932311517931023515e-01 3.010423131666897234e-01 5.811923684228270659e-02 9.345211650263319791e-01
9.857128084182376071e-03 5.914083427359578815e-01 2.278656224475061887e-01 3.931797001397775437e-01 8.209398049466940517e-01 6.605688384140412373e-01 9.606008234886896924e-01 2.627880687504232649e-01 6.794692507667960957e-01 9.295527108514300973e-01 7.564264882105476984e-01 4.703888474589947855e-01 9.963402536080525618e-01 3.816721341208967333e-01
4.563408952611911484e-01 6.620231362623706373e-01 9.230713424990104610e-01 8.540139513575050190e-01 8.055792686985856488e-01 1.309538782219556996e-01 6.526243303795586925e-02 7.565273065748014947e-01 8.981962469809529059e-01 9.821564717470119277e-01 6.743518345842638428e-01 4.358786590864646149e-01 7.448317342306917110e-01 1.443042923638329089e-01
6.981333013232773332e-01 6.177162258279595974e-01 5.349588754954585079e-01 5.341666562801162810e-01 1.623482681342317546e-01 3.926806623921808015e-02 3.149513411812373542e-01 1.177775619671074248e-01 2.691023354894805930e-02 4.475778800770823240e-01 4.673132962237636079e-01 3.211537908385582174e-01 9.111733512886260877e-01 7.657222323545053166e-01
9.555726708573204498e-01 3.299875716236211343e-02 7.581958336987293379e-01 8.460227644881923581e-02 6.901281402092330763e-01 6.659218062029463869e-01 4.061531293622753225e-01 6.057791636373890398e-01 5.216360566659502540e-01 2.304111598494285040e-01 9.425310490026639343e-01 5.378927020352005650e-01 1.027532410513297689e-01 3.046334439589963861e-01
7.789362563512556292e-01 5.927190625263981660e-01 6.044305622037499104e-01 9.690689121419255869e-01 9.774650433914682246e-01 6.536201793872754573e-01 7.975395363522739256e-01 5.593127075642583268e-01 1.464615720702314716e-01 5.605570222856096629e-01 4.973481705223226079e-01 2.256670450572737519e-01 3.271325418399301244e-01 5.658489543547181588e-01
8.071948418945501524e-01 5.579549820425651063e-01 3.330415915658840875e-01 7.780431650177446201e-01 5.175764700080601743e-01 9.021284823372083261e-01 5.726777428686243843e-01 2.455336675693673421e-01 7.203055295329230390e-02 1.062924862277814242e-02 3.856580536060811859e-01 8.458909475238710618e-01 8.799796726167091743e-01 6.566584681833139703e-01
2.295218615329641665e-02 8.922315819610596721e-01 3.787648683984491393e-01 8.828286130146264510e-01 5.378068431988490827e-01 1.878174133060988016e-01 8.968033689923493590e-01 2.208057336214764854e-01 8.179905988117611715e-01 1.543841896087811971e-01 1.173630936564828975e-02 2.541565786625540335e-01 2.096659797536051251e-01 7.908821266089742785e-01
5.945598236825941907e-01 3.550271412656537118e-01 6.496270209888839187e-01 8.232627214626213608e-01 7.674370224178809208e-01 2.246817232022318978e-01 8.993756297685129297e-01 3.101121510678193083e-01 3.018491481171831081e-01 6.958082776489536991e-01 6.091770572451622456e-01 7.337932577557461089e-01 3.060510584949842627e-01 8.354577722945093488e-01
2.886394266590273094e-01 8.921364922205967662e-01 4.402501886779398577e-01 6.932134579516171513e-01 8.680841685424743881e-01 3.492703202350074809e-01 4.149225862154780620e-01 2.291734926415734952e-01 8.031118487024386798e-01 7.502703233338366973e-01 9.501935339032162586e-01 4.428382003463245953e-01 6.205195782493397871e-01 6.442973826883111599e-01
1.213510046251561336e-01 7.545814860363776466e-01 9.168017408866230289e-01 4.014420095706934255e-01 4.713081665593026326e-01 6.660585464593140603e-01 8.273602569875877499e-01 8.911333672719133903e-01 8.064940202479794484e-01 8.286047793249267102e-01 7.897369984946226440e-01 3.576220465093458145e-01 7.956151273640882371e-01 5.882533111339870446e-01
1.441371180471509028e-01 4.812436973567657539e-01 4.066512539992193087e-01 9.583498335201723339e-01 3.894122391458229027e-01 1.672810375973817765e-01 5.952387639701199884e-01 5.608457426856084949e-01 5.510368407766343957e-01 6.018303377379549124e-01 2.691214079816317550e-02 3.336556035391674557e-01 1.838621280911504341e-01 3.878589375508827430e-01
4.568602485319941398e-01 9.507052382973213422e-02 7.409166103944675452e-01 9.666361965315479754e-01 3.293579552797513132e-01 4.418123765013849402e-01 4.402417873242806534e-01 9.938603723704118043e-01 7.689101755800351601e-01 8.818644932744305054e-01 2.872542104495057202e-03 9.355163001196249439e-01 7.675271926741901174e-01 6.943928463603840084e-01
1.463895716743823794e-01 1.622140397090516828e-01 8.184529075176460999e-02 8.469166822888410939e-01 6.178332615323098853e-01 9.806192585471871226e-01 7.874264116299934946e-01 3.940615929014273933e-01 5.316029915865315703e-01 5.483464376716424837e-01 5.539860091998035641e-01 8.998381210899013549e-01 3.492235833205371565e-01 3.376784329719074718e-01
9.866315294017444781e-01 9.439566323052774877e-01 1.411528023228250106e-01 7.824673317986674537e-02 8.296221012956450647e-01 2.105082876165621508e-01 8.580692297094738574e-02 1.019592801291910877e-01 2.955930836480288315e-01 9.965490556472503814e-01 4.480080253275497970e-02 7.924595488473693550e-01 3.048228038088970360e-01 4.298252050621274023e-01
9.249681906923428176e-01 9.370660123451501899e-02 3.251974630394897092e-01 7.141913800195129891e-01 5.359112935114200837e-01 8.695771900638213925e-01 5.199464345669907450e-01 3.273109427937426208e-02 9.412653915182243036e-01 5.093822976414641435e-01 2.202884501552093699e-01 8.574574215723219650e-01 2.905291888013036283e-01 3.103079322286733666e-01
4.760235615457323322e-01 5.279555388267480609e-01 3.733940649376209509e-01 1.184179009635296653e-01 8.387137946316742809e-01 2.240822782241806976e-01 1.155302976787777602e-01 4.021253717463191268e-01 8.746440756794484628e-01 8.168240474797983097e-01 1.582221924832694082e-02 9.360444992481820048e-02 8.782358227211518598e-01 5.758996595368652827e-01
6.251743203261500570e-01 5.650751118860353195e-02 5.906369609646013874e-01 6.540967715255117110e-01 3.380922115763622671e-01 5.981421088073400893e-01 1.528097591330501714e-02 6.055083151717921552e-01 8.967334574644948431e-01 1.974774894885906740e-01 8.878261635364632642e-01 6.318430224645328330e-01 2.054540755707074950e-01 9.448447760106629678e-01
9.319637410518072373e-01 8.926162744569920982e-02 5.016735424467658744e-01 9.898429155784221889e-01 3.437255802439622698e-01 8.638673921196785566e-01 7.122997642305973764e-01 3.501367173981080327e-01 1.851333851815073483e-02 9.668358197360058526e-01 2.475975367307992059e-02 9.696497056692503502e-01 7.463137730794460190e-01 7.302884992483900106e-01
7.957571339472814254e-01 9.847648784550536716e-01 3.751045002061069722e-01 8.271530203642696311e-02 5.788354988451298588e-01 1.064944669565937030e-01 2.071369858230487360e-02 4.252201308574963257e-01 6.351741888043805906e-01 9.229611605097228777e-01 9.620837529363646112e-02 2.024195490605841252e-01 4.571673537390507081e-01 5.571974634685562533e-01
1.004094180258803259e-01 7.601384539414147712e-01 1.058061104740625202e-01 7.726011514914242762e-01 5.835769393309154784e-01 3.575083121351170234e-01 1.190102702647855004e-03 3.671273091460585114e-01 7.376638475433987541e-01 5.423898871193233440e-02 6.217993555717782339e-02 5.883796415432995808e-02 9.671250457519919852e-01 5.526138164207021752e-01
7.132333823950477436e-01 8.788991539619401827e-01 4.082393043267751320e-01 7.411300617871674490e-02 5.346387419703046984e-01 2.392403051702828298e-01 3.416689195440606452e-01 6.005975178744749066e-02 3.146648782002495759e-01 8.281539635638166530e-01 5.316540331791618224e-01 6.463885216517936128e-01 9.687024925916397633e-01 9.794423732466353005e-01
3.336415447206509954e-01 2.679704423356815690e-01 7.330399878958039350e-01 4.499520738354152449e-01 9.193515652932351401e-01 4.430123148809129718e-01 2.626315513679892133e-01 7.951219637258514217e-01 1.701203681304052084e-01 5.309123774591616440e-01 7.237199326463784610e-01 6.770863801117122938e-01 6.820109318536007326e-01 5.724580635106787385e-01
8.994001085940553919e-01 2.205386699371780779e-01 6.481533695883121560e-01 8.465259949736611000e-01 8.503948462821827592e-01 5.074612846886057405e-01 6.173998280642883918e-01 7.305655161090469640e-01 5.901830915220570573e-01 7.033652892076995844e-01 7.285770500601667088e-01 1.209215269176922014e-01 6.179909894350105182e-01 1.258512340079466219e-01
5.920413633604616477e-01 9.177766892325427417e-01 6.355508747022995397e-01 8.859955222778028716e-01 7.338389468037503915e-01 6.593535220027687549e-01 5.935002914328579848e-02 8.649170736527540537e-01 1.631659081689500468e-01 4.756438421408888395e-01 4.289212386706514613e-01 9.062937123582497367e-01 8.384756389822011213e-01 5.455309543323917376e-01
4.635632930513722272e-03 6.834769655486399031e-01 8.130692219502467788e-01 4.057529669941005723e-01 1.684437920283473611e-01 6.955373687466721577e-01 6.525810860484884124e-01 4.547335202789765107e-01 2.387584519681170692e-01 1.203340454671643078e-01 7.327104784609094201e-01 8.701245308848507554e-01 1.707400657182409631e-01 2.743021908922659291e-01
2.618047533828793405e-02 7.500920128597189374e-01 7.822601202031276291e-02 3.648638513806907735e-01 3.748063540467020394e-01 2.294295841872654451e-01 8.366286199696748582e-01 1.677122595759124035e-01 5.525888366017938091e-01 7.928262106911486695e-01 4.636915793908903405e-01 2.054522305349828493e-01 5.039130864348134731e-01 8.508729895228706042e-01
9.067066752160845011e-01 9.221722366992003428e-01 9.420534194408228812e-01 8.960447556065553876e-01 9.069316613010587336e-01 2.048905200988813124e-01 6.590656673196733095e-01 2.955676143369529996e-01 1.274338944877650981e-01 9.361749121448816879e-01 5.553953601811457697e-01 3.767602678626281731e-01 6.253736498353901219e-02 7.801178365883586485e-01
1.600560171267706444e-01 6.174329921848017433e-01 6.822098900997969340e-01 4.037687548837580742e-01 7.507692315485092749e-02 7.310679788050687966e-01 4.189348325241982751e-01 2.737515496306863749e-02 3.426633898383790733e-02 2.951106292091746353e-01 9.755298156488706462e-01 1.009066998761398715e-01 4.671240783753989323e-01 6.179176417848928349e-01
4.606494932372181550e-01 2.988182872426004000e-01 2.782109859538064445e-01 8.723838598964033242e-01 9.101718156791338554e-01 5.709487972872367978e-01 9.918161082488845537e-01 3.073288085838635775e-01 8.066531052928472834e-01 1.619599601198675742e-01 9.411606663817613239e-01 8.783097303646179022e-01 7.208574794307199829e-01 1.905863839557778716e-01
3.640617378926114256e-01 7.741676289841590286e-01 9.545476396240478723e-01 2.432618910301553861e-02 2.407052647298513204e-01 7.286391990499145876e-01 5.317877060111005916e-01 2.696145166638527213e-01 5.852471315457554724e-01 7.639160501241204493e-01 3.789127345859619744e-01 4.615123901040993903e-01 8.463246019054110336e-01 5.303479394663567215e-01
9.461622266394709158e-01 1.487948290102847348e-01 6.943055107720486063e-02 3.932006436902338864e-01 9.680511205791489937e-01 2.815506289054471312e-01 4.683324372157046112e-01 2.006174263343313280e-01 4.564088745960268589e-01 1.364915285483162544e-01 3.629987771038978295e-01 4.923709171587016264e-01 4.291803030673515540e-01 9.947249305379638473e-01
7.577630089712036332e-01 2.511819155089057842e-01 9.119356779549832037e-01 6.378140004664213381e-01 6.752873045114403672e-01 5.604425609260398344e-01 9.780980036288272617e-01 3.198928992130104509e-01 2.096380200428484830e-01 5.274056412748207023e-01 6.555582930141324871e-01 1.938129286384903116e-01 8.311700512014573716e-01 1.850615895845756365e-01
1.180703226709589604e-02 4.790492483573876026e-01 6.870837820097366322e-01 8.791452836284616712e-01 9.882486201914290058e-01 5.411944319318625629e-01 7.500731265297396755e-01 6.209595078851740668e-01 1.806133724395748708e-01 8.197924138758136969e-01 4.831284495900826093e-01 4.436335698163493824e-01 6.258082393424646561e-02 2.966287685849090527e-01
6.037921685275429162e-01 1.521850023868386304e-01 7.151796730546555736e-02 7.438735687341276881e-01 3.228010169276468444e-01 9.322894575844514753e-01 7.410104761560182274e-01 3.140693729254985245e-01 9.174680554690547440e-01 4.031258099616735757e-01 5.422402795536285236e-02 7.450724244571800270e-01 6.640675356269150065e-01 3.455046154718933726e-01
3.022708759359777897e-01 6.173544960126607917e-01 5.272302418129226620e-01 1.326447397423532459e-01 4.546021190604960793e-01 8.543147689394903210e-02 9.853032883824376365e-01 2.522904224276513174e-01 6.422723482596603972e-01 9.023562895891874547e-01 9.794057240440006140e-01 8.779718389026960335e-01 6.330805220987083537e-01 4.076869468069821423e-01
4.936446499834176160e-01 4.972362574331550267e-01 3.843046860572796319e-01 6.353336808756449017e-01 8.076528709018251373e-01 1.391854605048228333e-01 4.432674350618857062e-01 4.719157303047347707e-01 2.461446343618240995e-01 4.606737252181414277e-03 9.984676245658606897e-01 7.944225183941835411e-01 5.524765096705953615e-01 2.085775093055729501e-01
2.144179369963447046e-01 3.465307843631454388e-01 5.136317033336170734e-01 6.447950594291260717e-01 3.252735841220878443e-01 9.781669992475947595e-01 4.614739254232081977e-01 5.055774779637695060e-01 3.852330701541634150e-01 6.748766409635439389e-01 9.054170628656282860e-01 7.913176388264674399e-01 8.607293807521873008e-01 1.745322440807094422e-01
1.732719733188694544e-01 3.387998483094735169e-01 7.324989457324678765e-01 8.843702050591837338e-01 2.573884740660730142e-01 1.710502460747297393e-01 5.441588148410377856e-01 2.931102741318527549e-01 6.871232428699146633e-01 3.274168506442121096e-01 2.563095882255211899e-01 1.826821791507395876e-01 1.640627031778174594e-02 1.480731070167257135e-01
5.043444258799069102e-01 7.014361686557719633e-01 5.001552210881277105e-03 3.715429341820575271e-01 8.355093001203250935e-02 6.554703661871759124e-01 2.684582230239421774e-01 3.845282369847013992e-02 4.206272103220071168e-01 6.348869789081161841e-01 7.140484711011247931e-01 8.557169603534191538e-01 5.472099491096495960e-01 1.537577470064448448e-01
5.414713062922972275e-01 1.112204705077201039e-01 1.258247653769306584e-01 5.086756017104432370e-01 7.753191622064256050e-01 6.580412170886892342e-01 4.017915141241314991e-01 5.625263384131635735e-01 4.183902647001439545e-01 6.665601467240619415e-01 7.855752543371437024e-01 6.721602521225336080e-01 9.123420151611308926e-01 4.667341574347845246e-01
5.404983578643240971e-02 7.177389328847837424e-01 1.306529928047714950e-01 4.632141906378948182e-01 4.518704390108698732e-01 2.553100583622767150e-01 5.018548223868350977e-01 2.047900437308906030e-01 8.252154010427157349e-01 2.305633206139282576e-01 4.347753722410432342e-01 8.103629056357676275e-01 5.419037181870604014e-01 9.173914589746303694e-01
6.890621332454288650e-01 6.738078054820044738e-01 2.898144311992825184e-01 8.225695619508779366e-01 1.269784774861865140e-01 1.812778564119048585e-01 4.717277885317440189e-01 7.222701843950285472e-01 5.821540696908812373e-01 8.816830083637683391e-01 7.010953000865229878e-01 8.999267268688467825e-01 7.970329830907793012e-01 1.372236518442079278e-01
4.072097653578159449e-01 3.743810579580388875e-01 5.829084869761780308e-01 4.976853183249847490e-01 9.755069619673004677e-01 7.913800436689416573e-01 1.931517652757149817e-01 5.110142355962679073e-01 5.266868373432836981e-01 6.139340889078804819e-01 8.179784840628590015e-02 3.237166449218532582e-01 4.561436569660038964e-01 5.585235272152941910e-01
8.518249548558964879e-02 6.484546579475188866e-01 9.672609408831441824e-01 5.971903800381584970e-01 7.059716464549667947e-01 6.528601890314681411e-01 2.525488222692015006e-01 1.838895474114904394e-01 6.388735834592930152e-01 1.371525216754376775e-01 7.181295355754222509e-01 7.078582082511980511e-01 3.352462832502243195e-01 9.776728565049639386e-01
3.202022548786217504e-01 1.948560465215727344e-01 5.698066719051654294e-01 5.828505515672862680e-01 4.386166105812738802e-02 9.016500297406531139e-01 7.316499527039912465e-01 6.872138528487351516e-01 7.917945663070600215e-01 3.485605678384648964e-01 3.581595446927248183e-01 7.868278550881303568e-01 3.708104088865458170e-01 5.504006405692667414e-01
6.631553067974849114e-02 7.839912165457604276e-01 4.245198739909086250e-01 2.057033592585564286e-01 3.822243789581787343e-01 6.615893571461539668e-01 4.183035808792934240e-02 9.717078159087056966e-01 5.798012731238232353e-01 2.295470869954319149e-02 4.517840700095359097e-01 5.543450009660843003e-01 4.058264583511338452e-01 7.903231805319606007e-01
5.288991249426601149e-01 5.394014446969918053e-01 2.364652523797967643e-01 8.450698385858521622e-01 5.241380158810302614e-01 8.752915829862168984e-01 2.767532431101240586e-01 7.711541394059602261e-01 8.306142458164356146e-01 1.171588949948574321e-01 5.907898692805877428e-01 8.485851896694958096e-01 7.271641962298593942e-01 3.759541243235764441e-01
5.872995471076722929e-01 1.678068514572867986e-01 5.858428300978291148e-02 7.516809278810187012e-01 3.232787633337600441e-01 5.788641273947516819e-01 4.527694025336478356e-01 8.925269104029708300e-01 2.229684854447520070e-01 5.828315189982087308e-01 8.500923743074461081e-01 1.420300720391044491e-01 8.487119963265200573e-01 3.819913583583710581e-01
8.962488266855863639e-01 4.076890237746682022e-01 5.835039866515568940e-01 3.285018173025952004e-01 6.122177772850700972e-02 8.832206658856164294e-01 7.155599707962237988e-01 8.794365505822090423e-01 1.335731295726254597e-01 6.604294541653671358e-01 9.667375394430710589e-01 6.274011284360619944e-01 4.639798061446023247e-01 6.561790364210952076e-01
1.803203517821720947e-01 4.040743185277412275e-01 6.932374352957688668e-01 9.347081361568367885e-01 8.898612207955705067e-01 7.652895360013637349e-01 6.026256392969350228e-01 8.379460358419555943e-01 2.304983620811843492e-01 3.991040210004875854e-01 1.584723962047730472e-01 1.063450655818030111e-01 9.653566549294958499e-01 3.373716720935504565e-02
9.574360490250566347e-02 7.772086728571577785e-01 2.214636575850364997e-01 5.856550568002603097e-01 9.686238292458160259e-01 6.374285504674298553e-01 2.967369607936355402e-01 8.729652490919104224e-01 9.663909409287551044e-01 5.823280355433660960e-01 8.507686509728062951e-02 7.706431227606064249e-01 8.265745395009849172e-01 7.887949797709050692e-01
7.538973931869905609e-01 5.280821227183825073e-01 9.599209327015121307e-01 2.731237315905072904e-01 8.129089932214754732e-01 9.346046689359925885e-01 7.717189805191659868e-02 7.600937775223548520e-01 4.414173604088559300e-01 5.565550477203901059e-01 4.597737013296285813e-01 1.734455234315840366e-01 3.226782574414809313e-01 6.956194329432433543e-01
1.838462382894242575e-01 5.751519191022048672e-01 3.417485788134633218e-01 2.840807101491709119e-01 4.111375692563544737e-01 7.014079010763574207e-02 6.724217091533857271e-02 3.466676454530928098e-01 6.741973047074433234e-01 6.662567716494833814e-01 1.231031865442127060e-01 4.057483163731472331e-01 1.420281071553458618e-01 4.312300735744293290e-01
6.956957328896039572e-01 4.409189607623360541e-01 2.688037996956895714e-01 7.049375606825959428e-01 3.287276901758245939e-01 4.263444821257779127e-01 8.328395654803447679e-01 3.361445221124785832e-01 2.151780638301519222e-01 1.999075766677660404e-01 8.365497367233057924e-01 6.519425633048142599e-01 2.937428909677637368e-01 7.156199103589246935e-01
1.858496815897058285e-01 3.701500015122329845e-01 2.149167157202401812e-01 9.780647023157581499e-01 2.397676874600016550e-01 6.146648757789681117e-01 5.724024015141673249e-01 4.248275887988417487e-01 2.143466876454944714e-01 6.083870879928605646e-01 8.063496558854285068e-01 7.632902101752925272e-02 2.040936465032153757e-01 4.910186249837172889e-01
6.504354293731873238e-01 1.969215027815203189e-01 6.109028045752193936e-01 2.854469778739998631e-01 9.143716327942318367e-01 8.041844691057203898e-01 6.204986111205733623e-01 3.074231220983776325e-01 3.621671507154442526e-01 9.549593967270686434e-02 2.309776858112974063e-01 6.974989724440572303e-01 5.961763458634519175e-01 5.405547419798358844e-01
7.970748924163270077e-01 5.893501233604739875e-01 2.172939106164186729e-01 9.449705504321761484e-01 2.269620464469708221e-01 5.681250797989059187e-01 6.417036561445509379e-01 7.495276531726995373e-01 8.597734425448033679e-02 4.758262105700072908e-03 5.623834566770032906e-01 8.366408534444659262e-01 8.224510119870731550e-01 6.597812164100075316e-01
6.316364277630187596e-01 4.199000022727428227e-01 4.028634935799361161e-01 3.131725383597310230e-01 2.341147670874853537e-01 5.457049527134105738e-01 9.322424014049689456e-01 7.839149323747447440e-01 2.800163348569300048e-01 1.076972563226422652e-01 5.135969308333703243e-01 5.515305609840175372e-01 7.429588023523231444e-01 8.366877705333796156e-01
7.593775131149038682e-01 9.013659849769065646e-01 8.977634052343516080e-01 3.912563659024872464e-01 7.727008327727603598e-01 6.952824749965721418e-01 1.337821051332388489e-02 4.377789030809102755e-01 5.584940201341281885e-01 9.980902055217711899e-01 4.904965324739471999e-01 2.300883771193837912e-01 6.671887785865516785e-01 2.566553348869954343e-01
2.921385278751327252e-01 3.299326808954072821e-01 3.364698785657832536e-01 9.333014024567115596e-01 1.795220159468716714e-01 7.181768362200745548e-01 9.113142143030279474e-01 2.439277648862490100e-01 3.809348295916802352e-01 6.032847786800701329e-01 7.623665209104071305e-01 3.434011673067752790e-01 4.399633579921212734e-01 8.772520305864710544e-01
2.529517050064356010e-01 2.281699010528881466e-01 4.741885061367030474e-01 5.116617881816295510e-01 7.144609603090146255e-01 6.789904262944078672e-01 2.368637854966259004e-01 3.201265159761916834e-01 5.183228400320025742e-01 4.623623578040784166e-01 8.266847404860810933e-01 8.242494317693137562e-01 8.990825510252917763e-01 5.840374314616354479e-01
9.350958992390854263e-01 5.530448943980922349e-01 2.884882867212863466e-01 5.325546923012400846e-01 1.921591027142587338e-01 6.496247990353282153e-01 5.124756228686307979e-01 2.608331083288613073e-01 9.807824013964172583e-02 4.891479662468316558e-01 5.196741782847020819e-01 8.830185291604488729e-01 5.064504674032919151e-01 6.399864666466860141e-01
3.092933945855208533e-01 6.034488170944319885e-01 9.953367921206158764e-01 8.441052696825764867e-01 7.891742506678034452e-02 8.789910523881867555e-01 8.644483687906420188e-01 3.326859928852571313e-01 4.065751249579496740e-01 2.729936947558536664e-01 1.034406132310358162e-01 6.876119307386383550e-01 4.625539030559632225e-01 2.079486977646939350e-01
3.110863783264669058e-01 4.187612348213954894e-01 2.895176249023051485e-01 2.980110344956176105e-01 6.468415747390697801e-01 1.007588439383018120e-01 8.499948866945317150e-02 3.994738156539410223e-01 5.547863166741224816e-01 9.029623000131821176e-01 7.635593949896473109e-01 9.792986065398512352e-01 5.412064367315683189e-01 6.998953257182394250e-01
5.106461248660940644e-01 5.837107320228841489e-01 5.680600946466526358e-01 9.007960361870860355e-01 6.406744935405712660e-01 8.247791597166653776e-02 1.163470806693481796e-01 3.805383226124831042e-01 1.328348845153761726e-01 4.569251009028715282e-01 1.688222765680940096e-01 1.361281994831253783e-01 8.570609145241492310e-01 5.422090076622050336e-01
6.365662944563130754e-01 1.838651312518129188e-01 2.054613781293667119e-01 1.094159095873284970e-01 6.112200377731051848e-01 5.388248871957134201e-01 1.480492447854312443e-01 4.943953732360566455e-01 7.219875915955269452e-01 5.289854846899577634e-01 5.634644516496893907e-01 2.043164367822122296e-01 1.103578846388676427e-01 7.205375070530714021e-01
3.622697879321382652e-01 1.308429032286356763e-01 2.719466523458972107e-01 7.889133781073220941e-01 1.115830048790767970e-01 1.656283495086011692e-01 6.853914513900353223e-01 9.120166540040394176e-01 5.649158059437632273e-01 6.172454197946215526e-01 1.276531863637133668e-01 3.204958528432810816e-01 6.478429302386486954e-01 1.325135291111652069e-01
7.697617704368819869e-02 1.366208432671789375e-01 5.443241995900824914e-01 6.423333862032386543e-01 2.428036299229034967e-01 1.362020810126480796e-01 5.913616253725728633e-02 6.351663321073180990e-01 5.220352678322474071e-01 2.673730908506442017e-01 7.254784119588351121e-01 5.839041659900862102e-01 2.520379779325099268e-02 1.531007590365806026e-01
1.642298525953669319e-01 5.949924799790792251e-01 9.595639092406385018e-01 1.583577311870525417e-01 4.124165530370976773e-01 6.342263780008018381e-01 3.345433034676119632e-01 4.455974218035099188e-01 4.218317301008471798e-01 9.704045277322670415e-01 8.042884321284151650e-01 8.357429303966331657e-01 2.841662044127956088e-01 6.491160227118022430e-01
2.541891111963634486e-02 5.250473791432024306e-01 2.979282273828863792e-01 8.340628123652400472e-01 2.129946461783820411e-01 2.825310999810631829e-01 1.430633497142801414e-01 3.800095433785805055e-01 8.758485406434167730e-01 6.525891694446684932e-01 4.605055198046692500e-01 1.739642880573351036e-01 2.906166882179312960e-01 1.684149668735616112e-01
1.908344615219210727e-01 3.035985048438426537e-01 1.669939834800795442e-01 7.502538246583948522e-01 8.534648006277035792e-01 7.328108912837381084e-01 3.958342533600239799e-01 2.865311686341767139e-01 1.331867422642494247e-01 6.957885686802498526e-01 4.484035781348104654e-01 4.905830589620322479e-01 4.388092715825006040e-01 6.953318063113571590e-01
3.583222772338918727e-01 1.096729683993991067e-01 7.792523046921003838e-01 3.582771112916524059e-01 3.541291360415566025e-01 3.308381432553293422e-01 5.771983878458187833e-01 6.462444681635416410e-01 6.398097184684591321e-01 8.132853364593990442e-01 9.050321786349176945e-01 9.435853288982013476e-01 6.479986554538819110e-02 5.802796788144535256e-01
1.009511539338222574e-01 5.845640632084374566e-01 4.637361896516194459e-01 6.411719635299696352e-01 4.946687623437299175e-01 5.253325580522973937e-01 7.799758865866130986e-01 3.357495454449777039e-01 7.038649401993540833e-01 3.441377641345316762e-01 4.570023872787335462e-01 5.300746848478672391e-01 5.760613925824690229e-01 1.502384026400787054e-01
4.153973706729842119e-01 7.845422360886977753e-01 8.829443342481899659e-01 5.166494277249145117e-02 4.868656418047548895e-01 2.557798957294488140e-01 6.563643965118967083e-01 4.869918699178965582e-03 3.127370659944717080e-01 8.189415686238438186e-01 5.431766598457847817e-01 2.684330240618465480e-01 2.780892443806156633e-01 9.350680181776311883e-01
2.279187598362190093e-01 3.901871760583580651e-01 6.936643474498958017e-01 4.220301819762283246e-01 6.004498330555786412e-01 7.471580428840316479e-01 8.026906373874164169e-01 6.002288893867507857e-01 2.047065341956887385e-01 7.047419123594159673e-01 4.710914698572533643e-01 1.336140888633692292e-01 4.873166200251726199e-01 8.103579672633587361e-02
2.190457869646571520e-01 8.606252608127593628e-01 7.769712212457943190e-01 4.844986572080733911e-01 7.799199587314062931e-01 7.690315066726460813e-01 9.072122750412275893e-01 5.579019092176827899e-01 2.277540524582890580e-01 5.457348471562241121e-01 4.842274111282540705e-02 9.746236176872922208e-01 6.777132007917132661e-01 8.633281317886605244e-01
6.717014596086545719e-01 9.102778499338941565e-01 1.118183853976616460e-01 8.357602229217998557e-01 4.969885424863683676e-01 9.966156307434459460e-01 2.642359051386062863e-01 3.937971379001982131e-01 8.363789102766120420e-01 1.731975193619683662e-01 3.868629203761680957e-01 6.984546837858237600e-01 3.580528082590008765e-01 3.679315267020318858e-01
9.212310172084319237e-01 7.428318708409317184e-01 8.170785959627052675e-01 3.242625969866659297e-01 9.487036132681547773e-01 3.642681972751171671e-02 5.340194187129001513e-01 9.593877965802237728e-01 9.189636791063982013e-01 3.891088494643653029e-01 8.811230965766366774e-01 3.190868344448234417e-01 6.345566293353088749e-01 5.813048056349290338e-01
7.630285525423563531e-02 8.342532148086068133e-02 6.953717123890229557e-01 1.705420811835510753e-01 3.078001969885082456e-01 7.593646840560281941e-01 9.236869659875870386e-01 5.523094213931351026e-01 7.490333535203763660e-02 1.729225114388219797e-01 5.756012842777479266e-01 1.042008789330874929e-01 1.450816192727593101e-01 7.198763626786944814e-01
