1.495600653621564913e-02 4.066385226269539910e-01 6.705977752732276143e-01 8.965493731103412189e-01 4.677883978090702222e-01 5.487260660392933032e-01 2.272763404945382648e-01 8.605195472297832993e-01 6.295578129425967173e-01 2.590340978396378224e-01 7.354305185237927089e-01 3.905070055603097057e-01 8.586159234095951387e-01 7.042201044051620284e-01
5.880339472571218806e-01 9.026269092666451277e-01 1.515933140046288319e-02 1.480046443551045199e-01 1.371035804165421368e-03 8.369798951837685852e-01 4.140629697136904985e-01 6.695213291181288939e-01 2.944224079011215078e-01 1.554788484906265422e-01 2.184452202203222004e-01 3.293979679872949262e-02 6.413671948454372496e-01 5.957369419284223033e-01
2.939658212124607317e-01 2.077733113945117172e-01 7.245499932184246150e-01 8.022822425905870025e-01 9.548255338173473605e-01 3.984893054475935337e-01 6.703615554367914342e-01 6.988711562056990623e-01 3.582547771020407890e-01 8.929720651027300837e-01 3.165921129317054161e-01 8.881657923975511126e-01 8.897033964356174662e-01 1.826046475848955852e-01
6.999377128641607326e-01 4.297182755471413707e-01 4.294872525190017720e-01 2.503274830783825955e-01 2.327491697967078998e-01 2.319460799080785840e-01 9.731878796767035045e-01 9.178722376527725935e-02 3.901980054097818895e-01 4.513795148743438013e-01 1.977462947705627139e-01 8.304865199780125939e-01 9.671318814190700275e-01 8.251767970289075604e-01
8.298318956679251457e-01 1.318397565070861255e-02 7.071778988862391646e-01 1.093736727500973505e-01 2.471700137351178217e-01 2.988714964685192932e-01 9.070772075428155112e-01 1.659876633875149166e-01 3.772823012588432112e-01 6.361285486415295676e-01 8.007631643965340551e-03 7.536663796702752771e-01 4.522294548633564171e-01 9.402789493241364704e-01
1.783150834943201257e-01 3.556682102073739360e-01 6.594319678928457495e-01 6.090687012693885016e-01 9.109586714257355000e-01 1.877058138697019762e-01 7.909308447904230821e-01 9.668762209989156808e-01 7.500003412532950664e-01 9.597566778720925118e-01 8.912088695230273583e-01 4.062966037796452712e-01 7.110636782248652699e-01 7.216289643970068557e-01
1.430519542457456827e-01 3.644142855214664856e-01 4.919137511333064872e-01 5.025000609281516928e-01 6.435561268896514697e-01 1.123247510267779692e-01 1.618370698046593947e-01 9.892378824071949017e-01 8.242024682910220612e-01 3.264739615187965960e-01 2.225741720027111237e-01 9.582993202657881238e-01 8.533121817553105393e-01 7.689478603649814170e-01
8.406563888008744545e-02 6.914488565103317219e-01 1.484992520814768513e-01 3.283377673198220048e-01 6.010461216847355903e-01 7.232504139163660195e-01 7.479410256760296027e-01 6.312174010786900658e-01 3.567323889112432589e-01 4.045032321257850949e-01 8.836080087907403069e-01 5.150981800056294579e-01 2.856939700652938452e-02 9.494967510183969228e-01
5.855391679288268758e-02 1.247645535490091717e-01 5.918691794342825219e-01 6.280155815101660099e-01 6.731533416619738253e-01 1.860069597269267128e-01 7.729913054458108501e-01 2.989570535503568438e-01 8.051152774159611170e-01 6.641561029638752833e-01 4.542275454755656527e-01 6.506456442576548094e-01 7.288614518408168541e-01 1.629395179483636991e-01
2.338275933777070881e-01 4.726050323974603229e-01 8.809520833131189166e-01 8.014589167563115346e-01 8.891882281367067264e-01 4.164898611549348040e-01 5.272898218103392320e-01 3.858345187592354675e-01 4.879550383723503248e-01 7.027849794401292982e-01 1.444772556059619184e-01 7.345543550436990365e-01 1.847661735759230650e-01 2.034823139825784333e-01
9.491595605878465625e-01 6.568712363919688713e-01 3.190153752422345557e-01 3.873067612773239965e-01 1.194262211865327883e-01 4.058479829171522946e-01 5.272163640589848654e-01 3.585621725875356436e-01 7.375216382992597630e-01 3.778340501046750788e-03 1.357200569200218698e-01 8.590671665737654727e-01 2.035684095680624361e-01 1.594064270007126138e-01
3.105106991640154135e-01 6.473597563883412009e-01 4.955163749562147002e-01 5.152310955674892501e-01 1.427925685139802559e-01 2.094213666578611521e-01 8.462071375041303467e-01 4.281336241874968973e-01 3.280538272009893008e-01 5.313074616699884345e-01 2.616765222522405843e-01 3.588018642747692333e-01 7.123082033261356472e-01 8.615360393088874469e-01
9.231867448530627351e-01 1.128713113455014350e-01 8.216547839626080485e-01 3.713816693753286824e-01 4.160369576554393545e-01 9.317819876794958267e-01 1.761681911246752996e-01 4.894933216678032384e-02 4.636968479902587870e-01 1.435965644578126588e-01 6.991837909985386679e-01 4.125022526877883955e-01 4.969568163153451623e-01 8.755012080513837613e-01
7.823040071671446549e-01 5.224345617738590519e-01 6.018225143483602047e-03 8.496608287727472897e-01 7.468253679333833883e-01 3.712382136268899124e-01 2.707466162283641564e-01 5.203795046847961014e-01 4.269154303975124520e-01 8.269075824698971511e-01 1.850481404418188314e-01 7.608811655523967099e-01 9.866714270646346208e-01 4.657726679724101260e-01
6.280641279656338227e-01 3.972199940897576109e-01 2.268209696662453201e-01 6.493002352249243048e-01 8.577438309785204718e-01 5.120533542236341829e-01 7.306005805546298415e-01 1.143429721219353379e-01 2.395766408571983197e-01 7.074444024638083528e-01 7.752433802682957564e-01 7.866157682029286669e-01 6.826666167997217372e-01 7.195384764798747890e-01
4.594971138324942528e-01 2.636514877962907732e-01 8.077564997476237574e-01 2.339994030334096031e-01 4.741391635232269364e-01 3.659471361336539275e-01 4.829773581505353297e-01 4.482735098245271832e-01 5.224332382699090616e-01 2.087492098041942024e-01 4.898398465370125132e-01 4.116539448296215875e-01 8.109275754473872500e-01 1.814390545210201600e-01
6.346578369524076280e-01 3.265022768698786493e-01 7.226715746877787616e-01 9.503272821037479501e-01 5.194123942479278444e-01 1.456808115837743278e-01 6.386075601588436790e-01 8.827108090804558493e-01 5.868449077191811858e-01 1.932631197375489496e-02 3.235251340432053757e-01 5.335928750900538198e-01 4.998099657099734916e-01 3.696749197372101170e-01
8.273263276514986053e-01 9.115059724596047408e-01 9.704108080091148336e-01 4.878243729399662776e-01 4.178525903776815209e-01 6.630511317466748489e-01 6.467148817300782948e-01 7.008360851084367571e-01 4.921787889913376013e-03 7.178280613904491902e-01 9.361594938614079542e-01 3.995145945324219960e-01 6.281520492632579611e-01 9.773924021117654792e-01
4.909848661417808291e-01 5.285248600912029193e-01 7.743624129172023141e-01 5.692531403635125997e-01 5.383514781782227088e-01 9.542534171952510302e-02 8.514051736369891987e-01 3.602509388937598089e-01 1.433386458142008602e-01 9.758025575662068185e-01 9.899001711493471412e-01 3.276996108812744168e-01 4.570701716329561570e-01 1.981092663413681620e-01
2.545715633089552510e-01 7.750975745276841300e-01 1.984916998299171009e-01 5.467282468314145216e-01 4.455047954629168805e-01 4.611591182442936754e-01 9.606609395641921845e-01 5.762739101933660457e-01 4.653577835852131805e-01 5.948494673561620649e-01 3.311241725791677082e-01 9.750206376812512454e-01 8.425397763957586106e-01 9.423026688830264952e-01
3.387240406916212088e-01 3.012197364588431459e-01 7.887728202961533652e-01 5.513334310842550323e-01 7.005469386768095053e-01 3.661548953748440249e-01 5.704096012564076057e-01 9.643569285553817982e-01 5.410196923781147582e-01 1.648715648356990915e-01 7.207046553478422268e-01 4.691772440279546874e-01 9.363268428906444951e-01 8.669166526609890511e-01
2.418310050646502729e-01 3.762806935747762260e-01 5.360090111554622894e-01 2.061590884360779974e-01 7.844989135650046741e-01 2.834244233384584088e-01 4.032879703450164000e-01 5.423449968200876325e-01 1.870491991929716935e-01 1.011937395897410941e-02 2.972635446599170006e-02 7.136840135473208058e-01 2.696181111700934885e-02 5.938618959136453546e-01
8.643174345466121400e-01 1.615085718212047050e-01 4.992129445358653994e-01 3.752445633832415250e-01 2.628626132197924292e-01 3.575903234541967235e-01 7.500847749707334478e-01 7.200366171035023077e-01 2.106304728089359868e-01 1.746669928429165353e-01 6.496245084963473415e-01 5.939599428056374641e-01 2.833482061858165757e-01 3.793578358483721269e-01
5.015474677990762187e-01 8.294806716164014881e-01 1.489793030498053339e-01 2.810568765041543404e-02 2.558891152077975573e-01 4.423460850275560130e-01 9.468640776784171820e-01 8.409635072808298029e-01 2.009543155006047188e-01 3.611749794044385453e-01 9.286962175313168144e-01 6.568548299908949506e-02 8.530942569615383997e-01 2.430252550383615873e-01
9.722163941815195054e-01 8.530661340733813880e-02 5.939021597985395529e-01 3.745083893940637232e-02 1.439316066915805603e-01 2.095713930969498318e-01 9.276099118192059345e-01 5.923526251304870316e-01 7.960486422107367899e-01 4.281750930556341705e-01 5.955776950788890245e-01 5.080461215529133989e-01 7.491526054045904992e-03 6.448478055953892341e-01
3.510798190569597299e-01 1.325746578947463172e-01 5.483204440028952575e-01 7.744445189184336886e-01 9.510415807404121180e-01 5.133879504133619376e-01 3.585859994165959685e-01 4.518091987019985378e-01 2.557154476608178850e-01 9.857656227830359219e-01 2.436633484552717110e-01 2.275212307571166104e-01 4.973936170840844717e-01 6.365550279607050665e-01
6.582732135767481729e-01 5.541478144138631823e-01 9.570180067777833699e-01 4.563702985929171119e-01 7.649664904305992774e-01 2.522334029484029072e-01 1.789507377295024293e-01 7.474745456543546718e-01 2.704762907719775455e-01 3.366572665893395877e-01 9.707487279421276316e-01 6.391283955814790474e-01 6.074190726849864053e-01 6.530486880985205689e-01
9.027320338979955006e-01 7.983581370172331271e-01 9.753336967836016003e-01 7.611609429420594930e-01 6.033079907599648850e-01 2.901434017822951406e-01 7.122048305654775646e-01 3.263333640218750720e-01 1.593052226804926308e-01 3.185314923640468754e-01 7.561731340605815088e-01 6.713344114246222460e-02 9.616350252953871358e-01 1.858408549018598643e-01
8.553466665214678466e-01 5.232524515237046980e-02 3.110812440765349240e-01 1.427390821053993175e-01 2.215790809941324824e-01 6.807077090987807555e-01 9.865281550487947637e-02 4.932023100035533014e-01 8.165155719438156323e-01 4.189742196235758387e-01 8.113991949565610984e-01 3.306179004724940640e-02 3.497253384071183913e-01 8.044621889003712445e-01
6.031649595370293104e-01 9.042652738514111999e-02 7.659102108610329473e-01 3.916115625674165823e-02 5.608375119794024588e-01 5.337536191929550533e-01 8.615830229631085135e-01 1.565441573598946867e-02 6.090060232579952437e-01 7.417656792566962309e-02 3.369772512754720672e-02 4.733448697062799804e-01 7.332295551658897237e-01 9.491333638373913306e-01
5.011604943022850422e-01 2.255004103534463678e-02 4.687138520672172737e-01 5.198570784044528326e-01 1.367350053141903610e-01 1.301351424873943285e-01 2.615017620833237633e-02 3.844234433419035923e-02 9.285520213019415880e-02 8.217535582134869454e-01 6.413672449166534228e-01 7.549006872536025980e-01 7.631684678768722030e-01 3.945369523812944923e-01
1.929270331870219790e-01 9.023433716043869346e-01 2.522824777713031930e-01 6.578885838427427357e-01 8.214801293368488855e-01 8.244683455886181456e-01 2.408808748626080076e-01 5.896495496148721482e-01 3.846336730148025573e-02 4.770324239634303742e-01 1.178961988526106008e-01 8.700599633067108707e-01 9.218644234182794550e-01 2.229256071676399831e-02
2.474582195381792582e-01 8.859439150492975923e-01 9.248084732652935847e-01 6.133690646639819999e-01 3.477247147843564035e-01 6.796175214626076766e-01 2.650362644994296302e-01 5.105843090162249798e-01 6.084820020823744624e-02 6.192857003788354575e-01 1.050083591470544198e-01 8.281383928183280174e-01 8.301615627313605472e-01 1.960030688808456212e-02
3.368990283718531487e-02 3.679018113947263302e-01 3.424998245311333678e-01 8.610119843350008129e-01 2.542924726949470360e-01 7.136491979888007764e-01 4.821609083579881938e-01 3.065245666853726458e-01 1.611507757767790538e-01 2.203227645529182155e-01 7.717973453230109193e-03 7.727180852633299679e-01 7.784904772140486262e-01 5.155069653552146747e-02
7.777523095209845083e-01 3.650481894968776730e-01 7.743673196439539996e-01 2.517362866907503216e-01 6.332965329850633873e-01 6.539429632929663061e-01 8.250549431857671090e-01 8.546487404834658408e-01 4.727009260592829332e-02 3.570518581913888490e-01 7.813979393460235290e-02 9.919736415271099839e-01 4.961886954595117194e-01 5.580886373657349964e-01
6.704595049826128639e-01 7.338776542001048675e-01 5.098038670157252206e-01 3.530020737114527574e-01 2.279365668754893548e-01 3.458607600247296521e-01 3.617921873754923467e-01 1.266596367537891066e-01 4.982637285376052549e-01 9.683722240373060508e-03 6.500250111337724235e-01 4.583492956202001034e-01 7.624346502375168866e-01 8.872657421772436326e-01
4.217732508255408463e-01 2.292109438788091369e-01 6.391292418505774009e-01 3.023431737758306426e-01 4.849799125125203725e-01 7.409105159006051933e-01 6.463680395060199535e-01 2.178227039537106169e-02 3.134340030923328246e-01 6.103343248828693168e-01 6.695727355462792740e-01 1.330413569500413784e-01 8.919136729096113214e-01 6.639542956809540986e-01
2.040891230517312138e-01 9.796309134756588932e-01 9.046301187586403003e-01 5.911637127397737501e-01 1.584632912004828587e-01 9.164415867722123243e-01 1.472628240301503411e-01 3.364754051721696726e-01 7.534928566960821250e-01 9.456708472096733153e-01 8.797151006656752648e-01 2.941983711041917804e-01 8.034257679280324416e-01 9.106114129500235688e-01
2.990887551791364674e-01 2.320165702787371220e-01 6.658483941909021375e-02 4.665784854204581000e-01 6.242461010730389059e-01 2.006380680346788736e-01 8.543312535829168386e-01 2.026003956850458421e-01 3.516997767412141096e-01 3.635614224477912160e-02 3.097650324804703814e-01 7.148444321492098963e-01 2.808158248927213885e-01 3.511568981916997068e-01
5.784174914544405466e-01 8.234917029528400212e-01 7.199418487990250082e-01 5.897829696076942740e-01 9.070129450620117995e-01 8.539059353175477707e-01 2.350125965554257235e-01 8.513413955085236129e-02 4.670162204725669675e-01 4.759946341748954035e-01 6.428517788780370168e-01 2.941851074652205300e-01 1.727344716005565495e-01 2.016607009826358876e-01
5.401881339267888826e-01 8.836892369722729734e-01 5.431859750083607441e-01 4.325707503905505957e-01 6.350466073971916536e-01 6.470467845950769181e-01 5.087681952916194295e-01 9.357938575409144866e-01 5.867954474550620692e-01 2.682354401320767856e-01 6.913549375209641079e-01 4.333719511075546649e-01 9.742903785570625752e-01 7.009606118161724186e-01
7.370410711693968775e-01 8.849389908017235573e-01 3.377018125150645922e-01 6.612321905469986660e-02 6.989587476357332907e-01 8.057768695755954669e-01 8.563955805661711551e-01 8.773700711360071791e-01 4.924866167676101858e-01 4.853221886159254650e-01 5.605384162297376571e-01 6.607419993880111475e-01 3.170748012045200293e-01 7.147632325116193286e-01
9.510791458560374778e-03 7.467302414584708892e-01 7.171878499005855945e-01 8.983137576062513174e-01 7.834972688771045801e-01 3.551134553741124300e-01 7.913070913778557092e-01 8.683347635064788683e-01 1.151615868420269306e-01 7.121663640275947005e-01 5.493171155542075912e-02 6.150941617301015629e-01 4.818489642992529465e-01 4.720910556476053399e-01
3.252027700292092760e-01 6.550887275440464563e-01 8.092872674617803685e-01 1.058652703087439306e-01 1.042920189889043892e-01 9.163618254580041533e-02 8.620118505562163191e-01 6.624652542498404850e-01 9.285321634573098226e-01 7.037135400276893771e-01 5.504431915535031861e-01 8.520266161729592724e-01 7.014953571201837379e-01 9.668074408184346158e-01
3.553843853158458188e-01 2.313706229643234247e-01 9.367712474774628761e-01 4.998731273171178602e-01 2.404106683725170113e-01 5.081676737432320179e-01 8.280984559811394030e-01 8.497226572853411319e-02 8.613876857077018556e-02 5.370673739614505449e-01 4.876370823949898181e-01 8.589512713100388996e-02 9.312838691405862512e-01 4.062474566995926128e-01
2.553038901690851681e-02 6.273220987534611215e-02 5.614006783111801235e-01 7.498450288315655632e-01 6.535777554243399345e-01 6.381352034711917920e-02 3.456129103292130411e-01 7.100541754890629109e-01 4.629785131370494078e-01 6.559812547206271827e-01 2.029308653386188155e-01 8.687358441006197696e-01 4.083126139123618437e-01 3.456910140447350122e-01
6.249464608106194419e-01 3.291830188720954453e-01 5.171839358008474274e-01 6.069491696072024656e-01 1.529098427586750297e-03 3.744854170815145045e-01 3.512328602122543053e-01 4.400456471296179117e-01 6.623892284618362325e-01 8.567809012725040585e-01 2.597701468131853320e-01 7.117419670960400957e-01 3.887917029319206685e-01 6.989184789963350797e-01
1.362228683834237897e-01 2.359821587430879219e-01 2.032005944401937825e-02 4.987813746779931057e-01 3.631012871245091755e-01 8.650132142241923061e-01 3.056491421885957349e-01 1.966310655158458598e-01 4.419016811500650066e-01 1.486019310576547348e-02 6.306922130432662810e-01 6.729479986482803655e-01 8.037147953320711302e-02 6.479568290804439412e-01
7.829960933977919701e-01 4.752636917482844225e-01 5.325922802860002525e-01 9.062493158010331840e-01 1.164762945931836491e-01 5.555777133495477527e-01 3.904648795565092145e-01 5.087768809650783375e-02 5.390148360913620262e-01 4.586223246504029794e-01 7.315950758649942820e-01 8.207838831453420081e-01 6.267430947554145648e-01 1.504977945402252715e-01
1.908770610873860019e-01 8.886529356604674357e-01 2.309999081055809089e-01 5.540532600959127141e-01 3.226777547358246068e-01 9.594455206065114483e-01 2.808745637206215839e-01 9.050253353380550703e-01 5.386907289671359900e-01 9.621379597012572615e-01 9.943539569056114580e-02 8.708871023787391197e-01 3.869065076673526837e-01 9.457390497280310226e-01
2.691860833458218361e-01 5.599270154789168785e-01 1.603409332541894106e-01 3.505943308312819973e-02 5.036989288537964127e-01 2.332393568114228266e-01 3.849477163472035945e-01 8.281959372638523220e-01 9.740652833835325985e-01 3.169433822600810080e-01 8.575705875867731809e-01 5.180601159392062005e-02 6.099165576938744282e-01 3.496388510372265834e-01
2.238533663152867392e-01 5.164062807045906034e-01 8.305688758077567346e-02 4.000390998278220422e-01 3.092135001103322178e-01 3.127292691592169493e-01 2.894963565207743228e-01 9.149088474247065728e-01 7.160569178349618369e-01 5.499996063320734541e-01 3.414791414879487785e-01 6.285672524856300569e-02 9.000966022068804806e-01 9.826552500022627257e-01
2.589565137169943521e-01 2.352287758572110254e-01 8.449424150667691480e-01 6.110104139244646460e-01 2.363285575798070859e-01 3.998270848406428879e-01 3.543106502287012294e-01 6.236887086963825988e-01 2.079250547713582531e-01 8.240064675785668813e-01 6.145008610904245661e-02 7.658411222620777892e-01 7.896361049890977535e-01 2.198378909718612384e-01
5.157560005812745763e-01 5.209270798764576993e-01 6.108487155860731210e-02 2.865714305538797912e-01 6.436674610779156147e-01 1.397570486758092922e-01 6.204392510793983462e-01 8.334829785352320108e-01 4.642826398925909981e-01 3.607832424388209835e-01 1.447689036385932937e-01 7.780916963007683540e-01 5.516156489610657410e-01 6.740503811529647837e-01
1.569294112265294805e-01 6.033422195622398787e-01 7.890407743640759364e-02 8.081960765092354171e-01 2.021216884799548197e-02 2.196942482260044738e-02 2.445330102466009015e-01 3.470871500111732955e-01 7.564320233202144195e-01 8.423886768988245732e-01 7.588861814520819760e-01 3.925406793519351512e-01 4.369889926700319949e-01 5.464976056928859682e-01
7.919763785942890433e-02 5.267206318139719956e-01 8.425588125514231752e-01 6.086856180381262638e-01 1.655927397365477560e-01 8.217928336349360485e-01 1.688585307232816080e-01 6.599945595622597194e-01 8.086347922598269289e-02 5.555175927412679959e-01 1.859208253068367345e-01 2.248495243186168224e-01 1.197315842099411221e-01 3.703463182203207138e-01
2.976602978658666743e-01 4.626320403776457146e-01 9.980325170828104886e-01 6.883925009756652891e-02 3.108299943365777640e-02 5.870409153185423001e-01 9.202737410526229400e-02 9.025469212886415571e-01 8.403638491284104450e-02 1.162561035134646037e-02 4.134971401162567117e-01 8.361341537565356585e-01 8.050294517728406873e-02 1.707513549153876209e-01
3.932921156037542110e-01 3.689309406506919853e-01 9.410066520347813990e-01 8.470737545424329440e-01 9.549391974477077216e-01 6.466859113196665731e-01 4.190499711857167409e-01 5.940275174495825983e-01 8.890339381285573550e-01 7.546380186251413491e-01 1.750330841173087792e-01 8.575332790642209435e-02 9.565872282603844479e-01 7.183200631770964018e-01
4.967594708840332718e-01 9.466998208471073539e-01 7.020444843747376540e-01 9.656699962035298901e-01 5.286781363574711845e-01 4.114641123130740041e-01 1.190411887866806850e-01 6.942364304644974560e-01 5.142674298458229654e-01 2.447969688565598823e-01 5.999421494962088319e-01 6.613901387378997576e-01 5.658904455738273942e-01 8.561401590528879835e-01
4.989138156806821600e-01 4.147693598700930018e-01 1.176853480804160856e-01 9.044602539116652906e-02 2.859360540388922178e-02 3.154531010228807109e-01 2.404189812950267013e-01 7.128859515567251837e-01 2.993371125827809509e-01 1.477313876620938160e-01 1.051368533021752594e-01 7.092647179431983417e-01 2.831584872964189037e-01 9.940048765315355750e-01
4.427959593994534870e-01 2.275790266492515590e-01 5.268138865092047984e-01 2.055120354030168794e-01 2.488020874200502774e-02 5.507659953563127653e-01 4.627917224759530157e-01 1.776865488881684829e-02 4.622781038173814361e-01 8.223232395973031350e-01 5.996243120214217459e-01 8.795323561049619432e-01 2.762688532380215278e-01 9.166996519468897375e-01
6.829918976848663448e-01 9.656906653431778231e-01 2.443802044070382262e-01 9.797843264157199972e-01 5.994093662530411981e-01 3.721579714001291839e-01 8.481044467561914546e-01 7.265775472794575585e-01 8.253383723303862052e-01 6.536875909510105886e-01 8.095897193575333217e-01 2.040749769848968498e-01 6.815334168235986922e-02 7.958101271879727268e-01
4.053592807026936695e-01 9.491384903189653555e-01 1.472222896852427576e-01 8.017877198178017251e-01 1.898006567550902801e-03 1.739797120639410277e-01 3.965984470024895847e-01 9.138108125169287499e-01 6.630667301379600254e-01 8.391603076627893731e-01 8.764849876791667160e-01 2.525480986011382489e-01 3.464998817156349498e-01 5.515455624494649545e-01
9.438343057420817139e-01 9.499706888932671900e-01 2.059999174567106461e-01 1.732187828021531928e-01 1.774724838183612263e-01 7.895194209056420886e-01 7.896357409478094169e-01 2.774433895016903406e-01 6.534795171710885420e-01 8.063390603517299748e-01 4.922854418096794804e-01 7.987666995360032107e-02 4.137274922989732096e-01 1.180094732769104704e-01
8.725408700754111457e-03 9.968894512379082862e-01 1.895007783826094805e-01 6.524700596528049124e-01 2.224960744710088312e-01 5.162242220451574992e-01 8.627486560191659493e-01 6.781689092598224278e-01 8.604197123081336329e-02 8.157674813082029797e-01 8.802739172563716075e-01 1.730622801266239463e-01 9.882344231467682372e-01 7.640843989782832857e-01
8.100459151133706515e-01 3.914962004260870154e-01 8.962933188672245199e-01 3.374384088292884387e-01 5.521304609581244582e-01 7.884858839783759343e-01 3.159493301610830640e-01 9.178896629276707131e-01 5.531133721697092387e-01 5.040846976307766791e-01 5.472853459735027570e-02 6.991164964751208633e-01 9.625146696294170079e-01 5.218213996598287663e-01
6.023093893727218262e-01 3.722005828924924709e-01 2.684905296280768461e-01 6.298869351837950159e-01 6.126611258327141485e-02 5.109917267443204736e-01 9.934633978257734199e-01 7.567116272750521455e-01 1.897690770538327243e-01 1.568624663072918368e-01 6.036783865401830207e-01 2.968148701581795335e-01 4.808601707233171041e-01 1.059971106574879585e-01
6.829958616246473158e-01 6.059314650041346395e-01 6.369229633717885530e-01 1.393283364000745816e-01 8.376584040818718657e-01 8.642452273512053473e-01 8.029288984033674526e-01 6.521787401765736236e-01 9.144330252835284334e-01 9.460507537092295305e-01 9.606334492027667205e-01 5.438833137247208738e-01 1.256296281372479839e-01 6.665795302054268179e-01
3.197234457801155783e-01 4.328989780160608092e-03 1.817630692106390056e-01 6.807754503019789460e-01 6.509950517960916283e-02 6.114991428040762456e-01 2.180166815368209665e-01 3.764815529961578200e-01 7.015609797570123707e-01 6.456118268702472074e-01 1.341879877965551637e-01 6.255086568127491420e-01 4.624729784867617211e-01 8.643632930464792974e-01
8.069796202577308453e-01 6.365110585844292457e-01 1.677894313089021150e-01 8.563111994416506834e-01 7.910940903477293729e-01 6.931283772734955217e-01 7.956386025338098023e-01 7.992701840072271580e-01 2.175530685605164827e-01 3.679589149056733399e-01 7.136576966943678491e-01 2.879088195170369513e-01 2.099854347453278258e-01 6.659949402262165252e-01
6.457199022954523970e-01 9.670115210752661117e-01 3.824957068254307702e-01 3.286358608300313788e-01 2.654819761182948268e-01 3.838590397963260736e-01 2.511220428936751237e-01 3.367408735011632182e-01 8.915300436792314986e-01 6.902127515319187445e-01 2.961352863613009312e-01 9.455177532065535129e-01 8.179971030165148482e-01 6.761209832824355281e-03
8.519019180859551676e-01 5.344255639781857470e-01 7.301692659110987638e-01 8.798223706879001460e-01 3.185342605273401295e-01 8.087044159494782836e-02 6.168481186084541212e-01 9.653431084957415642e-01 3.199826703982755483e-01 6.293293735609595263e-01 2.836052443549316182e-01 1.704816951509269263e-01 4.788460247374165535e-01 7.897719060768193522e-01
4.190844139559347648e-01 9.119425825122055018e-01 4.879348356256283381e-01 1.063051868532481903e-01 6.151630773387649631e-01 3.904271603159443771e-01 4.566531958712179984e-01 3.096798875880556468e-01 2.905027663907681079e-01 7.380397762452792776e-01 1.036081081677883153e-01 5.470631413861394288e-01 8.423558096834800057e-01 1.436713687082754598e-01
2.950320234765272387e-01 1.433313417852024596e-01 4.504643514723019049e-01 6.450600707504883236e-02 1.880246569597671114e-01 6.044911976399658382e-01 6.103493389073332276e-01 7.315672207346795020e-01 5.914456306623250281e-01 1.976581104420523927e-01 6.528395682393440813e-01 5.637570004771150778e-01 9.591899485297190608e-01 6.598652520549648237e-01
8.231950660677386233e-01 4.576294787715983192e-01 2.716098169679821428e-01 3.865430625614896254e-02 9.915945772766339150e-01 4.798764371986772304e-01 8.006284351075496630e-01 3.230980888561713060e-01 3.632707485806675463e-01 4.623756484357414154e-01 5.144602606983951221e-01 6.893731664465625464e-01 6.514864985206351156e-01 5.263639897487781827e-02
8.423920598311789298e-01 1.739660313118558399e-01 8.571512829616254603e-01 7.208520439315675432e-01 6.936367523260505985e-01 1.745525190453771636e-01 3.846619281791534561e-01 4.773501138608123862e-01 8.885925915059931235e-01 7.351543865911136511e-02 7.196384548915456536e-01 4.558888534431648765e-01 3.605453654093421223e-01 6.864711607288903616e-01
4.205194839542112373e-01 6.270336890327909973e-01 3.827953141382575142e-01 8.027376892572005707e-01 7.678973949592919901e-01 9.885647155113437279e-01 8.210893201464369850e-01 2.520801844670695901e-01 8.767754502892964874e-01 7.411222267191190927e-01 4.636170589614703186e-01 9.524034900071440823e-01 3.970687696206176565e-02 3.237126924866677857e-01
6.033886417479785713e-01 9.407807627821104246e-01 4.084095843761613720e-01 5.841894114176818809e-01 3.133708181373296986e-01 3.014404526132804518e-01 6.785357638389524215e-01 9.445590681346454076e-01 1.887132476954711535e-02 3.645537928970692398e-01 1.879808426561692114e-01 5.971321015862763870e-01 6.156865598311553889e-01 3.454683729705758655e-01
1.497659557882236037e-01 7.372976894665934644e-01 8.732738626598595122e-01 5.488159388369800995e-01 9.849972148449718246e-01 5.339348018815058827e-01 9.455598527701138956e-01 3.540661310126317352e-01 5.642383125361934981e-01 7.646620818054782331e-01 5.983872037677502309e-01 9.302469255378487123e-02 6.035097482884110853e-01 5.274417901557776345e-01
8.296935268785513573e-01 1.701755377553124671e-01 4.203431040366402138e-01 1.947739564105257504e-01 4.250567647874792243e-01 3.965512372590064283e-01 1.437297284932417263e-01 3.480087602916399625e-01 4.450707764726513638e-02 1.081208737707012313e-01 8.371498225431046603e-01 9.932119523164868458e-01 1.055001619477017316e-01 9.278848695078273368e-01
6.044279195756506740e-01 2.488913193427882975e-01 5.432779834513604689e-01 9.809057539899633804e-01 9.499578430932359430e-01 2.056684502873915577e-01 9.480429820346926162e-01 3.468487214175065558e-01 3.915838088299667952e-01 1.660619747038981631e-01 2.968188549819313904e-01 2.541906550633096229e-01 7.224611868377732726e-01 4.453248312570295964e-01
1.348091981484111912e-02 1.594714323714607751e-01 1.656272434719713305e-01 6.448996161972604391e-01 5.390399210581469092e-01 2.638628180013387059e-01 8.802503447851558471e-01 2.525366874091417024e-02 4.112526204968477428e-01 7.532199954767048178e-01 8.480823730578327391e-01 1.158854281310299772e-01 5.653969301580807905e-01 1.476269496850105556e-01
3.280391977821409677e-01 6.101369474638729251e-02 4.261122907348694477e-01 8.716222497650836232e-01 7.782258644823087934e-01 7.945360166010136949e-01 8.837687694610718570e-02 7.138569708388258217e-01 9.468429952057360044e-01 9.173612564316033779e-01 8.967279579649073407e-01 4.805500413114490721e-01 6.387711467034616897e-01 8.120144390203840601e-01
9.530649634589271058e-01 6.470744108565377184e-01 8.784659888835577579e-02 4.285974568419881336e-02 1.449147674179149803e-01 5.055772510898839389e-01 5.235045550918595580e-01 1.902489164694449730e-01 5.026082836251605235e-01 8.380994737016344009e-01 7.432354910719511931e-01 7.995111919731641148e-01 8.284997031545660029e-02 6.337491587739019216e-02
8.567919190183526101e-01 8.237514501621234775e-02 4.629854248402535122e-01 9.843619835262942264e-01 7.123367646177252155e-01 4.432440417751870587e-02 5.579761094556615619e-01 2.130921405633490195e-01 8.728779185609825131e-01 3.651344914472823833e-01 1.611657848019962813e-01 4.778431330986852021e-01 8.933218118522633366e-01 3.757718276732583407e-01
4.622603666629834240e-01 6.881153998585758380e-01 5.552206333825379092e-01 9.684188574009333639e-02 8.366049660601981852e-01 7.782862079460669547e-01 2.852756215914623583e-01 9.925462161473449507e-01 3.877485743415970409e-01 2.222466481691428575e-01 7.991903259534074433e-01 2.416185492505400489e-01 5.580082204739797991e-01 2.202230417351915825e-01
7.074233676389152237e-02 3.245828865681144038e-03 3.034331435739889837e-01 5.694921676774881147e-01 2.853081302084562454e-01 1.858278137421920384e-02 1.301588984951013162e-01 8.156929581208622881e-01 7.510952057434350237e-02 9.919399439309244393e-01 7.859835073928006510e-01 4.273022010539851978e-01 9.097425561813944350e-01 5.034095646074281394e-01
5.894543520634359934e-01 8.708856032596811181e-01 4.744474067095199032e-01 8.390922450737245963e-01 9.858868389714914304e-02 4.910986079053510922e-01 6.963715841491666669e-01 4.301478970731904550e-01 9.635489221764812484e-01 3.609762084398692172e-01 8.671112252936662435e-01 8.554638738674726905e-01 9.220946792749029619e-02 1.411385672996384733e-01
2.573910235539071945e-01 5.532050838689483996e-02 9.558350902749412903e-02 3.097327922795179989e-01 1.525357145330008546e-02 3.684618144082734137e-01 5.600975715602717342e-01 3.320881919980595010e-01 1.830271215934379248e-01 6.705133724257624772e-01 5.207858298670497987e-02 7.075139877723757298e-02 7.450092730307352751e-01 6.889553817603126795e-01
4.157340917695946381e-01 7.248912493613890451e-01 3.994278387487761872e-01 5.103788592124135493e-01 3.952650300106437253e-01 1.447453250250282375e-01 4.545828902854825992e-01 8.190809249355607280e-01 2.376828035794614769e-01 5.007201875361554366e-01 2.779233847086911569e-01 5.912747488014126196e-01 3.377066132949126942e-01 6.228170600202906915e-01
7.948832432511662160e-01 9.893164017887000616e-01 1.649523024578711805e-01 2.200777506353346347e-02 1.498180690381545332e-03 2.222770328158266695e-01 5.953527504178273144e-01 7.520469071691004981e-01 2.445514947376070669e-01 2.584926990149366555e-01 7.290903201485103846e-01 6.815173370073306369e-01 9.141874506566357583e-01 4.161035893887079506e-01
9.783048462514977173e-01 9.393897000199500358e-01 3.802101924108791664e-02 2.653152613516878144e-01 3.490369392782848301e-01 9.375410671919530703e-01 8.529325049012910220e-01 8.906371986924146444e-01 8.986072467381047701e-01 1.693503574102028786e-02 3.991903376375403045e-01 4.238420913449267857e-01 3.241133572269344620e-01 6.999350809431601483e-01
9.969961428594187325e-03 8.986403077040220344e-01 2.263809506707609165e-01 5.240029635785347084e-01 1.696302325013703260e-01 9.921941556955958808e-01 7.958139142626762252e-01 1.936876878228032117e-01 7.447837647232852243e-01 7.206997306843243578e-02 1.498128547284119927e-01 7.956522472333960039e-01 3.327070805378334883e-01 9.312948249981809479e-01
9.473183614244862216e-02 5.134460898091801617e-01 5.578798542446793407e-01 9.636843649663909828e-01 1.231011666205615862e-01 6.672851108589936686e-01 6.855876497945109227e-01 1.314823810347957034e-01 7.647623648081427472e-01 1.677178363708190512e-01 9.091612587031100423e-01 1.893618958910725514e-01 5.677491204147032677e-01 8.202667015894324898e-01
5.008370204560412819e-01 8.679662044017232292e-01 8.682870407435330229e-01 6.902862171008302683e-01 1.349551061448485134e-01 8.079940614402197907e-01 5.401764635101661272e-01 5.637834031371778964e-01 2.388352207182116160e-01 6.533805691094706214e-01 8.303917221606714749e-01 3.865524554142518721e-02 3.259949492254715642e-01 2.672795427783394295e-01
6.380369901823109702e-01 8.381741692196800209e-01 5.830224661426099964e-01 7.201384413483198355e-01 7.627902296701030149e-01 6.421088738772361415e-01 7.941315904142183246e-01 6.936718652025787302e-01 4.345572520923772775e-01 9.659164181352435374e-01 7.724040073228821690e-01 2.974340695459768424e-01 5.588331185739979778e-01 4.744382546847129012e-01
3.705306180606358080e-01 9.396717203234745686e-01 8.411431412851618772e-01 4.381515374162758825e-01 7.055697106238139060e-01 3.901040895244566320e-01 9.618632197242937831e-01 9.702507183407517166e-01 6.215997557582300104e-01 5.139350299752456497e-01 6.325795322608992466e-01 1.260044145926394465e-01 8.194225776259697058e-01 1.291293629391399023e-02
8.156794536698498410e-01 6.838272751183910314e-01 8.132009395949090225e-01 3.817442789753967558e-01 5.468138326106687375e-01 4.559509110816990507e-01 3.765456421508713847e-01 6.914251340266349688e-01 1.392747244436631782e-01 6.947992906003374047e-01 4.028233743114862930e-01 3.036806257206096094e-01 6.524131654995500851e-01 7.022656689006695485e-01
9.608361084934141649e-01 2.963011485751496643e-01 9.129948316599556524e-01 6.717931687963842879e-01 7.706438375392561380e-01 2.167239256564035266e-02 8.263092937206930610e-01 4.531800355037982619e-01 1.618420266343680858e-01 4.617162754259819257e-01 5.784367770644279760e-01 2.077149961293187630e-01 8.744814904204172290e-01 7.679988040684840866e-01
3.647979943602868147e-01 9.760012252578477154e-01 9.534121580860377421e-01 7.010194346632924178e-01 5.848243282095950679e-01 3.005597541345876866e-01 1.525119805124683925e-01 1.080122567917638499e-01 8.917249081118308052e-01 2.346916071880607024e-01 1.696293026451272112e-01 1.317153941477748891e-01 3.780304671457321852e-01 3.563058035216157826e-01
