3.678825320114484931e-01 4.575264868174848676e-01 3.426005124780809874e-01 8.652604220523433254e-01 2.309076866929312688e-01 4.544633214442131974e-01 7.094239890801785631e-01 9.808368278932777518e-02 2.968477472680827178e-01 4.582205877925402682e-01 3.555883269336301833e-02 7.894009998947317808e-01 8.683500165697671802e-01 3.978379374230269772e-01
3.175026419320909898e-01 8.315628458336967732e-01 9.601171350696059426e-01 8.016872976775708537e-01 4.639878118233539128e-01 3.293798523785435028e-01 6.301750612167866805e-02 2.964270944268693198e-01 7.922636898988197895e-01 7.076783582129051453e-01 4.972830247244744983e-01 6.007994331013070122e-01 7.176594425702537139e-01 7.402782551143134437e-01
7.729471959726978980e-01 7.658546560182972751e-01 4.638637948888446605e-01 2.203031887292102864e-01 7.537684023874909878e-01 2.428515259448298380e-01 6.349617547135798512e-01 8.373951133789724333e-01 3.265835467428772620e-01 6.950125212003505082e-01 5.769582819037033516e-01 2.116025994492232165e-03 4.171595774220823172e-01 1.076997139072092269e-01
1.773403902844481461e-01 4.061132581023696453e-01 5.376448034906176066e-01 5.701994702229709056e-01 5.370302063004515070e-01 1.733681183005152393e-01 1.946300236715857723e-01 1.787519391517414791e-01 9.054485130985620023e-01 5.613233452154141601e-01 1.579713164722073016e-01 1.975027524906738385e-01 4.720044615294362034e-01 5.493986166350601774e-01
2.942766943043352290e-01 2.113132009558965629e-01 8.660978589286283391e-01 7.118943456641062539e-01 1.730421459938334960e-01 7.165734909394048113e-01 7.304035595142875925e-01 1.076996674374454122e-01 8.838149486360027396e-01 7.049708420636024986e-01 5.388379534866173382e-01 6.091930249972594691e-01 1.258842336925919403e-01 6.101873999389781922e-01
2.035312661539550039e-01 5.496349485141301949e-01 1.169657974584777937e-01 4.316523531064648811e-01 5.336144889806450076e-01 8.802326811387418681e-01 6.644428053390402100e-01 8.335751305291441149e-01 7.046972501142483303e-01 6.376563360642845124e-01 3.279184588645354115e-01 4.607071818231139870e-01 7.716713980146238105e-01 2.656482488556015653e-01
9.370834230452328439e-01 3.492475334390164887e-01 9.903722507984280554e-02 8.065966278658380784e-01 4.547862056202782721e-01 5.201402209638383844e-01 7.088212796262955973e-01 8.769793219864610023e-01 4.408758673329959965e-01 2.310816793973163863e-01 3.219580531067631757e-01 9.386705870458426082e-01 7.008225285738610699e-01 5.803817012069946157e-01
4.653236321891452976e-01 8.174503817688573148e-01 3.054675634920537286e-01 7.159886210599278877e-01 1.839244646774341740e-01 5.731740742481566953e-01 6.258158636710901002e-01 4.442356163376836031e-01 1.404466599319890152e-01 2.428857367960969293e-01 1.606777271627205517e-01 5.538874712026679026e-01 5.344119096936795765e-01 5.688567226400633725e-01
7.929450141000248253e-01 7.755941575288461953e-01 8.898417592022642708e-01 8.412812528372515253e-02 1.402578961347701325e-01 6.749088448009619157e-01 8.877899069877573934e-01 9.864563604886463777e-01 1.170574300550714097e-01 3.870647413864743980e-01 4.461366322292850128e-01 6.400267539251942583e-01 2.310336568964691528e-01 3.458081638288948989e-01
2.202149012741621004e-01 7.012422772458138942e-01 6.755941541999724853e-01 9.691936487666714672e-01 6.697699547559382571e-01 5.219350255803567595e-02 3.533131682581214239e-02 4.290872948478249294e-01 1.235968321233549272e-02 7.689182250366966009e-03 3.802014924551899711e-01 9.409321231039563527e-01 6.202913850918301275e-02 5.490528855331060498e-01
9.190563540834045808e-01 9.963496056319717242e-01 2.451757246857955153e-02 9.526265481456025475e-01 6.738386491297486680e-01 2.169488226795046604e-01 9.195217038106010543e-01 7.117300381660107700e-02 1.280819193120452670e-02 8.468779079649458863e-01 6.608837795049371522e-01 1.887543212736592091e-01 6.968122604764340755e-01 9.652263808315195703e-01
5.987228619115457784e-01 5.008125164388566031e-02 5.055327125633248819e-01 4.362394987726746498e-01 2.585773062532626954e-01 9.378103978702619914e-01 3.251866694368945598e-01 7.089247590852214564e-01 4.112402849801177762e-01 6.927544296271282986e-01 8.169176504791562099e-01 5.059707066945617893e-01 5.179569677823362417e-01 6.050881706179146446e-01
9.959308515675586726e-01 6.666381468471495042e-01 3.289621574699571616e-01 1.486285073840635240e-01 8.558224899186321899e-01 9.578633406129714034e-01 1.473392341285714169e-01 6.567629958318804695e-01 6.141769096865209443e-01 7.040847180576521591e-01 4.106414508550759734e-03 2.648307218371152016e-01 5.318489850475016656e-01 3.080845210846765436e-01
8.915144147858768964e-01 6.293818215645825553e-01 8.368814495510384921e-01 9.902677059797919679e-01 7.500899678288533989e-01 3.939074893242053843e-01 4.777197423687440381e-01 9.645987436067771092e-02 3.855729431029641940e-01 9.174122142657101797e-01 5.423920356367075701e-01 7.610686343484236449e-01 4.129826728686820658e-01 5.181667527295604758e-01
9.603777852833227380e-01 4.780997549262658852e-01 6.942701242580927579e-01 5.016076989939401987e-01 4.667817531719337110e-01 7.356747402184876661e-01 5.786800852205034040e-01 9.417338599710293190e-01 2.608470983869807247e-01 7.293251424108231351e-01 9.405683994047909779e-01 1.142880830861332520e-01 6.502671963247670384e-01 3.118179606471123133e-01
9.174796212332487766e-01 1.128884987233337300e-01 2.124014874294098965e-01 8.072199670210854494e-01 7.834499196730775328e-01 9.150788076725476783e-01 2.935063490708788025e-01 4.640651150936397906e-01 5.194466494075922203e-01 7.007981589041272219e-01 6.949791987403223237e-01 8.015729125000030653e-01 5.695536756574369752e-01 7.317300416925738293e-01
8.978946509334472248e-01 9.597966311370570436e-01 3.358313982513474460e-01 5.822931096082388791e-01 8.599802733009859201e-01 2.709157552800813828e-01 9.303506978315601028e-02 4.050975290598933798e-01 9.019627096309358327e-01 7.533390538207677123e-01 2.453118512442594712e-01 5.322088086443884647e-01 6.113621246391325315e-01 4.103585091087327275e-01
2.311023848103510581e-02 8.014727947877265946e-01 5.753939406465394812e-01 2.682722760995344125e-01 8.277069323057005823e-01 7.820694631154934129e-01 2.031634316530924744e-01 6.930251679756842531e-01 6.592060138763804478e-01 7.058646987431360653e-02 5.329789290373434518e-01 1.699979896414227643e-01 3.029867163591097867e-01 3.845094446548638079e-01
5.775805680714242163e-01 1.978902672174032151e-02 1.794648219146562917e-01 9.829566174524676514e-01 2.236855176425289748e-02 6.707709663211919304e-01 9.403525543468527204e-01 8.050740857112396176e-01 5.212878282378378136e-01 3.631415717222100659e-01 5.700151139879295892e-01 4.324224609727677082e-01 8.123525383894754093e-01 2.008278717395816093e-01
6.677844187514632157e-01 9.307932538748975304e-01 5.902712723537187900e-01 4.516004656428901365e-01 4.113403486192036551e-01 2.934533236089550412e-01 3.690099412105800614e-01 6.555467684989260135e-01 2.863945787017330158e-01 6.521283019824997140e-01 8.309180087697305428e-01 3.979013199595722305e-01 1.329786889997374155e-01 9.068470525584447772e-01
5.862438211611576966e-01 9.989102693952700562e-01 1.631469393421529634e-01 1.000077544823019249e-02 3.878253544282561638e-01 7.822915876413414349e-01 6.116518053773688512e-01 6.553868639720897837e-01 7.565623003065836683e-01 6.999683689543519938e-01 1.476400169460767575e-02 9.644825491122803740e-01 8.096021370340789058e-02 3.443291313827561151e-01
1.617822633781675901e-01 8.210603253768569143e-01 9.481050133491495391e-01 5.199927484826999402e-01 9.019159855502500989e-01 1.080629946764121163e-01 6.369011184968420558e-02 9.083551864513955687e-01 7.183052638887732488e-02 8.001943903329713503e-01 6.197265902715969332e-01 9.579275212773763482e-02 5.080332937630918089e-01 6.201099695541406609e-01
6.718609375655489879e-01 8.708728943002934653e-01 7.720787787202632035e-02 8.786518406437724416e-01 3.594801862658448810e-01 2.356526923779327376e-01 3.402717028533588373e-01 8.254336791556075026e-01 8.473290101930656126e-01 2.046045911079711344e-01 2.740480274435832531e-01 1.616001672712206183e-01 6.005810798227454450e-01 2.021278239822164036e-01
7.618750568560469505e-01 2.476232881155264742e-01 7.767354531068583201e-01 7.903066765104649338e-02 7.030213520353917334e-01 4.992673630189987666e-01 3.103345379832145312e-02 9.588959496601396904e-01 1.097881158651371480e-01 9.610054280872684096e-01 6.952907107564164635e-01 5.168549660647159261e-02 7.105198686790231699e-01 6.653480570333751842e-01
4.693583270904145843e-01 2.295947996190966789e-01 8.688369368352136801e-01 9.532086047473109502e-02 3.913197852940345500e-01 5.198420649606276811e-01 9.444817706470920449e-01 4.609995866704552636e-01 5.600330671836714069e-01 7.985505381894265620e-01 6.691276567000155051e-01 3.908746893613780360e-01 9.660755349052418950e-04 7.906092782340349290e-01
7.136226164644339232e-01 2.281734840012265009e-01 7.742040769668673272e-01 6.032947539769462075e-01 1.137442182875259000e-03 5.155097883790702440e-01 4.200014146574096996e-01 4.275748435809120229e-01 3.373077496424459198e-01 4.491382891157692514e-01 4.008070662505007764e-01 5.953745661747927853e-01 5.787403407681103173e-01 4.124768229064291747e-01
9.379154823672052332e-01 2.847686351045619624e-01 3.805913787469563658e-01 5.275984947189930052e-01 2.664212562056433864e-01 2.462630054262621160e-01 3.789781134975157562e-01 7.163563071288769901e-02 9.479849590217943600e-01 4.606825163961153491e-01 1.031594699447940799e-01 4.423382697352319370e-01 9.495762108398410062e-01 8.288526301467924462e-01
9.940976731097299623e-01 8.437224236081135587e-01 9.950434007526076652e-01 6.532879404672816692e-01 2.040092483142667001e-01 2.589689944555262358e-01 9.072113583376029133e-02 4.098588487143239867e-01 8.384122279368482200e-01 9.071634567014024153e-01 6.327898263052502692e-01 6.274568957085587817e-01 2.203485034663722475e-01 1.047212219197176664e-01
2.672753453995058148e-02 4.546854723710005430e-01 4.308877492027294309e-01 6.549679718036736098e-01 8.559959880926557574e-01 3.931024470943028648e-01 3.301675880791359319e-01 4.173211115499815271e-01 9.543231892562558105e-01 7.140796215381572942e-02 6.272140335836933200e-01 3.060703719773611997e-01 1.031913020230085243e-01 7.949921780581881148e-01
8.578580437498197764e-01 2.970263468089527903e-01 6.682422057256398595e-02 9.660763215894625500e-01 4.580182556611295253e-01 2.583405253536096291e-01 1.342577418769838049e-01 9.485046492279211039e-01 8.442094390929131276e-01 4.061954399635014923e-02 4.749842510999475742e-01 9.194055752624432643e-01 6.905508967426323697e-01 6.186429583024545265e-01
5.129124494241876775e-02 1.873794031222922873e-01 3.660679729604909838e-02 6.348271265225782223e-01 7.843715323235359582e-01 1.384728851473767675e-01 7.821361799200031717e-01 1.718467739399792693e-01 1.985972224530375696e-01 3.188769501775654547e-01 1.704523390400504157e-01 6.059647419509059940e-01 4.537802809346523913e-01 1.223331419742293980e-01
6.461065349173352734e-01 1.254796966974525141e-01 6.769485417559834017e-01 7.108966775788053694e-01 2.707676785788792895e-02 4.776204399166901204e-01 7.598390551971423434e-02 6.648924037646560814e-01 7.929651054777164809e-03 8.936692463419239063e-01 6.451079290221412021e-01 7.971494834505165050e-01 6.580245500878291187e-01 5.151860012652795806e-01
6.076675357402933075e-01 3.299054247816135543e-01 6.633883250214823724e-01 4.314052342485303893e-01 7.978712606273782315e-01 8.286946488219080198e-01 6.442316770125310343e-01 5.634497081065663604e-01 6.827492497979147368e-01 9.620730088994985385e-01 4.380993352655441209e-01 8.879168683584781618e-02 5.965677704481621157e-01 1.256193361239069661e-01
5.084744620187900965e-01 2.356537615083287296e-01 1.131333960831630847e-01 1.126219771128952329e-01 8.851914661123958528e-01 1.578765817873023503e-01 8.558825766391126022e-01 3.308427869682555311e-01 9.676660893416030307e-01 6.456968550573423116e-01 7.746236800565651226e-01 8.339339060382418012e-01 3.373523434536692678e-01 3.196491857570993300e-02
2.031346691644442259e-01 5.328081245547013900e-01 7.219094584974212747e-01 8.273161500088722642e-01 6.245419540307346473e-01 7.561451459564126898e-01 6.136201375617117426e-01 1.072218794535074737e-01 1.659793390550149406e-01 1.062810648992836837e-01 9.499806259755558813e-01 3.568405018142625229e-01 2.831887610288508217e-02 2.696623264069027970e-01
4.812366773031950817e-02 4.436422023714062801e-01 4.942461882572917187e-01 6.137729897915034094e-01 3.798222776411275259e-01 5.820018710164438502e-01 4.218548948642911744e-01 7.931911819398629326e-01 9.592974594375713870e-02 4.328622104901874712e-01 5.407491577097881530e-01 8.490056584366777459e-01 3.485444413134803909e-01 7.149391188778465578e-01
5.358376567567568749e-02 8.600295335592300638e-02 9.250754161766808759e-01 4.629525262166547250e-01 7.701903306203402577e-01 2.190150100001375666e-02 6.015730724437855503e-01 3.013188239313024930e-02 1.273995749181293657e-01 3.580525419059872316e-01 2.166238782833295184e-01 1.886883741024486527e-01 7.521412417593911215e-01 8.373800041390159210e-01
9.358850484494928290e-01 9.119454127046222602e-02 9.367011713286145236e-01 3.587214050004883248e-02 9.615137617738148679e-01 1.448566717179613494e-01 8.219951462234952322e-01 9.772619423784727477e-01 8.549857598790783220e-01 6.341970881177028119e-01 9.563484742505975467e-01 3.130799850989464117e-01 6.296791810288085989e-01 3.363672331361354795e-01
9.820913353868881979e-01 9.423679923727518171e-01 9.111768668782644909e-01 5.942669360769694542e-01 5.066161592862520324e-01 8.886099465195077540e-01 9.207596214161261061e-01 3.775087717278068355e-01 1.226120609495822134e-01 2.341181148743631812e-01 2.119918731450239902e-01 9.549959888598480440e-02 2.933007706431066675e-01 7.716130232139845058e-01
6.650180665735105912e-01 6.282034160539728962e-01 5.921038157715168282e-01 1.555115078405111539e-01 3.087338034005994158e-01 1.413074396682660883e-01 4.676107344044877490e-01 3.144249710073014903e-01 1.979489175295520154e-01 2.771250799230883244e-01 1.034146606180321726e-01 7.063996145539440663e-01 6.934486961913257641e-01 4.600274000611992431e-01
1.077314060854946964e-01 9.358259336377857673e-01 9.418162008406655294e-01 1.675213571501683596e-01 5.025931876417127908e-01 5.793425143408819089e-01 3.082178817232426038e-01 4.035460328607377578e-01 8.094670507775447721e-01 4.706290231586746087e-01 3.400518925184947694e-02 7.220265415634516959e-01 5.806336977364021656e-01 8.225022373175995272e-01
8.378396317881648958e-01 4.461093904743882455e-01 3.698373127408181027e-01 9.493686292634913038e-01 9.809634570418575006e-01 6.042957347263774315e-01 8.001905013175913961e-02 7.437426488797486135e-01 1.467986649224382045e-01 3.780146765698655376e-01 1.550287008652083687e-01 1.973430178576904837e-01 6.142981175100513669e-01 5.697106229358450680e-02
7.022954240312340168e-02 5.858404239561255666e-01 6.675386417205455558e-01 2.677344667431438285e-01 4.253080465138729949e-01 7.491996168297825331e-01 3.202252319302565375e-01 8.409295926572983859e-01 6.143737672665466887e-01 8.325204386927104183e-01 2.987120623171354294e-01 8.393689460040576478e-02 5.937638689162765271e-01 5.687427905107796944e-01
5.522544569540812631e-01 2.420714509288798277e-01 4.060779662022950820e-01 7.440001682094992130e-01 7.204536988483134508e-02 2.015483608611985389e-01 8.751731297030218570e-01 3.281398171856818591e-01 3.494167544328649067e-01 1.436735334351392224e-01 9.639157218843592556e-01 8.145392952916533647e-01 6.734669113898357207e-01 5.089898438228891431e-01
6.888988696481446183e-02 1.053739844091416966e-01 8.429226596268984961e-01 5.389500595662166660e-02 1.469823710440991693e-01 3.470825797355011622e-01 5.662796203127573591e-01 4.091814933007876798e-01 4.991390899778960222e-01 1.721455749582990746e-01 6.037767673641408761e-01 2.180162459279011422e-02 6.676956215452957144e-01 2.206659759426623513e-01
7.284448689451854531e-01 7.562581455853401025e-02 3.655783206955618425e-01 4.774093080631487407e-01 5.042232136310221824e-01 6.803296434144905369e-01 7.559620982763719521e-01 7.599410870605347590e-01 6.858620326750424212e-01 1.286579034976766955e-01 3.516892543449292585e-01 4.480099472554361917e-01 8.391819538785599830e-01 2.129701702909643224e-01
6.731542851979404052e-01 5.398038174597697969e-01 1.645677609597222535e-01 7.439037727426426327e-01 3.470603059017615122e-01 9.298264711481020184e-01 9.887806775822608474e-01 1.541912355800931778e-01 1.666446681345956637e-01 9.820809877003652266e-01 5.944653434778761625e-01 8.836525179104869343e-01 3.948065772813393881e-01 9.053390722738764440e-01
8.806181094797996822e-01 5.260838940153184096e-01 7.275931857498608712e-01 3.319468128741320800e-02 6.715608238986037204e-01 4.658380168733727844e-01 3.895682718075176298e-01 4.506102970382153128e-02 1.545192194504005911e-01 8.376696362345892322e-01 7.750359066363435856e-01 9.852141130590877927e-01 2.199109753629654440e-01 6.932727007832512056e-01
7.417352817237863327e-01 8.526772398531996533e-01 1.663876496655013471e-01 2.662360035089794685e-02 9.443930202787489403e-01 4.795249759034425630e-01 7.745270351115757235e-01 7.955730791228267096e-01 3.648075197449422991e-01 9.071563243310343250e-01 5.274204168898304346e-01 4.516830959787588862e-01 6.603870404833628305e-01 9.375195218979948120e-02
1.109246607569741583e-01 1.871478317206493047e-01 4.746609270657917712e-01 4.528391384561623045e-01 3.769615749916078729e-01 4.589369983538746922e-01 9.368970841693997631e-01 4.453912811094093982e-01 9.693469598044102131e-01 9.654965470408346517e-01 4.798733147792793030e-01 5.602891455203178328e-01 7.542954966679071838e-01 6.594087300395992113e-01
