5.514403445565546624e-01 7.613616633711961512e-01 6.992199541208916624e-01 1.401329806284712376e-02 7.424281865157748017e-01 8.021379169584151869e-01 3.715644675495239913e-01 7.454908324283090471e-01 8.284952669236739231e-01 1.833665720813747457e-01 8.195388258511022705e-01 7.063146723014923634e-01 5.301268227046507242e-02 6.240752357990094756e-01
5.678141607864872764e-02 6.601560118767888508e-01 5.491962808993584577e-01 2.023943024398681123e-01 9.480485607171302842e-01 5.886078017905381765e-01 1.308104800100469145e-01 2.995741676496980199e-01 3.642989323062888474e-01 4.373266635984608408e-01 1.436395165874916335e-01 5.482029096073882668e-01 1.160371757119772473e-01 4.193659875704285334e-01
8.361875483179505020e-01 2.967909645175069722e-01 1.456652975556240737e-01 3.351200281107818979e-01 1.193727303431835196e-01 9.070413236612884234e-01 5.713438964285700861e-01 4.518410019827587831e-01 4.983424364572863752e-01 8.931056136082506924e-01 2.179484122805419588e-01 8.433236387980027615e-01 2.062637822657058528e-01 7.718458949342776876e-01
6.758147141988335438e-02 3.076199948603702827e-01 9.721377696311680472e-01 7.259469122378173767e-01 2.942506668242180767e-01 2.764267727428296739e-01 6.082815624591076942e-01 6.292435072074351599e-01 2.903942359052043010e-01 3.179654441789003805e-02 7.292886607687069089e-01 3.425762066384104854e-01 6.500385505865448055e-01 2.030035718917765353e-01
2.009290764580521360e-01 7.926605154548883592e-01 7.298686260299559470e-01 8.336713687157178976e-01 6.647026054425372310e-01 3.645212111774674968e-01 6.055565054848454087e-01 8.861207838377274104e-01 2.208831397851921396e-01 2.077262603266840646e-01 3.008292772054831365e-01 5.994132871581103750e-02 2.311842072127178183e-01 2.747812330589786134e-01
1.361045629734289886e-01 9.246355541337875072e-01 4.317717647666207137e-01 7.322209642438892718e-02 9.572221080856101461e-01 4.022063250731691131e-01 9.011498889972247017e-01 5.333618561620570020e-01 1.254852653210382085e-01 5.086124706560645192e-01 6.316932141750939422e-01 8.374696697318038119e-01 9.803829687164811180e-01 2.923380819790275531e-01
2.714786853938674360e-01 9.348081514577247786e-01 2.454326473104208040e-01 4.712792307969739802e-01 6.284789143972627778e-01 2.073549631794193715e-01 3.329731137405327335e-01 4.901473138753095204e-01 9.557893430896693410e-01 2.606638388107646032e-01 3.912546298128735112e-01 6.130268815320324416e-01 8.010978335491480973e-01 4.986775557350484611e-01
1.444437913447724764e-01 6.194622783645828967e-01 9.206844279008398191e-01 9.125108025439221393e-02 6.609957282628177166e-01 7.511252058893781447e-01 8.730786273260483510e-01 6.217570826205776058e-05 6.884473243996308556e-01 5.653687637946266387e-01 8.722842759997572193e-01 8.687377883805036394e-02 3.796946545872210699e-01 5.878560219577336765e-01
5.605726244230572197e-01 1.061627717372050084e-01 9.980481580646236583e-01 8.820536947175705578e-02 7.705433275654394176e-02 4.296403225581540974e-01 8.769608903204734185e-01 6.857738039921342788e-01 6.404634233810556632e-01 6.473434813778115027e-01 5.320221901091700678e-01 2.481269290656162863e-02 7.670792097792576980e-01 9.564290174277345624e-01
1.571458470804737440e-01 9.733490404870710488e-01 2.536700424216224992e-01 7.201616416483829219e-01 8.141256666260602293e-01 8.011743512488375130e-01 5.029013357202765100e-01 4.558659830498356103e-01 8.521692973693953954e-01 9.893154899917148137e-01 2.884628872219296980e-02 4.986971323538149647e-01 7.430241877881694768e-01 2.211486205594466181e-01
9.661537708255507617e-02 3.490821610720341583e-01 3.160304588853559693e-01 2.246206027885613299e-01 8.531311446649817443e-01 7.849582161464496721e-02 6.024511074005367561e-04 2.670662306129053531e-01 8.792344242515366393e-01 3.383301408051997416e-02 8.897031500952784500e-01 6.586107082138824564e-01 5.149799543906674604e-02 5.388460592930083282e-01
6.281372980921641203e-01 2.755752008233265382e-01 1.838763434188450674e-01 2.496079100510106841e-01 8.344924564735556327e-01 1.401128457847757858e-01 9.623695588114985489e-01 8.282774947238435992e-01 9.174850090921266021e-01 3.301222593462089794e-01 3.334448609772787675e-01 2.924283737190462862e-01 6.193210622765245033e-01 1.407318491547100425e-01
8.563774076996900630e-01 1.891920534887054917e-01 8.873315217613700900e-01 7.890667219443521230e-01 4.258693436651993514e-01 2.267630061029205502e-01 2.489149350455004406e-01 5.088088492639286642e-02 3.513999507244334186e-01 4.782569571645762796e-01 3.190915645301662940e-01 8.567413011917988097e-01 4.366467090700719700e-01 4.257156671759176891e-02
7.450807651816926391e-02 6.449140418893132276e-01 4.217262795650280616e-01 7.537237200131219339e-02 9.571525966340826974e-01 9.982536454001500470e-01 2.669773786960846218e-01 6.184888869791864696e-01 2.674692634307557215e-01 2.393349591339356541e-01 5.260835073176879373e-01 7.365757048250137773e-01 1.440593603424552560e-01 6.016949665795801039e-01
3.314919857027371908e-01 5.151872772346625107e-01 4.793580070616292321e-01 6.232913470925711685e-01 5.287780802494187471e-01 3.721237899127662896e-01 2.996159614935645088e-02 1.462735487063205886e-01 6.589702263272813054e-01 4.209658004509678753e-01 6.528933206649404353e-01 3.101887963521894331e-01 2.131925179613629595e-01 9.667149665785017554e-01
9.541942201724482597e-01 6.091294136221669930e-02 1.835784771927270187e-01 3.325400176089824411e-01 2.400682873210333579e-01 4.455660342161574805e-01 4.789228475247186978e-02 8.427117393226999376e-01 9.482550237348092992e-01 6.302321671914147272e-01 5.118665757595798338e-01 3.794147731689729852e-01 6.464455628557044253e-01 5.188571191942152883e-01
3.289799088644487224e-01 4.254124637484510973e-01 7.355706509288425510e-01 7.047010110518705517e-01 2.765856403841774336e-01 8.463285541551387459e-01 4.490259077778965269e-01 9.079240210729195848e-01 4.459485742031491506e-01 6.532701736909968249e-01 8.046337642172187721e-01 9.032400089544685429e-01 2.932257250828194106e-01 5.136270718345498087e-01
3.420590623100561167e-02 7.983469348461317283e-01 1.725707930184439132e-02 4.622731409071372255e-01 2.749399930843929862e-01 4.620790463187307573e-01 7.234577442737071262e-01 8.616473942375787454e-01 7.047899814976258392e-01 8.508826604251251702e-01 6.739837528682063317e-01 7.632393194222603094e-01 3.942009927252864143e-01 1.128500333906106157e-01
9.455360817530704676e-01 2.087902435002202406e-01 8.885100351048325074e-02 5.975374750965626314e-01 5.358054835771312030e-01 1.549677264495993301e-01 1.521714595068801579e-01 4.976898676087666562e-01 1.849378714618830077e-01 2.764080778359998547e-01 7.862734001072342327e-01 2.312742094786091052e-01 5.722270124756445586e-02 9.352714925433192050e-02
4.308947715610225160e-01 4.897656873913924791e-02 9.887544699435969475e-01 8.360122148480387816e-01 2.643617363228867312e-01 7.154293936520735864e-01 3.910733495168451368e-01 5.749032618733512789e-01 7.770175033977644308e-01 7.453393221992569151e-01 9.008064797638434262e-01 8.090808337809083373e-01 6.367685031264619377e-01 8.940221814304664116e-01
8.746553914038835975e-01 6.984396331632212185e-01 4.425639515630025445e-01 2.112421179490849843e-01 6.361013805175964597e-01 6.313235240147707650e-01 9.335761442799986876e-01 9.830049974203524110e-01 7.744031147771127666e-01 8.598004871926787640e-01 3.339333660051868602e-01 9.393367831994793304e-01 6.939166314713065553e-01 2.596005871085179662e-01
7.369907721384635346e-01 8.235212894578998188e-01 4.945523175103372360e-01 4.861491618268007908e-01 4.948178248214148978e-01 1.884866633791836277e-01 2.314560870907151902e-01 2.884925787213278303e-01 4.478758440403763919e-01 1.825480096420663001e-01 3.561633263841114116e-01 1.449879117348655821e-01 8.326713518995888519e-01 6.642309856077344143e-02
1.522286383934188247e-01 2.818809177923202736e-01 6.641570268835265134e-01 8.061882847835698529e-01 6.843696770707501376e-01 6.869375980800055403e-01 3.331281307980045181e-01 2.819992939960026535e-01 1.708053056391195534e-01 3.173462728510628716e-01 2.867628565847145650e-01 3.292730606169136376e-02 6.656193000963469553e-01 2.380229429916115302e-01
4.981583039283210557e-02 3.047846869840251660e-01 9.232533379791378891e-01 7.188776687335045601e-01 8.886532895108337771e-01 7.341916528262639741e-01 3.164204007315791767e-01 2.399878470721863444e-01 8.752550136931583902e-01 6.922048155306774753e-01 1.636874333583905328e-01 8.911015137780651241e-01 5.021327364588689113e-01 4.740451321318245315e-01
2.475007319385674753e-01 9.238951274520617041e-01 5.503709936277439985e-01 2.768824131837493985e-01 4.293793850353533337e-01 8.314276262450513988e-01 2.835147942915026142e-01 7.824697512144689338e-01 1.113960314989277389e-01 8.637720733084864877e-01 2.619029363910836405e-01 1.893219244281683089e-01 6.572647841237451161e-01 9.789785010122618036e-01
5.126088945921313256e-01 6.062069763520224752e-01 4.042583810596139804e-01 3.651032302791885620e-01 7.369893949821166856e-01 4.955972772662582404e-01 4.595001249939381083e-01 7.730014394334456806e-01 4.563062354956212152e-01 1.481049719887362892e-01 6.811826783253608353e-01 4.131162704706493605e-01 7.858528662411751187e-01 4.839360825848690872e-01
1.249073265158746615e-01 1.512990255282377072e-01 1.815354766330795622e-01 9.188656850893477390e-01 1.650554803151793593e-03 9.260322311512781956e-01 9.752924084870122634e-01 2.666462224771936063e-01 9.869748122085684194e-01 5.879079749142613887e-01 4.092756143525915213e-01 2.895326820350678787e-01 1.638584135227498795e-01 3.730675079070072675e-01
9.424445796194276248e-01 8.451021470854241935e-01 7.885991655876762874e-01 8.543494647461231661e-01 9.789813633883547306e-01 2.288091331470151202e-01 9.248061774868661100e-01 5.437378642508937654e-01 4.077569831393612620e-02 5.687893753706632083e-01 7.649747713394376980e-01 9.494839853252675654e-01 8.455703601249935364e-01 5.908316796085939515e-01
8.034007283137056810e-02 9.862899885136400258e-01 3.400720155007255219e-01 5.695255105365047976e-01 7.347949636442465682e-01 5.813994409561022980e-01 4.869651264643718447e-01 2.477378635710701937e-01 4.368187999774130192e-01 8.045204135266286194e-01 9.919192335336108890e-01 7.427071274214868124e-01 7.671970753739635329e-01 2.638492220416116529e-01
2.668261197991513844e-01 9.853299414294947045e-02 4.339771895648707467e-01 9.029313948155479608e-01 2.091981938023682597e-01 1.959992874634745030e-01 9.866526367114405449e-01 3.571205835191868516e-01 8.240044246921329751e-01 6.315970586441410628e-02 8.321322988476955729e-01 5.452721071600387104e-01 6.705204349821906051e-01 1.762044181626590822e-01
1.410090865739241917e-01 5.069211527042871701e-02 5.033193376619139459e-01 5.731611854510610948e-01 9.954243266320625949e-01 6.029566991150170363e-02 7.062156625397388865e-01 8.187055101023295034e-01 2.241498560877036583e-01 7.514313637527043621e-01 4.224559908657232743e-01 4.878545969615253330e-01 1.308936325407412671e-01 9.699285030081726822e-01
6.183499292973065886e-01 9.265986499338887405e-01 4.345350810134935848e-01 6.089368329083679754e-01 8.130136581407164664e-01 5.486295872092318282e-01 1.042246011048914012e-01 6.183018637263202333e-01 9.538292154058770622e-01 1.238880032984114310e-01 5.319440672350042032e-01 1.219818386860500592e-01 7.470294393349341533e-03 7.581296431173562000e-01
1.303991046196842918e-01 4.261292397147186106e-01 9.493079633427989883e-01 6.092501918565617069e-01 3.552486955861131612e-01 3.825379970236224558e-01 4.840835874052806798e-01 8.036934440093969068e-01 4.231785006271734373e-01 3.076980472787291809e-01 7.256716671003018426e-01 1.355984494895817738e-01 9.275827660490310045e-02 1.164427801064824575e-01
3.704112389647437054e-01 7.906252487337838142e-01 3.826259005802000734e-01 1.445951335885850009e-01 1.889298250724951167e-01 7.982002287672048668e-01 8.601586900597990581e-01 7.352941768968832559e-01 3.017622740999054143e-01 7.280284554308676936e-01 9.454075689656742387e-01 4.811891542271085065e-02 6.442736073720463086e-01 2.420601880153017138e-02
6.255580342913051872e-01 8.175170224677701381e-01 4.697434863630304269e-01 2.471052052742446214e-01 4.499027113298582625e-01 9.074971303330167105e-01 8.356687584311424111e-01 4.539430311461015721e-01 3.544483129404564226e-01 3.565828356031397472e-01 5.494340915831480432e-01 3.636660618147760093e-01 1.765628528225904326e-02 8.116794259127229072e-01
8.024630092662972114e-01 7.860865736586631902e-01 9.338916247210160559e-02 4.760322065920954415e-01 8.041849819751955009e-01 2.406274783484699809e-01 2.965874565154810183e-01 9.914900890004094691e-01 8.723301989150973323e-01 6.436902355964149169e-01 5.369925337695919954e-01 8.201738058547732857e-01 6.706454325190169818e-02 3.962991455162527821e-01
4.541080248641846673e-01 5.140049892341498339e-01 6.847889558966953061e-01 2.248699316155486905e-01 2.380849718855485575e-01 8.440073037451004678e-01 4.431818322363564322e-01 3.280048731460893929e-02 4.061474195510252905e-01 3.142748505347521260e-01 4.108123505281102705e-02 9.189043252646543758e-01 5.290775474177550342e-01 5.729448602217385167e-01
1.504283416427870668e-01 7.351878926699282335e-01 6.155490506464269540e-01 4.005151986590815838e-02 7.818284727633930675e-01 3.845724268563025516e-01 9.439570523110185629e-02 1.283861932564378527e-01 9.982035737848931056e-01 1.331942754980695032e-01 5.878052521953189835e-01 6.908322213581663540e-02 2.420780035161396171e-02 8.216190174825944714e-01
7.072839621070529104e-01 6.509861219417640843e-01 9.431579978954405252e-01 9.004128810527176618e-01 7.463103821962592255e-01 7.687440624020027702e-01 6.219912421247547618e-01 8.384626397166300427e-01 9.414338919454210419e-01 8.979390542699220434e-01 5.907325792390250019e-02 2.197102195672824276e-01 9.782435915840516083e-01 3.427644807577036046e-01
8.065504864453165723e-02 1.832227678383169245e-02 2.246693362604709199e-01 3.065184500528402856e-01 6.984391027056157109e-01 1.309792124550140935e-01 7.537967665720696209e-01 2.382711623095716824e-01 1.465107192946590864e-02 9.602010562861549303e-01 5.747257745843922239e-01 2.534638320404579703e-01 8.946051896374838108e-01 2.316079395238103134e-01
1.747731247255860376e-01 5.986616530024194693e-01 2.570260295107339443e-01 5.298640111528682972e-01 4.902572517197153479e-01 1.202978245622150499e-01 9.175485292586976760e-01 6.732889969284284737e-01 2.512425435321847811e-01 9.430679979172741367e-01 5.080418927659966499e-01 4.605627530949027992e-01 8.400474911934044941e-01 7.012076603678344400e-01
4.926334366476537996e-01 7.222131738455301875e-01 8.061812608048232187e-01 3.851576792440150054e-01 8.864455466526376393e-01 2.132251131846456538e-01 3.959292959388349686e-01 2.861392038145768035e-01 5.525174968211027382e-01 1.825558021774120743e-02 2.235958301228744283e-01 8.219052493506128210e-01 7.276087132709434524e-01 6.266064074492444513e-01
2.077845518101075761e-01 8.730921473739741145e-01 2.947978728494283773e-01 9.756694410105822834e-01 2.720272289979034364e-01 2.124058743859880138e-02 5.529759504566759132e-01 9.037799276513406310e-01 8.239383503574924106e-01 8.743139897453641174e-01 8.773818454551086665e-01 8.949215314883650629e-01 9.872529752870553565e-01 5.010906634079281829e-01
7.801250682646423407e-01 9.629872549425299022e-01 6.247295868852379419e-01 6.424356946123397361e-01 6.388707562557534025e-01 4.978541060785800498e-01 2.743826858698119597e-01 6.776950744371285085e-01 1.428934720248238310e-01 1.285606258483534825e-01 2.534691106727968712e-01 2.143981961657940305e-01 6.454831622555117221e-01 7.740794549312556283e-01
2.719274128730783113e-01 1.470331175126207146e-01 6.723434414115492253e-03 3.766381083887606618e-01 3.648556905182084309e-01 2.086185941190625837e-01 6.531432690446044020e-01 9.286613722889756062e-01 9.313526990053245802e-01 8.499604890707794791e-01 4.923572926473261946e-01 8.022929591591941856e-01 6.296292816753483734e-01 2.930447264186838430e-01
8.572922569087053635e-01 8.498540772846389091e-01 5.243480156797950542e-01 4.553220441513661232e-01 2.471366432329902274e-02 6.481291817973847680e-01 5.452961335979383817e-01 9.838698170530090215e-01 3.215783860811709527e-01 9.406398380934126724e-01 5.894504772429829398e-01 5.224722704373087057e-01 6.557973127221222720e-01 3.722470382141979117e-01
4.750731562800970531e-01 5.529099608083776207e-01 2.808429528273193032e-02 6.323502059089823879e-01 9.716166844098992339e-01 4.037286873847880653e-01 8.848928858776620165e-01 9.930149825894827309e-01 5.629140696082656214e-01 7.694590346926676316e-01 3.487325812406478764e-01 6.783221052334597045e-01 8.044543103699578479e-01 8.564928042477433223e-01
7.026575143605813256e-01 5.944023452067490609e-01 7.821140192088856802e-01 1.929945685369692798e-01 5.693909831781472919e-01 4.948502830615308934e-01 2.185109569213301572e-01 6.361162415510435153e-02 4.335566455051340640e-01 7.086985585120383346e-01 6.275618949630784593e-01 8.797215645740896761e-02 2.633013334872357225e-01 9.791779602991875775e-01
2.093303973855858979e-01 1.491509626662900212e-01 2.295469893435313491e-01 3.110959406589691723e-01 5.123776564574477055e-01 8.056664246298798071e-01 1.779593932086116492e-01 7.781088163974314575e-01 9.958549628049786495e-01 2.031342910750473241e-01 9.337091681557330158e-02 4.384356124277167810e-01 5.903086097537163512e-01 1.148468650547017633e-01
6.411862455156563945e-01 1.373086760996976574e-01 3.139931166456496614e-01 9.934147862969929799e-01 9.228992892404230819e-01 6.098532158157270455e-01 9.038369803283607951e-01 4.010322225273492691e-01 3.752902134416264968e-01 7.326276813807588439e-01 2.318414021627819288e-01 6.935310868873717505e-01 7.106500112420993664e-01 1.866073002064473352e-01
