7.335913554743003218e-01 2.619859598828504499e-01 3.267512520007833654e-01 9.130082055921159290e-01 8.408134899541553908e-01 9.784274163385966450e-01 3.845544856846655479e-01 5.006174831050381746e-01 6.019613166383813718e-01 6.645387298052479741e-01 7.414923263609104476e-01 4.838329317591716361e-02 6.151220936066897904e-01 4.597537568467161551e-01
3.852870265042984688e-02 2.738831546551198093e-01 3.356185135151095178e-01 7.920595785801255451e-01 5.843784642674010321e-02 7.004189773655397078e-01 3.656498079012885372e-01 4.010081663387102813e-01 1.990562497622017091e-02 9.153188802470479946e-01 6.016007709488198074e-01 2.421054001937936739e-01 1.204663455881860301e-01 6.583445290930255434e-01
8.961208400081901448e-01 7.265548161066364141e-01 4.429402240309259220e-01 6.060425819334738229e-01 4.753250519977550992e-01 7.150046696825042014e-01 5.743622052876863338e-01 5.330331625066738743e-01 2.225015313903083713e-01 7.922997362491698281e-01 1.776042390087817502e-02 8.420538753425077516e-03 7.353336626706563628e-02 7.652591076101553647e-01
4.669192410564199092e-01 5.069057860522087067e-01 2.185524810191807887e-01 1.810497028417660248e-01 5.373429622388553595e-01 6.988792950180007235e-01 2.028178119676593560e-02 9.770530543422462078e-02 7.592378406467759078e-02 5.713975584843655753e-03 4.887074386628497136e-01 2.974842887158837268e-01 2.112719174186443727e-01 1.667554838605326273e-01
8.427548886335789469e-02 6.385852395812452453e-01 5.780705683223698044e-01 1.417960406623863800e-01 8.094614457445964417e-01 6.242565064515337436e-02 8.550900712738973564e-01 1.821255173317102294e-01 7.123648264215389769e-01 5.854659925188551162e-01 7.764282062348171198e-01 1.568914178179787733e-01 6.393517269389715763e-01 7.634904793816675861e-01
4.463374305387085572e-01 5.064587388784523858e-01 1.563310923603615787e-01 3.794128195463355446e-01 1.940109837028743955e-01 7.292662505335412160e-01 3.160298146844968681e-01 4.675502887002018770e-01 4.702610540194824829e-01 9.405540505622335123e-01 7.177605818164189966e-01 1.970751718385284068e-01 2.611522618578390187e-01 5.622282034026265807e-01
2.138347184680167157e-02 8.453623357842140473e-01 4.205242486634016563e-01 1.750392330373882199e-01 8.156357936084804860e-01 5.428971542514060555e-01 7.915813301349239328e-01 7.585405292771159047e-01 4.377790477066800801e-02 6.101906186865417858e-01 7.587627726642252046e-01 5.642864450709084156e-01 5.148968741978331431e-01 4.013646796484544588e-01
1.536319020627183729e-01 4.105040532003978448e-02 1.199997343935976790e-01 4.432284467094650404e-01 3.497829811287334056e-02 6.485408414360321894e-01 2.275341102651466940e-01 9.426402903061416039e-01 3.641539384359153697e-01 6.529401109493782052e-02 3.165885118614119031e-01 7.908237675379612419e-01 1.712875613556541499e-02 5.849910406133339569e-01
6.737389922207608350e-01 8.795947024720340846e-01 5.231289368055155320e-01 1.786545287451817288e-01 7.879825617154305739e-01 8.636733057200934871e-01 3.389639353422554402e-01 7.479142690336038068e-01 7.656349970881360933e-01 4.412656466792148624e-01 4.318707474400542701e-01 4.809835459084911280e-01 1.218792877909730121e-01 4.725059812527762082e-01
8.002287349619855439e-01 9.333301822055707353e-01 6.206848643377420593e-01 7.575687778021193974e-01 7.681669826318052730e-01 6.127127307405189072e-02 6.085598146585796675e-01 3.830421460514397136e-01 9.766513709007399457e-01 7.463898662799220984e-01 9.016157889421909655e-01 5.505651124936576934e-01 8.261183726082633738e-01 4.584946214194297598e-01
7.219013200006859643e-01 9.026546056049863376e-01 9.794433236977406754e-02 7.862092529207830305e-01 2.471519177355038233e-01 9.662324490306025693e-01 3.929271497287551984e-01 9.241306995503539845e-02 5.619555489553657024e-01 1.024662787122503360e-01 8.431254963685183013e-01 6.422457576440032678e-02 3.365666097508707155e-01 9.220968077266157303e-01
4.756490170333818046e-01 6.624233923875272323e-01 6.201861523839911072e-01 6.591471749732524810e-02 8.286113095670744055e-02 8.151133967331040120e-01 6.886627194279956177e-01 2.457142769627974621e-01 1.032698652754617807e-01 5.500133648721683421e-01 3.416320651575817102e-01 6.894329840208641702e-01 1.470745064912063471e-01 3.514774620358084301e-01
6.359375019024645637e-01 2.144603873998596200e-02 6.000102743670961969e-01 9.582467326126689056e-01 8.166758267829423712e-01 3.425052853410507359e-01 6.038314482413906781e-01 7.374475995931700778e-01 7.948127259037388592e-01 4.155892707437841560e-01 9.330315068871607442e-01 7.295893801047007576e-01 8.648355472154271029e-01 7.692696139233290431e-01
9.768236233709940430e-01 6.740404478698294177e-01 7.208298573328666414e-01 8.564955740869435452e-01 3.692359220877953208e-01 2.334410260099928358e-02 2.628099519324075262e-01 8.405927073374465097e-01 9.463529565735646631e-01 7.127092332415022602e-01 5.721236965826825838e-02 2.614130204689293357e-01 7.156134908035425291e-01 1.588423829958485189e-01
4.251121925102825383e-01 5.962201975172600754e-01 1.646807446962176291e-01 6.314191375276396734e-01 5.077058805031127164e-01 1.903787108806356265e-01 9.990613265975045731e-01 7.428170228974365630e-01 6.589913792790202951e-02 6.351405031641231824e-01 7.138255168653105942e-01 8.732156610750628767e-01 6.502712611444977364e-01 6.708502610233568753e-02
1.594622899951625428e-02 7.164476967336624869e-01 4.993415721628635673e-02 4.321390654467421877e-01 9.399711393950057614e-01 9.114858471497511161e-01 1.308922253842987882e-01 7.514157292257905851e-02 5.789813733706634657e-01 7.409577331721395321e-01 1.789713261329798355e-01 1.882329075096849103e-01 9.513053829941895412e-01 8.260757394030315837e-02
8.010119037694107824e-03 4.363948604335828874e-01 3.554274298070605465e-01 9.996885964388577683e-01 8.212953809561406304e-01 6.670549478313851921e-01 8.325265385831065457e-01 5.102885285329550324e-01 8.378709680613021238e-01 3.844440786632566942e-01 2.772225034326226689e-01 8.679648618032405061e-01 7.133108290363413539e-01 5.670971919915209769e-01
3.097468570679174915e-01 9.827926835572314834e-01 9.978363456681559329e-01 2.388131485859822378e-01 2.400769387714327685e-01 1.514956445023157849e-01 4.791723150772830842e-02 5.243749586402502993e-01 5.776719009518249681e-01 4.901422228017323635e-01 9.999566660542829055e-01 2.174023438767458405e-01 2.507526402209337979e-01 1.308875901490019755e-01
4.292554273227654482e-01 6.247051600883258837e-01 2.112019006194955084e-01 1.162229565359895744e-01 2.871896116546103217e-01 7.473021114812565813e-01 7.178745654478579930e-02 2.190519609601883078e-01 1.928570817223048683e-01 9.924778165724243983e-01 1.151536410951936595e-02 5.635772241663966620e-01 9.637893310392092738e-01 5.706055452911967807e-01
4.763880093447401265e-01 7.169766310087921646e-02 5.379714731716567222e-01 6.206367633816622931e-02 3.110129590277799227e-01 2.708097761390493297e-01 8.887770593197674707e-01 1.686314875877102937e-01 2.516598249192492087e-02 5.221536947870710765e-01 8.255406252405598222e-01 6.382979011978159312e-01 7.226430258462368528e-04 6.179004940274823721e-02
1.273935118239637454e-01 4.038742568787265785e-01 9.547655820310518848e-02 3.371636696497647412e-01 4.973694468040760208e-01 4.511915888729765012e-01 1.786837511661328870e-01 1.467052396936485703e-02 6.267362213125972081e-01 3.462160885950926748e-01 4.510116335822715872e-01 5.245263772207398034e-01 1.403257658543483055e-01 6.847033456220044112e-01
8.733030111010104957e-01 2.712041542073294620e-01 5.771164883676958013e-01 2.791871829213951051e-01 2.193149131611247249e-01 4.136303384707969988e-01 6.788238276666753723e-01 4.468626867189592344e-01 1.600380175476801003e-02 4.934157548035115193e-01 5.839285899054934559e-01 8.899984103772986543e-01 1.120014374144223668e-01 7.398107600250539706e-01
8.327854548699660242e-01 2.834015704848306116e-01 6.657664013446743523e-01 7.180319787705805590e-01 7.424724529302244580e-01 1.906645847608248179e-01 4.356361524010525788e-01 1.317404980912579848e-01 4.307548831606701212e-01 9.401618436748534480e-01 1.998053082481869858e-01 4.785192855447617521e-01 6.076768701991542843e-01 5.419276802883665756e-02
1.298411289836470806e-01 3.520400807996074688e-01 3.259013796961760523e-01 2.962790458101653979e-01 8.463554020037222791e-02 8.301445996355547585e-01 6.011025995146362932e-01 1.815402794430432953e-01 9.223135769442636356e-01 5.769585398229994944e-01 4.972752726873548301e-01 8.532575193540788971e-01 3.866593598153260647e-01 3.629170944852934122e-01
1.235676920115091892e-01 3.309107276876053216e-01 2.841084064998267156e-01 6.333672797832332613e-01 9.833895195789064125e-01 1.821875158711608877e-01 9.311263142680424876e-01 9.811888527706857932e-02 4.438120560605521847e-01 9.577098194834129385e-01 6.664074585361825509e-01 4.287183931279602289e-01 6.267783063384859688e-01 1.955214289671128869e-01
4.834972691815910828e-01 9.245750520519392390e-01 7.601751625794637146e-01 7.372440277513859774e-01 3.967762899140011568e-01 3.397263229401985551e-01 4.578384755509319337e-01 3.209770135266828417e-01 8.812466438751866971e-01 5.519194618320998336e-01 3.232913284223303263e-01 9.282352740097747912e-01 8.687215591357844158e-02 3.932925052812473732e-01
5.065990629432576275e-01 6.063348878402621267e-01 6.118264373401108847e-01 4.602175710791245322e-03 3.602244003208009415e-01 4.988814777369254827e-01 7.524985519115683363e-01 4.902268897294600469e-01 7.316477890701540421e-01 3.765420540418357165e-01 4.750722882707759664e-01 8.403033083131808967e-01 3.985722681664148892e-01 4.489040958919825464e-01
5.073473852258699734e-01 1.763669681655531951e-01 9.500939146493132537e-01 4.208699664061885670e-01 4.290287675031112524e-01 5.244498029765909397e-02 1.664379251875945931e-01 7.277725637367514766e-01 9.317055489671387525e-01 2.078473372177074285e-01 3.239298641222893016e-01 1.321385864563329182e-02 8.967610641227308221e-04 2.570164115916592218e-01
2.511162870523067081e-01 4.061645200281519541e-01 5.234881935076499682e-01 6.034260549569883114e-01 6.502892935496144000e-01 8.623250465162782818e-01 1.141300678481004249e-01 6.983099944701147699e-01 5.432399194784542917e-02 4.564158990875357702e-01 5.927357610343420014e-01 6.735122035389033979e-01 9.750779233267137247e-01 9.880095454542073830e-01
9.544490963031221353e-01 6.556150278050920654e-02 7.830852629952715915e-01 9.339821746567817939e-01 2.649182656220561149e-01 5.910740036360151439e-02 6.890246292494457414e-01 8.234976906854596379e-03 9.374030228224164984e-01 8.938791703157051849e-01 1.871479060855230081e-01 4.662732542036746031e-01 7.369047747691986894e-01 3.571097526649170684e-01
8.135054850393765857e-01 3.445932482833757859e-03 9.426515330086323585e-01 8.583266166286813714e-01 9.049647005820476986e-01 5.676197020445109542e-01 7.011618043078102769e-01 9.026905413380605925e-01 7.241587513486184013e-01 5.360511677222171700e-01 7.864935565358790459e-01 5.752476901810982257e-01 7.043356048332097830e-01 4.493452031023911220e-01
5.244298333245110966e-01 2.864007099938276069e-01 6.344929438575612757e-01 8.630252809800958991e-01 9.574198714021816548e-01 6.916161330127278406e-01 6.136984247030962125e-01 9.308698328633551178e-01 5.488464825113824608e-01 8.998630322728784492e-01 2.635492985712915015e-01 6.884511566830804341e-01 4.228414831189718504e-01 8.561081678450710442e-01
2.080113698706442804e-01 5.632551899887174862e-01 8.866941675411983415e-01 2.294177858258060754e-01 2.615688341639511583e-01 8.335122393263530993e-01 3.271963949631495616e-02 7.204891717652515126e-01 9.054864520285890173e-01 5.347106678174350369e-01 5.581476567981303871e-01 2.878415280486811278e-01 1.929186814386636417e-01 8.473188842045384916e-01
7.997487198376378448e-01 1.219533959376469801e-01 3.314723082402823984e-01 4.809463107289972950e-01 5.287934605884851980e-01 1.761990868088442186e-01 6.929634060985362387e-01 5.024311045991934899e-01 1.845418673771718199e-01 7.819060457175989187e-01 7.651160613201933858e-01 1.040822147581371704e-01 3.806844260221892151e-01 5.231728961904666964e-01
4.173842065844827198e-01 4.104886385301103058e-01 7.438161495843228499e-01 9.190578445171637689e-01 1.030567417807680686e-01 3.570020087872889381e-01 7.401907365674783579e-01 9.897785338320711501e-01 9.565455646230129894e-01 6.844044045467578830e-01 9.994757911523152183e-01 3.813370330776455486e-01 2.029026002492066993e-01 2.089905509498675151e-01
7.188566950647492515e-01 8.397361629917959869e-01 6.038772971780339560e-01 7.851424014727386158e-01 8.782393696362267299e-02 2.463888985740775306e-01 9.319822439715592655e-01 5.972254900633333641e-01 7.830562463227932479e-01 4.487911439196051733e-01 4.686181155500289686e-01 9.779479248635783994e-01 3.203110577322322294e-01 9.524205371722951341e-01
8.436672154299269533e-01 9.128443435752870982e-01 9.911026118914464389e-01 5.037625388776496571e-01 7.106819514248645664e-01 2.156466530279660399e-01 9.910251149191862119e-01 1.983239365103256491e-01 3.343185540386255372e-01 7.402524275399883225e-01 4.982503240036294523e-01 9.131491363423278607e-01 5.119652210619842769e-01 4.299305440671897793e-01
5.167104537897854177e-01 1.965820746076873959e-01 9.608637711775249723e-01 6.846443804077149142e-01 8.084982311325874527e-01 5.675007137154890469e-01 8.823092818113734692e-01 4.098399375280944446e-01 3.693703900708011911e-02 4.143362280202609327e-01 1.194706773062153005e-01 9.174015018451009418e-01 5.715712712673369778e-01 6.853682043984905548e-01
7.093323932768280660e-01 5.989759263873238870e-01 5.199533453202298539e-01 5.184358128035801982e-01 4.848208997465353054e-02 4.692318814270844962e-01 5.743011496699000906e-01 3.901243661348781089e-01 4.654860264104815348e-01 2.296104532001088661e-01 3.958262791769122657e-01 9.866203984053831810e-01 1.920244586867033698e-01 6.981841173255415312e-01
5.975282119661849967e-01 3.770627947577880335e-01 5.490359465111442905e-01 5.008884488624693043e-01 9.897152369905527491e-01 7.456351544877106718e-01 1.078411960497059896e-01 5.554654289588943916e-01 3.393551993875214556e-01 9.387418060314106638e-01 9.529704449821496670e-01 6.600478137828620362e-01 2.959909892476293436e-01 1.586460313070126027e-01
7.653489538773166068e-01 9.795144277474732153e-02 5.187858235530237172e-01 4.662590400460813189e-01 7.886404447207803203e-01 7.543408608824242467e-01 7.494114337055781672e-01 5.678894038775552655e-01 8.661501551928112441e-01 7.060731505506329109e-01 4.602122547176974443e-01 4.906366845224710005e-01 3.382300521178532859e-01 3.159561736380475105e-01
1.490278125729052050e-01 3.381816086555592404e-01 9.826452382505774796e-01 3.159734077675211417e-01 7.240715065772175274e-01 7.841858877770252478e-01 2.819334729115190452e-01 5.515996454304694652e-02 4.376992736516496230e-01 4.044998802653476666e-02 9.583822359094693599e-01 6.679624306723481730e-01 5.236556083499360748e-01 6.894196080191541398e-01
7.982108705851864716e-02 1.183808633104898034e-01 2.313329018596061992e-01 6.929906200852257170e-01 2.797494897458520091e-01 4.769375019503193647e-01 6.469371817387833401e-01 6.781076381352457716e-01 9.616827417476644380e-01 4.122970048641494412e-01 5.188541444610528242e-01 3.628549015821006529e-01 8.937432770314589492e-01 8.859484760839040351e-01
4.428877011251324269e-01 7.418549045086718641e-01 1.535731467373243619e-01 2.948735879783965785e-01 3.157846633130846348e-01 5.299605231078766687e-01 8.507668853658011399e-01 2.234244644859817441e-01 6.352783483096579031e-01 3.486577268600997703e-01 9.968758769233078132e-01 6.446937705271902352e-01 8.942748482218461081e-01 4.754222444342451892e-01
6.175204539640753998e-01 7.434222102598531112e-02 3.128128847079869601e-01 7.986558193272781381e-01 9.701346546998608211e-01 1.200067788055945162e-01 4.047618851219809688e-01 6.314909046810792681e-01 2.858768025429436754e-02 7.274917050278695285e-01 7.710965872205044480e-02 8.186933528158319984e-01 3.277003146822436985e-01 1.933729126920781249e-01
6.937691040638532813e-01 1.730398953232703541e-02 6.093707677538190426e-01 2.643194241618801454e-01 2.980964225036223381e-01 1.460650561211934706e-01 5.657991202112356843e-01 4.976993045456571396e-01 1.774470382854667072e-01 9.033656684771695922e-02 5.706492331528386641e-01 7.687421829100866688e-01 9.053529087050375956e-01 2.775523473220853354e-02
2.907848840862389261e-01 7.321695827605523288e-02 5.825494902521988205e-01 6.834989936049387094e-01 7.242182637243963494e-01 7.419236281909697972e-01 1.056811878101154845e-01 7.950902066331893003e-01 6.894278785705290069e-01 6.659496003677611853e-01 8.271268558451864150e-01 4.286485775394275333e-01 8.082624724252412962e-01 3.804808323275665760e-02
6.372301930636923295e-01 1.841742635797931626e-01 1.659965793106005227e-01 3.655779837750050554e-02 3.675638723296420496e-01 7.554230283605559704e-01 6.991306655883801069e-01 6.771147568191761001e-01 7.573533847047663192e-01 7.152180506167055141e-01 5.753457267387618312e-02 7.838356647040219949e-01 6.485561421057989273e-01 5.711711578340386009e-01
9.751184388525925284e-01 9.812666285995681470e-01 6.385109408330169600e-01 4.480530369971098548e-01 7.203578234509717682e-01 6.736648051957605521e-01 2.237446606772051094e-01 2.553697502395180230e-01 6.176911399719261508e-01 5.779228093882456951e-01 1.705322229347860929e-01 1.549971486494808870e-01 8.777125109467411868e-01 7.295115180266076305e-01
8.376462399425067540e-01 8.225187468317521899e-01 6.197268492028916720e-01 5.650359729154013078e-01 4.977724074942869725e-01 8.331382675991907405e-01 2.565584376038413383e-01 2.947104118491372660e-01 6.218874001509725469e-01 3.037710460855951311e-01 3.180760668328499463e-01 9.869722486034361308e-01 8.256941545211020639e-01 1.951449139021809165e-01
5.155769066043014437e-02 2.642559531240232795e-01 2.467734871951905440e-01 4.505459276864539619e-01 6.040776002701898628e-01 9.387324258978273495e-01 3.230434013555725237e-01 2.911409682533188104e-01 7.222670846346976870e-01 7.309758233582793752e-01 9.168845179370933574e-01 4.330399119473459235e-01 6.795987736025760340e-01 2.195782112089108562e-01
9.521463816889570442e-01 4.171696314439728992e-01 9.808942483343596752e-02 2.077683407966901541e-01 1.302580966414722541e-01 1.606158545774545310e-01 1.603289510650994787e-01 1.701733702082893762e-01 9.015068205646611377e-01 9.498476169670991842e-01 2.268888046707562278e-02 6.644176339157261690e-01 8.191032016430866980e-01 8.400333373710944240e-02
1.085170244491961977e-01 6.070643893496852073e-01 2.587686693793063153e-01 9.337461415811716403e-01 7.115743630823684329e-01 5.078477535353874694e-01 2.029702303490226178e-01 1.603186299405561233e-01 3.099294860652022088e-01 1.876220931538455927e-01 2.374309316072494846e-01 9.082689880667810245e-01 8.152439602674287356e-01 2.466177817906571867e-01
6.239465884204187240e-01 9.447828182095584504e-01 9.104115459545633060e-01 2.660846440868838148e-01 5.946989612713926565e-01 7.379111444538137832e-01 4.720945224544244034e-01 8.903018056585428885e-01 4.937702053722092810e-01 6.134386747577883492e-01 1.977429102953925932e-01 8.864466718659677058e-01 9.309745147267380894e-01 7.890417117543275793e-01
3.521164133947463082e-02 6.265765200163154747e-01 4.839923717475810294e-01 9.721310264492515341e-01 1.334249112202156029e-01 7.745162701826779905e-02 7.760429605757049876e-01 3.095352321240878446e-01 9.549465555279432749e-01 5.389487894291922210e-01 3.842650652492952679e-01 2.590767230553044920e-01 1.388147459937684181e-01 9.678736350104090169e-01
7.097008688738136728e-01 4.668250393601751647e-01 4.657795520424277136e-01 2.741507583398550274e-01 5.361153716792947943e-01 5.775074863647156054e-01 8.105434752388654962e-01 8.928297566724400225e-01 4.101546839248944032e-01 7.627626705331268520e-01 6.875729388639845174e-01 2.067929343097746342e-01 1.728983292480560374e-01 3.874229092173127054e-01
2.133037148276529793e-01 5.410780157187398132e-01 7.628306641427418100e-01 5.493112990942253804e-01 1.650804835930531622e-01 9.297104737201752345e-01 9.341374452298426556e-01 5.732526577886508656e-01 3.430634997559302013e-01 3.044588973629390738e-01 1.414524960276878351e-01 1.776515946299060955e-01 1.086479354533287367e-02 8.310045129209108206e-01
3.879626834226100884e-01 2.778835620044661781e-03 4.864617794954249064e-01 4.346028759418935072e-01 2.531099629252359096e-01 3.222236231319649535e-01 6.543565160838538119e-01 7.320116350611109990e-01 6.736272666225058270e-01 7.109821633234694183e-01 2.178832167948738796e-01 2.200050631995257300e-01 2.303440990943557143e-01 1.182670966875313256e-01
8.322411820689411543e-01 4.869674044839097382e-01 1.116788774619420499e-01 9.940238720022535057e-01 3.444682331732863423e-01 9.657407044638970373e-01 4.112904913336528079e-01 3.503641688937678689e-01 3.233282931348746558e-01 9.459610784208420942e-01 8.163043893964579967e-01 3.840359849238609291e-01 9.330421070327156174e-01 8.476401257612153906e-01
7.002744255254766959e-01 4.146661822808761499e-02 5.547889433505206469e-01 3.949946521694718271e-01 2.443278944512369266e-01 1.955490635938476052e-01 6.988095427254745751e-01 5.478931127127817380e-01 9.864536264029178936e-01 9.223113149766748453e-02 3.938931347297734975e-01 9.461019393966864088e-01 4.793772854934161831e-01 1.788016692074111402e-01
4.429207193531782272e-01 4.605796928434724435e-01 5.425936762975378524e-01 6.582884754938437277e-01 8.647878626430759441e-01 3.447186562331843174e-01 2.769876183360064914e-01 5.890948992678124441e-02 4.284316041038649381e-01 6.384499357727413393e-02 4.628370246767151697e-01 4.064311195117600306e-01 5.490058317793186093e-01 6.902366846148646484e-01
2.310994143436921888e-01 7.337784379118592604e-01 9.481426437295056298e-01 1.312327106111415009e-01 6.074187641555892636e-01 8.077397469646144801e-01 6.328706949509268487e-01 8.474788524856936567e-01 1.857656840735769643e-01 9.935832607225546509e-01 6.742268552575262364e-01 5.195342877096258416e-01 7.087928455390131166e-01 1.647474423312309533e-01
4.019690470115668823e-01 6.972866246855291550e-01 8.093450728806728112e-01 6.418577401616614164e-01 2.405118273302098153e-01 4.493335609066358982e-01 5.533023680268569500e-01 3.170566166181034706e-01 3.673237897702200661e-01 4.375263301475215139e-01 7.852459998928972285e-01 6.730236341918014453e-01 6.095998802511037873e-01 8.977455177343000026e-01
6.842101197906526044e-01 1.125257811224189552e-03 3.545505278790039849e-01 1.122515006803829207e-01 8.772254612236853877e-01 7.900443729125642411e-01 5.985250070762628827e-01 1.503119455790781211e-01 3.994215374095181348e-01 2.723049373207294677e-01 9.222522156544070704e-01 5.608260418238443235e-01 3.711115076395632428e-02 3.220927836721032556e-01
2.638328413008338424e-01 4.832947790416810552e-01 4.244738896510812376e-01 9.604482390721492679e-01 3.181858362524538908e-01 4.791994362611891045e-01 1.159292765960349136e-01 1.766968441175660320e-01 7.404176878797560368e-01 2.385502904137037916e-02 4.824594452495035712e-01 6.673196689858204023e-01 3.559075388117204364e-01 6.460894285733800313e-01
5.074160595691723508e-01 6.455494390379743486e-01 2.842118096441712538e-01 6.918582931340022668e-01 9.045947571162004097e-01 9.813677443834506464e-01 2.263018241902704508e-01 8.513046876328134172e-01 8.937137846543482533e-01 4.459910187661407788e-01 7.541224912100579214e-01 6.773498859567054220e-01 8.612469846020954778e-01 3.295203268540285446e-01
4.271342739982907366e-01 1.922520141591987919e-02 3.104178930470625764e-01 5.375335010917644540e-01 6.056066442307667108e-01 7.364004822897816105e-01 9.281122591994158677e-01 1.788587285105750491e-01 5.978330189709769593e-01 1.464961781706030086e-01 3.223920749428847987e-01 5.565316735712353413e-01 9.666245683970919877e-02 5.853046248952092911e-01
4.457137494543202960e-01 1.892547367298405003e-01 8.101524665388075697e-01 7.435880956831886213e-01 3.451522249757745797e-01 5.832097969430062312e-01 1.704479822548630175e-01 1.516008515682825131e-01 1.717889699205679133e-01 6.273305814679324133e-01 8.474990006425916489e-01 6.275455249037034111e-01 9.639690803238519790e-01 8.312061263162701108e-01
7.357335032680156761e-02 6.619278734915243767e-01 8.800772324720097517e-01 4.720039485092476506e-01 3.120610698192013421e-01 9.601039308162384600e-01 4.534582550199722784e-01 9.945631745014652525e-01 1.580142673748818893e-01 9.665638664703920524e-01 5.801017425299851427e-01 4.588908547814694039e-01 5.726183649364935402e-01 8.771199067047723563e-01
5.924102710497569646e-02 9.613836071830517138e-02 2.520492157128705335e-01 5.258151393168477572e-01 2.865972768747252486e-01 6.833191630601833655e-01 5.173010955641205166e-01 8.000436275940366881e-01 2.439138098064074223e-01 6.891470063431389681e-01 8.384998011825950393e-02 9.729432643832401917e-01 7.161993617117414779e-01 3.544190617333304871e-01
7.643222784952914406e-01 2.939972994553005092e-01 5.941818230354803942e-01 3.764270014989146151e-02 3.211067311194761853e-01 2.856666710930414466e-01 7.679969578965010202e-01 8.374308144539679422e-01 1.017722045721728419e-01 8.078907867699701706e-01 3.868870326799387360e-01 4.067942409921547764e-01 1.730093664111134188e-01 2.552880723569411758e-01
5.875599217581766176e-01 7.428202223490706357e-01 3.249533842861019872e-01 6.359933243890956156e-01 2.366690877860495590e-01 3.380464730620583724e-01 8.452846794162464095e-01 2.990890734705421439e-01 3.704778817585799855e-01 2.107157756155774164e-01 5.040388786941347732e-01 7.873215659392708288e-01 4.028790253097858098e-02 1.303568482196147960e-01
2.734944921934084894e-01 7.867952796872257348e-02 1.420770607886958636e-01 2.248515054939805857e-01 6.556415706210798611e-01 6.189641099309098893e-01 4.654380687500885294e-01 7.001207309271914037e-01 8.405726779677108462e-01 8.417387232897718397e-01 2.464024269639530917e-02 3.136181214678535056e-01 6.136789924227903370e-02 2.122779942992395474e-01
5.138096047521745202e-02 2.583696844174040441e-01 1.953526099202057553e-01 5.033925678119973712e-01 1.657956497132330176e-01 5.064373581299397298e-02 5.060043738700814586e-01 2.806191928327317342e-03 9.152699403424439106e-01 2.868730165283416289e-01 6.611002344106958750e-01 1.790403312446906536e-01 3.815184896717949137e-01 1.986887084785138313e-01
3.927178944276036310e-01 9.820915916121100153e-01 3.123058551500389468e-01 9.738220975409730418e-01 2.116432547477042903e-01 2.073671249278373763e-01 5.325161930808209876e-01 2.471191799904388642e-01 6.329413094966007680e-02 6.081367509510393621e-02 1.210322025790124822e-01 5.333731144212733311e-01 4.358223445207217717e-01 6.758798573827717870e-02
2.938357247621466994e-01 8.299751914806017261e-01 2.820390051103776052e-01 3.781614655175660200e-01 2.740487916445534244e-01 6.575759036926291934e-01 4.095470559104641417e-01 1.016256952611349629e-02 6.728336950223793300e-01 8.191563303377495942e-01 6.801820903803521556e-01 6.184853332817341620e-02 6.018361190577987685e-01 2.271110333037500428e-01
1.504530791582113780e-01 3.980557692258552827e-01 6.334551252796408738e-01 1.643288995014947629e-01 3.644875244525891400e-01 3.292656543633964983e-01 2.433437133659771545e-01 9.211989858617666282e-01 7.647944094000551640e-01 4.588118330645375442e-01 1.516440422168910951e-01 6.385090920901542733e-01 4.407797338984105195e-01 7.402877926020311472e-01
7.794503501050635830e-01 9.994806117823673564e-02 5.203534074014698474e-01 8.168347718563296889e-01 6.155174672214256404e-01 3.243841034609058482e-01 9.860402830723630219e-01 1.209704838946915606e-01 8.023076542107177023e-01 3.099510877769363626e-01 2.181725369551961169e-01 3.628594828797292449e-01 8.496359700743508769e-01 1.463328022821273056e-01
7.755453649653119008e-01 6.571106503814357902e-01 6.464453687227509349e-01 4.950833134694508919e-01 3.115159031842554826e-01 7.277610244030235931e-01 5.605690544935986175e-01 9.072868245010564658e-01 4.113498716964165691e-01 5.984434515233163498e-01 7.979154534133646726e-01 2.393197765144201572e-01 2.549457652678850383e-01 8.743005976820664715e-01
5.599489338291152585e-01 7.963504851297020792e-01 9.892116446301607580e-01 8.223994233702164314e-01 2.866620943637157026e-01 8.203657027029764848e-01 1.750158727459490970e-01 6.078597172024027273e-01 4.811597018355108224e-01 7.733136371498516848e-02 5.135511600352382633e-02 9.208128100445125419e-01 8.384051706779434010e-01 9.073098467113294152e-01
1.858915577299671273e-01 9.477076391050013315e-01 3.273710684853401442e-01 7.119091674651037982e-01 3.300331780907324042e-01 9.383281115328737654e-01 4.778164552021321176e-01 6.365993048920974839e-01 4.148354033437051669e-03 2.406033986513564926e-01 8.114326222992301885e-01 9.410407222480968725e-01 3.709559600976605198e-01 5.378937707220240450e-01
5.621248193833585649e-01 4.301107963528907341e-01 1.129035558101766368e-01 8.610242217492326544e-01 7.222889523847562110e-01 5.779675830876872533e-01 2.465765972754440094e-01 4.491649733467146799e-01 5.774833491895025039e-01 8.961419639726231345e-01 4.841549742110378141e-01 9.143273403558295209e-01 3.335966148678811694e-01 1.763312767323770291e-01
2.331871970420387186e-01 2.154416748864037556e-01 7.928271873896614030e-01 2.279702958759207698e-01 6.574245679992941627e-01 6.456904892803940754e-01 5.622103834761773555e-01 7.175209539385756230e-01 7.074495601072869899e-01 2.981608511620004176e-01 9.656428816622207867e-01 2.654789536957370411e-01 2.476763315859967785e-01 9.993920568722031161e-01
9.652294414365437669e-01 2.659807615437111972e-01 1.566741671142823922e-02 1.978185976968186433e-01 5.605012304435883497e-01 6.679500786675747204e-01 5.829523473728004390e-01 8.277625798238585908e-01 1.193712412455653071e-01 5.639644898533223705e-01 2.593361283719181065e-01 4.972936048514602358e-01 9.958819996447240142e-01 4.309782583269708978e-01
9.760462310371875727e-01 2.008746571799824299e-02 6.109807708558181449e-01 1.043552037315977898e-01 6.089006234234382031e-01 1.838811720337651945e-01 1.626212955865935506e-01 5.319162800491024079e-01 6.096386931757727945e-01 4.962463807187159626e-01 3.529562246926876146e-02 2.002274465326137065e-01 3.507539395862008247e-01 5.295538005242694801e-02
2.813043363738110259e-01 4.860212855371833784e-01 3.472460479702150771e-01 3.514006314626852978e-01 3.866938511478158480e-01 8.044610638705282923e-01 1.753469560373472902e-01 1.709532144766784389e-01 8.037605379555013974e-01 9.850838205913828860e-01 5.612122013075911964e-01 8.359139276459329748e-01 2.172258950699845759e-02 7.437925253704766870e-01
1.515469815916267171e-01 4.769765682206710267e-01 5.451832243279292056e-01 9.505491483517033435e-01 8.815494238073565691e-01 3.117747162288911911e-01 6.514470494260806710e-01 5.292552622790935857e-02 9.384692170240893638e-01 7.055948515706725876e-01 2.148148325199699116e-01 4.264272105019967229e-01 2.538335099540193207e-01 7.063452691771918701e-01
1.683029274277336729e-02 9.213731782551913829e-01 5.899609893043026299e-01 3.233884401697439959e-01 5.666729523966143045e-01 4.700238247877923659e-01 9.099657776006629950e-01 8.702993348472169988e-01 3.362769540381990163e-01 7.913500576644163509e-01 2.914908566183009864e-01 4.827469021308816721e-02 9.693034510100053680e-01 6.344528628571720619e-01
6.576676997741538466e-01 2.964807683934601590e-01 9.283525178870540850e-01 7.567266331887962938e-01 7.048801980821994828e-01 9.449824810217987148e-01 5.010403565265741932e-02 6.828364223595382310e-01 2.080855230946473400e-01 4.774376489515752553e-01 5.193389436361993683e-01 6.212147794268895185e-01 7.449265854037900869e-02 9.365240028482146872e-02
2.587664589187244069e-01 6.830493637241724647e-01 2.820531124828297154e-01 8.618532895340740296e-01 5.176125411853557123e-01 5.054486380922064148e-01 2.607886143049426009e-01 3.782116954352202631e-01 5.268566416337256975e-01 4.611480540650003679e-01 5.505187401645890155e-01 4.864662597762610119e-01 7.504045708218420874e-01 4.625428789955979836e-01
1.817721388638753321e-01 3.836957257672625188e-01 5.407522438279523946e-01 1.909499943272252587e-02 2.568228796251783574e-01 2.801211400000956919e-01 1.833032378125939443e-01 2.475531526018359685e-01 5.996238349475655482e-01 3.685138308922564221e-01 4.862145288733100701e-01 4.922657181248801805e-02 6.798462790822655810e-01 1.265466018771661538e-01
6.498779583970899498e-01 3.028769576500945915e-01 3.250745695447853079e-01 3.278414781181967497e-01 6.035037226254624798e-01 1.856563985257719818e-02 9.499165693379773012e-01 9.967470394792121713e-01 7.049702092623615357e-01 5.666941147069870510e-01 1.321365132166041345e-01 6.858396502525722083e-01 8.841541491646763840e-01 9.321084048454389981e-01
7.006064529094048199e-01 1.786138060975208663e-01 2.323807154714910839e-01 7.206423071184898665e-01 7.202045874051620222e-01 1.012933377649077871e-01 5.946693845863997296e-01 6.038841905720679915e-01 3.678637774256239279e-01 9.512208649808266969e-01 6.856512790337578878e-01 8.033608576325605988e-01 3.897435639002616581e-01 7.869803151827701182e-01
6.340812078215378733e-01 6.754317939286829109e-01 4.056330576837533508e-01 9.026407031592433849e-01 2.576806745788886577e-01 2.439643388945471614e-01 2.918922164936444963e-01 1.896294023738230861e-01 8.725252846347937297e-01 1.147883612626747762e-01 1.345172824032916381e-01 8.209729857068662762e-01 2.475184060108929218e-01 9.530751281048444046e-02
5.921922994887798275e-01 3.144347971673399078e-01 3.348385889947362859e-01 2.820899715300946298e-01 8.580356120387642171e-01 1.902035696397840203e-01 5.872222853692267153e-01 9.764916796053286774e-01 9.778414220431552728e-02 2.981947627099371667e-01 9.730697715045029117e-01 3.473147773968264795e-01 1.589251838207518253e-01 6.472983947375128277e-01
8.982070049419627056e-01 2.034671968323076285e-02 7.153758781659702581e-02 3.595658166983399795e-01 5.987902237866182809e-01 3.823127823649830059e-02 1.866179850876416024e-01 9.715454739347046953e-01 2.763502083154221189e-01 6.546079569990532754e-01 5.043867516543746321e-01 3.412937809750471452e-02 4.136797718957967440e-01 7.829920133161500928e-01
5.606993996377744871e-01 2.636110660773141046e-01 5.856730050359417739e-01 4.090837787097805212e-01 9.120328626751033063e-01 8.306817900885592465e-01 2.829296102125957724e-01 9.307796071525246129e-01 9.742086714425511884e-01 6.600107686410927599e-01 9.802883321722732912e-02 5.740023210231771644e-01 2.715827247128457245e-01 4.560326116893794746e-01
2.925385447400186134e-01 8.036684135133013163e-01 2.275852403390422607e-01 4.479418288957192074e-01 7.984475865328010125e-01 9.210110492113076086e-01 2.007251773955315288e-01 9.685763729431949853e-01 5.001213816545715396e-01 1.440875185706613770e-02 4.466546035701658424e-01 7.452544076389699956e-01 3.908786310981983148e-01 6.394533592777523756e-01
5.592900883768915365e-01 2.712472244356087803e-01 6.936569071051224000e-01 1.675910832983932286e-01 8.039355932397640458e-02 3.081147529234752325e-01 8.360765897121146262e-01 5.548797028000634901e-01 1.010828862962327435e-01 1.342829060733552460e-01 1.345630226857378320e-01 8.636662737708079574e-01 6.120840449812688933e-01 2.502671624941734674e-01
1.847207864933583243e-01 7.952091511946292046e-01 6.988460200805212130e-01 5.345692904133293455e-01 6.391349910168874215e-01 1.450900793826293000e-02 3.122416640263973031e-01 3.717843464360232053e-01 2.408312957698536261e-01 7.879647285712735316e-01 8.103986131919527214e-01 7.314768316005013649e-01 2.084038986570043717e-01 4.817725297165434961e-01
