1.616538663327027336e-01 4.848576693653648961e-01 2.605812370519184906e-01 7.057409610073682726e-01 4.499995477433037516e-01 4.293371210279193217e-01 4.380735242574794741e-01 9.485148291330495196e-01 9.202321125458023943e-02 2.813996060648872310e-01 2.833623503667835886e-01 4.185015512038634533e-01 8.012338356897720226e-01 7.630404945784472481e-01
5.041687860327492832e-01 7.457395047382966435e-01 2.961917957471036367e-01 1.124661455180775427e-01 7.745936344340187407e-01 2.700300184717836505e-01 1.138424152624156749e-01 3.991683923952060731e-01 7.824570007455249332e-01 7.585664257536709476e-01 8.653639605772284193e-01 7.952717118496402948e-01 4.987152926034693623e-01 8.067733512932290241e-01
5.070972385234220337e-01 4.492358817632982060e-01 3.852294155027580214e-02 8.445320730185692515e-01 6.072224100400835933e-02 2.859700785256923394e-01 5.101988838720213915e-01 1.304662366716264899e-01 2.406617448831627204e-02 3.157428114231763949e-02 2.081578443529286115e-01 1.596639765621121754e-01 6.496593072630267862e-01 9.381816674166001402e-01
8.143758756422134759e-01 2.837499133647258809e-02 6.252265024047690689e-01 1.655169776953230310e-01 4.248896718979916498e-01 5.985998536984720175e-01 3.366888818218476409e-01 1.196675343792803492e-01 3.053152653845255804e-01 2.734820668485627992e-01 4.481338995729159391e-01 5.127014392670107279e-01 3.069095595724847803e-01 8.125404877009947402e-01
2.082732860990248458e-01 9.995209358851472325e-01 9.423356961947011445e-01 7.734076911240177488e-01 1.384030820753272550e-01 4.363679654177300415e-01 5.638633038964786515e-01 6.190836495388960525e-01 6.585116084229052369e-01 1.230704263773529927e-02 9.081594385854874218e-02 6.141202286896325635e-01 1.123593631515101832e-01 7.576126198864705508e-01
3.778203163411658627e-01 1.983827960672951418e-01 7.850887564633357574e-02 5.578613812115400528e-01 5.719759766783577559e-01 3.280600084277810469e-01 2.565954194473649697e-01 6.170266588761250670e-01 3.193641044630119996e-01 9.543596829351433941e-01 9.613773577198458931e-02 2.240285347227147783e-01 8.929807183160960449e-01 4.438616503522520018e-01
9.093264312439318653e-01 5.606331035913717509e-01 3.028217189298615386e-01 5.185964125282211956e-01 3.121463123248380267e-02 4.305832190696126105e-01 6.457750338573279292e-01 8.693922648419437627e-01 4.231478878665423382e-01 1.584876411288960174e-01 7.813897465167505274e-01 2.280767762499535944e-02 6.389716181403073403e-01 1.076086833447479352e-01
8.904477076596878371e-01 8.357787358395815103e-01 3.564568411893044297e-01 1.530521427845950022e-01 4.588396400628025340e-01 7.305441619505650408e-01 7.212091011599323087e-01 6.056478837668407555e-01 3.274753586207033162e-01 7.977434353830269442e-01 8.650777732832498623e-01 2.076351093929739156e-01 2.668664890601085693e-01 9.402790560898737215e-01
9.947683113903489360e-01 1.189372766663830960e-01 1.518305910302408801e-02 6.120399639146771875e-01 4.709729153385361355e-01 5.548561439699787323e-01 5.429774332833581241e-01 5.245846290348747942e-01 4.199328605457386399e-02 7.309264321947110954e-01 6.330278352793061725e-02 7.227269617129596924e-01 5.086730901186053977e-02 2.764088587906217143e-01
9.712773993052897792e-01 9.770749664043713034e-01 8.462455707442361197e-01 1.590865062887723003e-01 1.742005128259181967e-01 9.299043664851909252e-01 8.514780973807084541e-01 8.922904257814285867e-01 5.075695599093819066e-01 1.038835851728320270e-01 8.419180029709253388e-01 4.337484973228944440e-01 5.326640543218944535e-01 3.955090909270065902e-01
4.676767633780396505e-01 6.131697347144303700e-01 7.683576475938044270e-01 2.878252034654171787e-02 9.724655245016322613e-01 6.304636767687521459e-02 2.226084713791809389e-02 6.158139235041792947e-01 8.691274041930552308e-02 3.983646988919848919e-01 5.086098901150221119e-01 3.386270520637761905e-01 1.144037545035178072e-01 2.683430436737288538e-01
2.931555120886794041e-01 8.218962289970253021e-01 9.838981890966325139e-02 9.986991452635478606e-01 4.297687588603112951e-01 8.447548944036809004e-01 7.582865108599960990e-01 8.690843695733992957e-01 7.089794204240167375e-01 1.321636515557915725e-01 6.618865221868676096e-01 5.965003120764733602e-01 7.143516057636691841e-01 9.321495866418340048e-01
4.625714953184867362e-01 3.564260474088807307e-01 9.124267180908320896e-01 6.761412830154932552e-01 5.119398382059375807e-01 7.350094771852691000e-01 6.770032024746569510e-01 7.458166773737691102e-01 3.166510016480971190e-01 3.583171921018246664e-02 1.093700002956420336e-01 7.243685918473782293e-01 3.736720308428911341e-01 7.726776161548171151e-01
6.464737278571969226e-01 3.766827872849106695e-01 8.949720742141709096e-02 4.025262172955524909e-01 7.793800681146401121e-01 5.899661703655729728e-01 8.065032899159984003e-01 6.855191220540993724e-01 3.726063605232612375e-01 3.364550462682938115e-01 7.561068855232216945e-01 7.140709380542316076e-01 7.397113014521962127e-01 1.812459010222056133e-01
3.745173693864516373e-01 4.574559478456540207e-01 5.198043885594401115e-01 1.175718982367743859e-01 7.222329657318230511e-01 6.717176321341311596e-01 6.078284931970694416e-01 3.149312027141766279e-01 6.024245579652220961e-01 2.215139957065767051e-01 2.600736603417240778e-01 4.126731870070544650e-01 2.082576075240581970e-01 2.342774992267135925e-01
6.550179536835787353e-02 2.557643989033240306e-01 7.443979272952927495e-01 6.723462024539728077e-01 7.642168507063179517e-01 7.346334972704788857e-01 5.889853357069596562e-01 2.911295529248969505e-01 3.148013000943891138e-01 9.557753127826208450e-01 1.009971560188211992e-01 1.011183667253523488e-02 7.441100137202990572e-01 8.876539877097073816e-01
3.519383495590823197e-01 6.993016725025347213e-01 5.321778023700352023e-01 2.231232731432619687e-01 5.837293688193992969e-01 3.911951629524526020e-01 2.077151938491652583e-01 1.300155154039676075e-01 2.847473858942906055e-03 5.675296361573953785e-01 6.162047390205860342e-01 4.711571885684295857e-01 7.032779875981247653e-01 7.598044391967389011e-01
5.113885183556657887e-01 6.932990613811875757e-01 8.103497462717160760e-01 7.846863794949676674e-01 5.255203280086752082e-01 7.374975305664405179e-01 5.929167506017904987e-01 2.519997223129155639e-01 4.521676617861396519e-01 8.224537505574712748e-01 2.867011736877053130e-01 5.800681753061235346e-01 5.497758123886408166e-01 3.183772283778718570e-01
7.166473734953904273e-02 3.213527820365057464e-01 8.887004852089441798e-01 3.250367936635263355e-01 9.966190633313509739e-02 8.098880748061179080e-01 2.612328213386527764e-01 8.791344761851952461e-01 6.427200166481198407e-01 8.111480365133205694e-03 7.406104810330121913e-01 9.855747952913685994e-01 4.902683087591556133e-01 4.009220603822200024e-01
8.633659293132709411e-01 2.179551937202306444e-02 5.864036918537917087e-01 4.937813588028233669e-01 4.949560387692090169e-01 2.976948582785152730e-01 7.702837932335432347e-01 3.725336421615313975e-01 3.196218044823040394e-02 9.235638728163259037e-01 3.703323073802320398e-01 8.329977512813578899e-01 5.423989556649265742e-01 1.390847782975775937e-01
2.875614416738692114e-02 5.991420210835085580e-01 3.945816416545477878e-02 8.947408481860019691e-02 7.755099199344180905e-01 5.918744882638045102e-01 6.752992176278460601e-02 6.492363237152415367e-01 8.846301735901660468e-01 2.625301172748265577e-01 3.010013885913582765e-01 4.071886825683077582e-01 1.291919239877098446e-01 7.871960937853593743e-01
1.175628759157317793e-01 3.504992064749894443e-01 1.931235108491303754e-01 9.265367601624774352e-02 5.088340296097908499e-01 7.247820580321853168e-01 8.758444585228715162e-01 2.454629380057017363e-01 4.481420969236071805e-01 2.369717403380098286e-01 1.483807654407918175e-01 9.456681971170031176e-01 7.461759887114112200e-01 6.351205634944389056e-01
6.735166839192283650e-01 9.451600036846823372e-01 2.990418289144065600e-01 5.350423921410587536e-01 3.096766635872900686e-01 9.147553621340331897e-01 5.070839462730124536e-01 6.275532560250342007e-01 4.716368157369210667e-02 4.896981519581600217e-01 5.357283007707461797e-01 5.625943369814773165e-01 2.272782203753398456e-02 7.551994669659306547e-01
4.364020390592162624e-01 8.798284626098707983e-01 8.735771159651913864e-01 7.107794751041762726e-02 3.405716896674197969e-01 8.080388114621743778e-01 9.069947797809387868e-01 3.848422664015985761e-01 6.327268558614923544e-01 7.876725717821791983e-01 7.552366360960272029e-01 9.503534913372362336e-01 2.107537965571296690e-01 7.995008051358643009e-02
8.893567539118163445e-01 1.295638310645078617e-01 6.918412038615479043e-01 7.950713124580743862e-01 7.661708335650196933e-01 6.090100671594450565e-01 5.736435786283766713e-01 3.320455935769283107e-01 7.290366655995963452e-01 7.923535490529414194e-01 5.420400439449400976e-01 4.611735954838167562e-01 4.013248589295410618e-01 1.510172195370547144e-01
8.925596890512521586e-01 9.880905174657952372e-01 5.285226462595180585e-01 4.088214161551843029e-01 9.162306900422885203e-01 9.642566502210384582e-01 3.159234728406139503e-01 2.366623891771920674e-01 1.176456229711371204e-01 4.336372308880057647e-01 2.538536121871551865e-01 2.916700716038956864e-01 3.811938266180506796e-01 3.429993473296409912e-01
6.141424035637595980e-01 9.265824443262388188e-01 1.394576715807809286e-01 3.119513687378006050e-02 3.715308893789140976e-01 6.086714625131997014e-01 4.193909287135019204e-01 4.846130271075579365e-01 1.632266364728336416e-01 4.979167531197559171e-01 5.294133588041347593e-01 8.545259667964476558e-01 1.877889922730530126e-01 5.778140821322463871e-02
3.579872174957787756e-02 3.968592599588532943e-01 3.237053580766813266e-02 6.319257994296831882e-01 5.802511885027870076e-01 4.565477303011148402e-01 2.094176782491061761e-01 7.388554078235280986e-01 7.984628938078414118e-01 1.215015608983723849e-01 2.635118626115872109e-01 8.427962517220071170e-01 5.395654543410183246e-01 8.197573640136286421e-01
5.755384164181543971e-01 5.913759838241506861e-01 6.909470756254597612e-01 2.063149221694740021e-01 3.328574876373405766e-01 3.022487858235027858e-01 6.234164713900052224e-01 2.096037559563330710e-01 6.068829103706893102e-01 3.394532229415330171e-01 7.841588131251200355e-01 8.677794125327311647e-01 4.353376506779039756e-01 4.699674970156325626e-01
6.649632646515225565e-01 4.711402800714653560e-01 1.278055076562989445e-02 8.749763754187794840e-01 2.799066770720981534e-01 3.867618897543070311e-01 8.965644011918540990e-01 9.122727205760926550e-01 8.658975488744332649e-01 8.026138881981690343e-01 1.569131025388903478e-02 3.014778197768848145e-01 4.148705257328851870e-01 9.136103631158032368e-02
3.298584710060230574e-01 8.420306835828001990e-01 9.147988599824183886e-01 2.475913644018462589e-01 3.583982221826222947e-01 7.248661226435467730e-01 7.500202326918321560e-01 8.698914313634369400e-01 1.349415334650695408e-01 5.217750624856245523e-01 9.181533264261734217e-01 2.452495323511131309e-01 1.018075018566683143e-01 2.841846885926275768e-01
6.934901076059867275e-01 8.932273199169288302e-01 6.095748204198745412e-01 9.999808182163291148e-01 9.096482522107097735e-01 1.440462253649080759e-01 4.554005681930441973e-01 7.872170771826410007e-01 5.138755706351181285e-01 6.692675166233207351e-01 8.014060954481849741e-01 7.423062664731838733e-01 4.140268211917850216e-01 2.135814163463382043e-01
6.510465195977019892e-01 3.854132205248042009e-01 2.767499420194496906e-03 6.650041174011701584e-01 7.142254498625552062e-01 1.800524699853903732e-01 2.571169152088612631e-01 3.331015479649916955e-01 4.339787429878383396e-01 6.144215252951905626e-01 7.265488419628176597e-01 2.548340228809028440e-01 6.557567336161651550e-02 2.819826373144594944e-01
2.635592522725807019e-01 4.299527106420001354e-01 7.196261020408540876e-01 2.602929538039865376e-01 4.207076693825543279e-01 1.599687801158952150e-01 6.852658512450681139e-01 6.670270978440882015e-01 8.546860388310774104e-01 5.686764013173913890e-01 4.068533909993846676e-01 9.381384921906665841e-01 9.316758361939825317e-02 1.889680445746269033e-01
1.394673134601830400e-01 1.772978518514445323e-02 7.125716141525439973e-01 3.844262549034502818e-01 4.252919823660217258e-01 2.659898585093014578e-01 2.201549794033709206e-01 5.894763408199965582e-02 5.772027305294138433e-01 3.837507416830873153e-01 2.867929297529583366e-01 5.198082706150854992e-01 4.195217866299767451e-01 8.241840916506640857e-01
5.377929881183405314e-01 2.624754361895444976e-01 6.549132360636920058e-01 1.873471266291211190e-01 7.913603157639925723e-01 3.796609942988600217e-01 4.705809787246514331e-01 3.203417151754737180e-01 7.771280129786068969e-01 9.580303271116700214e-01 6.556832803204167837e-01 7.868184309465019455e-01 9.403806735786180981e-01 3.364238455201186140e-01
9.760186616277211069e-01 3.440233858055977700e-01 8.705749185643818500e-01 5.260134431386692677e-01 8.147324131706673578e-01 6.951752478648243194e-02 2.769697632262172471e-01 1.955570615303754423e-01 6.126073890666229316e-01 1.670139857585172249e-01 1.892459463949746068e-01 6.878529417409839919e-02 6.825185209360947747e-01 8.387151782643597064e-01
6.527845582014845105e-01 1.474766056168386186e-02 4.486310618220279434e-01 7.465682638399591120e-01 5.307393770349893014e-01 4.294760401271731087e-01 8.461565126762862210e-01 8.903128950002687780e-01 5.771035878063314195e-01 6.201534871585440145e-01 7.295551445640774402e-01 6.427326486281237372e-02 2.976272091151752619e-01 5.122035761075913740e-01
9.413868057430210268e-01 9.897475133345554621e-01 8.680452894120738172e-01 9.199157817453603725e-01 4.983962666548155118e-01 6.874065437042656823e-01 1.352944466111735133e-01 4.713934279791376358e-01 2.966252667403934673e-02 2.069874529726433154e-01 8.946256474106684120e-01 2.017675229878478360e-01 3.338199018411427410e-01 4.299371426020226483e-01
5.983772806509759512e-01 8.290950475624044858e-01 8.444470147794209680e-01 4.687264062278729826e-01 1.142724402474485368e-01 1.682838594203439619e-01 1.279971844894144395e-01 5.177400349738108254e-01 4.017965721586040928e-01 1.745552362424066528e-01 3.485559266750978269e-01 8.368004206879036122e-01 1.927179739642432832e-01 8.362417662039315358e-01
2.969851907622732545e-01 3.591919868766990653e-02 7.839896622774070734e-01 1.395780364543725005e-01 5.662123742069822274e-01 6.769146064440529909e-01 8.459817538489192712e-01 4.874769676841302912e-01 3.666417571908164863e-02 3.540008129446665652e-01 1.623135479572623829e-02 7.116067557449261560e-01 2.427779068788360473e-01 2.695833489702289532e-01
1.196749052815468950e-01 8.859397977565010018e-01 8.512428590625668035e-01 7.512488878658696301e-02 4.964211039028707528e-01 4.787534610052047723e-01 4.292852616218648665e-01 4.040417797315684068e-01 5.438142567739918665e-01 6.118750329515066921e-01 9.500651633359069592e-01 2.021617398362302032e-01 8.869327523224190823e-01 9.009107835329095426e-01
9.676869142038613258e-01 5.698461117021228484e-01 8.827197841201298578e-01 4.428011931482861430e-01 8.578012290467089684e-01 8.239386051749296724e-01 8.550350609271497593e-01 3.259021444191508854e-01 4.199830688724106587e-01 6.114401590563748323e-01 6.448613863277475877e-01 4.903414602757117935e-01 3.273217939782161467e-01 7.211241325388861867e-01
2.863042229545954553e-01 3.954662458179105666e-01 9.934520877509334102e-02 9.222895849341179453e-01 9.965493979058054341e-01 4.366164965308870771e-01 5.759916600695645927e-01 5.526160179250225735e-01 5.232348667492204841e-01 2.553826206800736687e-01 2.378404594085676838e-01 9.951770340357589673e-01 9.947485421575255060e-01 5.707579531154433061e-01
2.604383739395678132e-01 2.446938755050566128e-01 5.832766007613959802e-01 7.564783499237043296e-01 7.496092050044320665e-01 3.213178643514171817e-01 9.732233777993926083e-02 8.198320594918081516e-01 3.242847524511980328e-01 5.378439798911546221e-01 4.361434611915810944e-01 7.946429820472018513e-01 4.011339523487572611e-01 1.424122165744390323e-01
8.591750390924952629e-01 6.121147102839196164e-01 8.841683478061733714e-01 1.141734707395395398e-01 5.533701131210190249e-01 2.250089966753605619e-01 6.967780905633872424e-01 3.242590231868658357e-01 4.353012820787803827e-01 4.720312257808096934e-01 5.067752060893463417e-01 1.193079373014631628e-01 6.279443841890075539e-01 3.169466130726760200e-01
9.862091621170878675e-01 4.531704129132594350e-01 2.064874582302023143e-02 4.061473172819556332e-01 6.281537877919348700e-01 9.496367775327677618e-01 3.594897749335959070e-01 2.784291389659410143e-01 8.513118990139892928e-01 1.677520989107845750e-01 3.926664999576241488e-01 7.120086316000752147e-01 4.993042145134529708e-02 4.689402409789262816e-01
6.314893372440293362e-01 5.471750467243312599e-01 2.660651532932691854e-01 7.306620744297658288e-01 4.548393876514145173e-01 3.944646567626464151e-02 9.138076284869683930e-01 6.068538336665211252e-01 7.050965144129395235e-01 8.992874642558634779e-02 2.673030828030952266e-01 1.162356425000328208e-01 6.934768009648433207e-01 8.638941374207105284e-01
8.589286506676093724e-01 1.333212887374235489e-02 3.418767273326592804e-01 5.203480737557439895e-01 9.217681993025030884e-01 1.902953877307993480e-01 1.028364573935842685e-01 3.611426969499424988e-01 1.957217491656786379e-01 9.674598482785794484e-01 5.492182368235754009e-01 7.213342166051885940e-01 3.686052700090755030e-01 6.619842912814498659e-01
9.366402885268887424e-01 8.831291043838445098e-01 8.218657353183572711e-01 8.706932921498904410e-01 6.629397419942671954e-01 3.267560637020161529e-02 2.927888140822942908e-01 1.198505772136982950e-01 7.427187112908213429e-01 1.458562589270828713e-02 7.650619804235908594e-01 5.380673255629142560e-02 8.792684802319327142e-01 8.831235517252156164e-01
8.916408114989724520e-01 2.360823045379295548e-01 2.049988966217167752e-01 4.214313197783169374e-01 1.022455202021222975e-01 5.765574534315018873e-01 3.240496653202773469e-02 6.001270762523751578e-01 9.501250263524111395e-01 9.335874598799921431e-01 3.263131529720467716e-01 5.719252290023921770e-01 5.683998079476484389e-01 3.572840183800993774e-01
9.835379844643633573e-01 2.003450115654180630e-01 1.840699195873247707e-01 9.097535879875598974e-01 9.681398543363787246e-01 9.671039260760141421e-01 4.315745174015902519e-01 9.863784458957984835e-01 8.111370022842543381e-01 9.155034308667687748e-01 3.058766558779598688e-01 6.580831805305260573e-01 4.643510226626913484e-01 4.605818306672034845e-01
1.108499859842090318e-01 6.080826779271223392e-01 1.186848246152494291e-01 5.355438037420368058e-01 1.469427728078777085e-01 4.901711995871159688e-01 6.420497713688476660e-01 5.393566899943064152e-01 6.674717695098786319e-01 6.559122388896696521e-01 6.720163103819636330e-01 7.577814459494274235e-01 7.265671283629941968e-01 3.392158387857034940e-01
9.887821423112445052e-01 2.347970123971417911e-01 4.320155774174659902e-01 1.922107873301888148e-01 5.973528993389558561e-01 3.386962068179334429e-01 9.339216524517646167e-01 6.353431218836136374e-02 1.574030076902904751e-01 3.465646316641007862e-01 2.607170547750530254e-01 5.152060645083225143e-01 2.795005219435193755e-01 5.592217435601658515e-01
2.302850097501091264e-01 6.605135074989144650e-01 5.823869837205025712e-01 1.022930466660043614e-02 1.072499453404818226e-01 1.290433754315035708e-01 4.951958319284208709e-01 4.041152289615161930e-01 6.014866670615244271e-01 9.399499128214379162e-01 6.496750217681100947e-01 3.371476159709716480e-01 7.857660180215858547e-01 5.124328575402901098e-01
6.708573183349951785e-01 9.057186274789222891e-01 5.672747780672513507e-01 5.528495834065472181e-02 5.178378394682650043e-01 1.409602493833946868e-01 9.540023867396287827e-01 5.710696146055106448e-01 1.518569182632074632e-01 6.799892250491094137e-01 7.172761230957657164e-01 6.713837412995018461e-01 6.966459031709684169e-01 4.364878170884962660e-01
5.935266742319262878e-01 5.078144594437117298e-03 3.784423727261075898e-01 6.339533716505091343e-01 5.409913860581990752e-01 3.615611112343833922e-01 1.121586330435837553e-01 8.819477600072096468e-01 1.762860411143077899e-01 7.567746251914592159e-01 1.653616585539587902e-01 7.941227228677980587e-01 6.545416049853473028e-01 4.919389201764318154e-01
6.013094059554882076e-01 2.025830294309248769e-01 7.201968737951224275e-01 5.009362016678777785e-01 4.050414787630413072e-01 8.393543775932990059e-01 1.211035116917120735e-01 3.899519755312254032e-01 6.095679608099069391e-02 3.288916878183419934e-01 8.996821839159679923e-01 5.904784466448531610e-02 4.757193352490100002e-01 8.753435107269627036e-01
5.416365271007866911e-01 3.198302578979652644e-01 2.120594249864599101e-01 6.134728170282783832e-01 7.641516610133394227e-01 7.681999722285643983e-01 3.204445883625622882e-01 7.666593283469265163e-01 9.629777813868045655e-02 5.446264157744871159e-01 4.799245203987619890e-01 3.868345691895338501e-01 4.629402687645211012e-01 9.142841400311654265e-01
2.979593105028800482e-01 7.153460194962665275e-01 2.456351487063387351e-01 4.786335687884273327e-01 4.173301388274385237e-01 6.362506603132561667e-01 9.840625095821036172e-01 7.100670425969601851e-01 9.612963240127742059e-01 5.590792555864606550e-01 5.632445620752721815e-01 2.872302354967106730e-01 8.943905311302772221e-01 3.005102153144081356e-01
2.513200727933631029e-01 3.856862295381398020e-01 6.727530854249518244e-01 1.295073083605038367e-01 4.392645584385520552e-01 1.129540850196086854e-02 2.446313633613167449e-01 3.086692373602737405e-01 1.351766465447497012e-01 4.156183108074209542e-01 1.451682097821005435e-02 9.281793505210690354e-01 2.373595740153338074e-01 5.623024205308856383e-01
8.970494606305489116e-01 5.443291949540352004e-02 3.684657920346701143e-02 4.236594520558045751e-02 7.592273753363976141e-01 7.849738816774188832e-01 9.177473606233220726e-01 8.711880459404823807e-01 1.237435920045969473e-01 1.068110412132323717e-01 1.886058320744333772e-01 9.670630739452213964e-01 3.945309825552362204e-01 4.835775290602895016e-01
7.199185698010129864e-01 6.031438187755295832e-01 4.916493244277306829e-01 4.812372173597930791e-01 8.965042852735705114e-01 8.873804532038337411e-01 6.458653968319807426e-01 5.211076556133721338e-01 9.087788835221759509e-01 4.405507260390505442e-01 8.203263365661089823e-01 1.267508644562590492e-01 9.581994675101339620e-01 4.604507552839354201e-01
4.370682541676479405e-01 2.110769778801250274e-01 5.155285296086611346e-01 6.332268126899741612e-01 3.049276434780069378e-01 6.906034168973534948e-01 1.460981975093635921e-01 6.724127068067209390e-02 6.752182246240941987e-01 6.769370684733929666e-01 7.408955476944137919e-01 5.184345535649661496e-01 5.625160881569329918e-01 2.521433814674568508e-01
4.112446163226969320e-01 1.476223760363282178e-02 2.377683394750780277e-01 2.257923842136136949e-01 5.644799151090026390e-01 9.331942725627084823e-02 2.735325112053548224e-01 5.861653956631065476e-01 5.426675121210587927e-01 7.190152578749979817e-01 4.650835050711954466e-01 8.097241115989630700e-01 6.239623300484943291e-01 7.904113474014018426e-01
3.064061011421533864e-01 4.030897084292246468e-01 7.821362320213232078e-01 6.120597630164092973e-01 9.414989545630918499e-01 7.457375879442428301e-01 4.780365318945709596e-01 3.447142194417059935e-01 1.325181324808727412e-01 3.305060192314170919e-01 9.719188520484265403e-01 5.426355427341005289e-01 7.155435313331690583e-01 6.281029697931270750e-01
8.616120522634457268e-01 1.698501317004580402e-01 5.777508161495032990e-01 1.254094306436293049e-02 9.468620782338522668e-01 7.534322307909001593e-01 7.031266015383760282e-01 2.899044845954192873e-01 5.368703478650876937e-01 1.715963127567939894e-01 3.206974994547624469e-01 2.422556900324699392e-01 4.002712554059324468e-01 8.684229618292007569e-01
9.051275448531828083e-01 5.016823287925444852e-01 4.265001879175450705e-01 9.462393638772477189e-01 1.190432138253983974e-01 6.096577079946587929e-01 9.210850801484977701e-01 2.997129553156573367e-01 8.243876210172947916e-01 7.411903071549069688e-01 3.383090569110711598e-01 9.953127196418097844e-01 4.094693967872488072e-01 2.012380527424159071e-01
5.678010934130416354e-01 7.961520366055898634e-01 5.816756274015918438e-01 1.140006658029096842e-01 2.280156863773850073e-01 5.428493353863941273e-01 7.686823855815441142e-01 9.449658431720121543e-01 5.793934041325002893e-01 7.893556721273724541e-01 7.715560174507976043e-01 7.209639619422016921e-01 7.426314555963567932e-01 7.509397330903759826e-01
8.623509958363765326e-01 3.351091533999348560e-01 5.518255282393336181e-02 8.615162534663510785e-01 5.886887206956592511e-01 7.341100797154392898e-01 7.780502205771481217e-01 8.879126041030168670e-01 8.707377664870041833e-02 5.321837018054114132e-01 2.709109837119070274e-01 2.966691341626316314e-01 5.494823978541277798e-01 5.686289565299151860e-01
5.203093009131212199e-01 5.158179712075567913e-01 8.036769494145813431e-01 9.000864127316898777e-02 5.821351874913496260e-01 3.980639927784793697e-01 2.353904544444341829e-01 6.635558264978435039e-01 8.530903721847289400e-01 2.366668538881576689e-01 8.438786928096685402e-01 7.854482530393114281e-03 2.583698598213755027e-01 6.185993811095403805e-01
1.541886314667935132e-01 5.918039010754693185e-01 9.685123927450189907e-02 2.003790612447106101e-01 9.224804525570232672e-01 4.530204367658041686e-02 8.412239908572815006e-01 3.112322374483932341e-01 3.796032572909213698e-02 5.586947377326677566e-01 6.800865050423232638e-02 6.229159611244104999e-01 6.497046591387182213e-01 1.189049114411000474e-01
2.983749401662797451e-01 2.232022848005521531e-01 3.523908079962063677e-01 3.963702546482840150e-01 1.403771077207766060e-01 8.818360961725003611e-01 1.126442292029758985e-01 4.780767981083533513e-02 1.459246074035069896e-01 8.653330284204441281e-01 9.650054374421901393e-03 7.887224305195539298e-01 3.811466292170878623e-01 5.635277272088439204e-01
2.362203217399780897e-01 2.896510529337797957e-01 1.758025379472185623e-01 5.421871161081285306e-01 9.996013710168061284e-01 9.530425820944204984e-01 1.135012969953763662e-02 3.499354221183391678e-01 6.691974549850157050e-01 2.069603679683487130e-01 6.680124022767782721e-01 6.946072195345420752e-02 4.125634075104599452e-01 4.610126239783185476e-01
6.807597944671165413e-01 4.356222162671652409e-01 9.767723345739268703e-01 6.602398652158197878e-01 9.306053480409686163e-01 6.613472695538663571e-01 4.209807710282457149e-01 8.177731660088559673e-01 1.839251323519041081e-01 1.501800975816020012e-01 6.330848416970732417e-01 5.033872692613972077e-01 3.971931074616732449e-01 1.266150294795613807e-01
2.273941387146757309e-01 2.592577898739211184e-01 3.726418581305516176e-01 5.350987626064517277e-01 5.488713680638099834e-01 7.156994153852250795e-01 4.289158211120452924e-01 1.724638759140779687e-01 3.027850265624825177e-01 8.215644538564225163e-01 6.562022131998328511e-01 7.978384952543073894e-01 8.453792893899740868e-01 5.201615393616332295e-02
2.261269717336800156e-01 5.097396327240943936e-02 7.347310077830123687e-01 1.153784431314953673e-01 5.346458374285801840e-01 4.107369035340413532e-01 9.726616677365209629e-01 4.837550083231506592e-01 9.214856147881147486e-01 3.745451314266966536e-01 9.745743638516893848e-01 2.730771848309248018e-01 1.265765547811158465e-01 8.927263498653970064e-02
1.633310201404744033e-01 9.138815711096185401e-01 7.183253748799921512e-01 9.211708829415798938e-03 8.686948781123747798e-01 5.624652787837725043e-02 1.382057476790857775e-01 9.273726492807811139e-01 3.642763822453309874e-01 2.092750816057132868e-01 5.932595630497576877e-01 3.127090950313142770e-01 3.363653269613278152e-01 5.844261492852763640e-01
7.077200146582851570e-01 3.765577028441891017e-02 2.059148479768420081e-01 8.504776904955303474e-01 3.244502209804687176e-01 5.273845188722352528e-01 2.621973137557691569e-01 9.046100304844856277e-01 3.010842831901124894e-01 7.294646733745407952e-01 7.847319558028896802e-01 4.025140983105186532e-01 7.134267749049143514e-01 8.289829927422428524e-01
7.157647253807574161e-01 8.898918701143829768e-01 1.601730710168246530e-01 7.208189601241057343e-01 3.454803125213670167e-01 8.307312062849058210e-01 9.037782323484475633e-01 9.031316542555821725e-01 7.041219538728180627e-01 4.106551684340374875e-01 7.973505158186067199e-03 7.225870515152693629e-01 8.680530786678155586e-01 4.580325872068061743e-01
5.361918657342943373e-01 7.450637269051986200e-01 8.437744517382488318e-01 8.258454141440907392e-01 8.696233715023424793e-01 4.965947661306282512e-01 3.693001396341554221e-01 7.026065893771409332e-01 8.529896434628152502e-01 4.453624529423934053e-01 2.575217973970213015e-01 4.207908570710605645e-02 4.057714670502335919e-01 6.285985159282313495e-01
9.865990644858587677e-01 5.146946683881664653e-01 7.832778378030091915e-01 7.136813461413404891e-01 4.912547929390957968e-01 1.884055446978688542e-01 6.085890043359003521e-01 9.337714573345542446e-01 4.500064902591918159e-01 8.160233887727165181e-01 5.938958172527571966e-01 5.088839368938300467e-01 4.402681096839944352e-03 2.561665062458100550e-01
9.375696011704039989e-01 9.430026901112793514e-01 5.742473402823710105e-01 6.508120479655605806e-01 3.942422923487171049e-01 5.635677357758110961e-01 8.493035926896297383e-01 9.867178847567692479e-02 9.970771357443690697e-01 4.502142885872424394e-01 1.322758005372973722e-01 7.965729443719641312e-01 6.953835965819306075e-01 8.403693089188368770e-01
2.449744721724664842e-01 4.438069728141846859e-01 9.482417778936159669e-01 5.739045505714083228e-01 8.746505975403674471e-01 7.093838556489786562e-01 9.065131043182561577e-01 8.410297727183280170e-02 1.523315793368473781e-02 5.425192406099429432e-01 7.804396180799155758e-02 8.420178888948790519e-01 3.540287197162808042e-01 2.239246579174283269e-01
4.321747281631141968e-01 1.651760036432311507e-01 4.767744438598336965e-01 3.969912659878627181e-02 4.990054978663236440e-01 4.499772556199918006e-01 3.157850760582929794e-01 3.198883941100365558e-01 6.687798163293023901e-01 2.849628386410374414e-01 9.432071947713129845e-01 9.800015202615760534e-01 7.039594844915738614e-01 5.539612290195039535e-01
6.797839418865255778e-01 3.365647733595024116e-01 9.865678760453439056e-01 3.178409316454496869e-01 6.913897664603138038e-01 1.363565475434771468e-01 3.880147939010201164e-01 7.577147494837234154e-01 7.585117701046095728e-02 1.338795025320327348e-01 1.727498048492387417e-01 1.989898457590230096e-01 2.462829207461567638e-01 2.425859471672969780e-01
6.134822612529414743e-01 5.629299231621801569e-01 5.174998748500768686e-01 4.232178699729737259e-01 4.747951055890092809e-01 2.596015800760039793e-01 6.486607366626673254e-02 1.147495025840326033e-01 2.860987571909781035e-01 6.950619618272263489e-01 5.858280714884931406e-01 1.838134254710483972e-01 5.393938544149883274e-01 8.265094350554587077e-01
2.656987428531869533e-01 2.141767551302246053e-01 2.052292842611325163e-03 3.723233097679924386e-01 5.224450551643132767e-01 2.810281209387266443e-01 4.608288001877113294e-01 4.150524012666965135e-01 4.457086886463444975e-01 4.218972887726081256e-01 9.837342196361671398e-01 5.724959515922500852e-02 1.244080843975091666e-01 3.369682998819306663e-01
7.770368010668310399e-01 2.369852849813709472e-01 7.366831880745760008e-01 9.887113688560031921e-01 1.727937361571281194e-01 4.248793680263546202e-01 1.278042197848042738e-01 9.735257412843494329e-01 4.898486974953000228e-01 9.581656738517067007e-01 4.368739404926818004e-01 3.366107027537269536e-01 4.989227974529497622e-02 2.558513298229517785e-01
1.578083080778055480e-01 2.024551981338658102e-01 2.870473650918271558e-01 9.787257694388921125e-01 3.909832416508041142e-01 1.194801076604090628e-02 6.900955055436027719e-01 5.218548159847671286e-01 6.645887525208780122e-01 3.613353902008082930e-01 7.700446775616419659e-01 2.287648712559134934e-01 2.500196288822640334e-01 4.576635027627241614e-01
1.057519572908609540e-01 9.312724816021731300e-01 4.371707936672407646e-01 1.960738757582018987e-01 1.292841700589898446e-01 3.041050756303917968e-01 5.218457878056937949e-01 3.102696967176056253e-01 4.511922035510932405e-01 4.096741301895087117e-01 4.812270611871070081e-01 2.170649407971518841e-01 6.422541191605732891e-01 6.593803054426151666e-01
1.134423297244079309e-01 3.613106621508682670e-01 9.899680493002220860e-01 1.207604221255068611e-01 8.267262195695200822e-01 7.432684580392997509e-01 9.377924533839012700e-01 1.643122821975206982e-03 4.563038772606577975e-01 5.136587780599921604e-02 3.291700892392532829e-01 8.445272450362223404e-01 6.007043176284725394e-01 9.848456259595431694e-01
4.954817785023180043e-01 4.038869606936070777e-01 3.798839788752057522e-01 9.904782776598398675e-01 8.038707869601626754e-01 8.076321254469522870e-01 1.613458294879673849e-01 5.153574298555126942e-01 9.860246894629812742e-01 2.914239695884968118e-02 7.195794586218260402e-01 8.596796893535131323e-01 5.922904878189090283e-01 8.705705906242844350e-02
7.844420747133206140e-01 2.185727616883644808e-01 9.153655368019973926e-01 1.916465732508477737e-01 5.853683077370062104e-01 4.704691648391049474e-01 7.803226313066344844e-01 9.570411837643342245e-01 4.518668911489365225e-02 9.562635130441398124e-01 2.340279309970544341e-01 2.923806597461179324e-01 7.326336612207036136e-01 3.483417103423419592e-01
8.799393677763339694e-01 7.066009569059168438e-01 3.688489230304122790e-01 2.982460120679789606e-01 3.392720264039481570e-01 3.194181006789474919e-01 6.095304314125372658e-01 2.778072002978020372e-01 2.790636258548547799e-01 9.521493125274113067e-01 3.616187734522824382e-01 3.484686054631342955e-01 7.027244262530504271e-01 6.545847297928638620e-01
8.641503772141947426e-01 1.637158523932483734e-01 6.136933993802982101e-01 2.447003454177344439e-01 8.608289277334429945e-01 2.883068545401742400e-01 7.118373500882306804e-01 4.756544365840835731e-01 9.597658736799705714e-01 2.667456226847106926e-01 6.949977754051216428e-01 8.561555960678005617e-01 2.099797478716790566e-01 1.991914899640179204e-01
2.808552598455771321e-02 7.385729531176252749e-01 1.212733581619289680e-01 5.518870143506415804e-01 7.369985772333876861e-01 7.578843676878019853e-01 3.516813592282974632e-01 7.065783086568115934e-01 4.767227341779609606e-01 7.285429459283715437e-01 4.530129196095920019e-01 8.662609625064371377e-01 3.648024040687964931e-01 6.913050825569214686e-01
2.452185556326734739e-01 8.757556100850379943e-01 2.137505380595221549e-01 8.352740970616130411e-01 5.619831842580941261e-01 3.309022525121108060e-02 2.330331064833562893e-01 5.230039049226445913e-01 1.165563453499143254e-01 8.842306515169073844e-02 3.371301880909818305e-01 9.790651134920602683e-01 8.315592171591562609e-01 9.477626712104340045e-01
5.507632649483140685e-01 7.993824344560802597e-01 1.532276367576926868e-01 9.939174367839779256e-01 7.550259732982491645e-01 6.490822780528839875e-01 7.458199305193907724e-01 1.380105854388087305e-01 3.767097405453221359e-01 9.417484458601012021e-01 4.073237272133434228e-01 7.477042801092277369e-01 8.905143563375589322e-01 5.593899408141813634e-01
1.034134510573829768e-01 7.168156544770519778e-01 9.008647503583284699e-01 6.164450459888892730e-03 8.091375558718915117e-01 2.045588835979283981e-01 4.901617788806265086e-01 9.350407743718818221e-01 7.536465426077091356e-01 4.280784525195291401e-02 9.469636192905325212e-01 5.394204871437021653e-01 4.280599483673245276e-01 7.541380735595681895e-02
