1.295715215641164431e-01 9.323331518625452841e-01 4.023575929847938992e-01 8.310286504206190195e-01 4.476998876719474607e-01 2.243123781058938837e-01 5.775367603682332041e-01 4.828253970154853247e-01 2.071503967724375173e-03 5.451542019337641820e-01 1.651317750292955466e-01 4.211364133068679072e-01 5.727433814088125352e-01 2.302772939229337235e-01
5.411716237396141382e-01 6.665762766918887916e-01 3.446740603923759139e-02 1.060303533910234020e-01 7.609739862212756556e-01 8.041837162836458219e-01 3.959183828888622747e-01 2.757932568992463862e-01 2.719188714511513449e-01 4.651192425526674556e-01 7.900604788792456867e-01 4.981118367270074287e-01 4.877533271745128074e-01 3.143388836342952963e-01
9.952414807430177701e-01 1.598661634713641755e-01 3.456427054715955904e-01 7.459570439542709819e-01 9.298384166002253703e-01 2.071766016257999832e-01 3.787740019418776027e-01 6.789011947212024722e-01 5.646980643510428610e-01 8.052459955639944544e-01 1.492827943185339734e-01 9.456373082900182414e-02 2.501331039424258273e-01 5.189994889520009869e-01
5.925590752076075329e-01 1.129819788567931749e-01 4.913716288023148859e-01 5.298032135790379238e-01 4.778386073458089633e-01 2.600905687172941905e-01 5.259923710663048091e-01 8.999721354930007022e-01 2.677130280037000043e-01 5.795115501679576342e-01 7.288342245188026425e-01 7.505455003659505797e-01 8.865756411505326673e-01 8.959921552309202397e-02
4.069967726903475080e-01 5.875710007930534662e-02 8.505959072218756134e-01 5.729203484593659024e-01 8.633295255381177036e-01 5.518751059740518716e-01 8.914487617678136244e-01 7.313830357117893088e-01 4.132932255034105218e-01 2.895613490606991913e-01 6.546245014733872436e-01 6.225764866934647701e-01 3.998118023898129536e-01 8.777442103643012805e-01
7.696500285415937004e-01 9.500786487115913115e-01 8.443825134687714673e-01 3.706447040429664552e-01 2.786709707419895432e-01 7.726235584659270073e-01 7.041755937832808732e-01 9.420453680896503368e-01 2.144658896251305791e-02 9.651202188182450570e-02 1.875454373419889187e-01 7.944672099199939774e-01 6.530690067705824386e-01 1.320404140358151235e-01
4.720844395543075667e-01 3.897087707070900908e-01 5.439077531016783817e-01 1.137071478574281924e-01 5.151632121992933966e-01 5.625915937832092206e-01 5.986221088581290539e-01 5.896261673906239009e-01 9.871787733980857960e-01 5.903874116538222472e-01 1.615423115959118139e-01 2.461581261489812489e-01 5.562570432445534951e-02 3.266471553237406678e-01
8.562407635858420019e-01 9.906090992344021018e-01 5.163577463599146045e-01 8.095047406807122092e-01 4.903306020548783284e-01 8.171640971131881592e-01 3.061357664762229813e-01 6.217949992769522538e-02 9.224136867931209682e-01 1.404445695996567878e-01 8.304163300828372174e-01 9.714592841413803859e-01 6.589746736208160760e-01 9.139879162431808757e-01
3.511973228660627555e-01 5.407302522472778872e-01 9.748413326455196426e-01 3.351783288687881779e-02 7.085953854264187557e-01 4.199094872187615346e-01 5.594786911767514193e-01 4.899639350125338799e-01 8.071935534009555546e-02 8.022204728591842970e-01 5.282079590676597158e-01 4.906059068361929842e-01 1.052859394514684688e-01 7.527034189572959777e-01
3.840086063899383895e-02 4.463084462215811676e-01 2.204678770440141600e-01 5.873434032781732483e-01 1.301264105330857124e-01 1.278094125170169404e-01 9.358458105402115423e-01 7.168594071605167706e-01 1.355269458391955562e-01 8.827137555147576142e-01 9.179817815599984332e-01 2.955724764466733934e-01 3.749589406626157029e-01 1.734386116925106247e-01
5.953170597647775564e-01 3.050701653470786479e-01 4.962102064995929096e-01 3.143300341705586032e-01 3.734041918263012461e-01 9.053067108220367309e-01 3.275595630060453844e-01 6.377010084995030637e-01 4.344665083074804590e-01 2.864843259548842669e-01 7.609922637232785503e-01 9.052298962026911200e-01 4.389578009918919665e-01 2.837131531883295699e-01
7.514978342850452409e-01 5.296978534074676670e-01 7.677632234983721160e-01 4.669611703215139631e-01 4.570934587426965789e-01 3.958282086349196316e-01 5.897439574387737249e-01 9.559443843102627403e-01 1.269815477307789653e-01 1.196856552286966746e-01 5.850956346969961031e-01 1.137995534498861261e-01 6.296314557873137208e-01 8.695156815433365827e-01
2.470591845650148555e-01 4.814618990347967475e-01 8.662791700742988876e-02 4.371549281720950031e-01 9.065223432191992226e-01 5.967082538570429584e-01 9.346693898160949310e-01 7.398412328920302983e-01 5.428093534946525356e-01 9.965655687672988483e-01 7.989355659321322189e-01 4.907069043416026899e-01 8.459658024664051812e-01 7.379624661909724992e-01
2.155140773694308454e-02 7.395434297641531041e-01 4.615240635291283366e-01 3.218628674022243619e-01 4.517237731667728129e-01 1.746479756204656342e-01 3.152295721369032799e-01 6.017895454917976394e-01 7.420251664886823306e-02 4.988968202077233016e-01 7.054164218512994911e-01 1.308571338809584317e-01 1.347752618146740300e-01 5.745269099093778253e-01
4.354825573607046252e-02 6.668773819454296703e-01 3.977253823128111820e-01 6.853303625631765872e-01 5.725540023909189147e-01 2.631747057459266070e-01 3.980534253643585041e-01 1.019169219889466405e-01 5.054009647188182353e-01 2.670014895489706275e-01 8.105386463819027609e-01 9.531537119619105658e-01 5.401413570425719346e-01 6.341165758412838915e-01
4.543344282584074190e-01 7.371323347931947323e-01 5.080331620864485531e-01 8.658337189018937563e-01 3.169876923751954179e-01 5.904851913068459579e-01 7.136501756024835608e-01 3.189912575590899690e-01 5.288179336317837542e-01 9.750255367768080328e-01 1.598688984546815517e-01 7.490987480992526981e-01 4.367534196467159902e-02 7.511784676640426150e-01
3.831831338089548566e-01 3.704554139911544475e-01 7.763354689872471459e-01 9.769996574558682534e-01 7.076126786890287734e-01 1.923323812232388130e-01 2.466855959524474340e-01 1.838532368666482286e-01 7.761378131807517011e-01 8.797557182244460927e-01 9.788778196634625450e-01 1.821620220657950151e-01 3.742288671024178726e-01 9.328909843379966649e-01
9.425410393993745028e-01 4.218947356046298669e-01 3.506556167979697491e-01 4.538755391880922030e-02 5.124004187052821901e-02 4.103591810426965303e-03 1.170219150931054442e-01 6.357588951983315084e-01 4.423669894937658498e-01 2.157930136533692256e-02 7.354913267467020344e-01 4.703077247939908556e-01 8.071792489448847974e-01 3.096977378593149810e-01
4.803913898479139633e-01 1.379526484208862813e-01 8.232350652704348848e-01 7.951544101798458941e-01 2.817446483253703837e-01 4.453821783812133006e-01 5.365699874642578804e-01 5.092333600479552747e-01 8.269097562646453570e-01 3.030603497617514464e-01 5.286187958538934861e-02 9.645641061469500954e-02 2.341780030557450987e-01 5.681909322692330067e-01
9.451582053004773387e-01 7.833063186027896529e-01 5.849674481455078290e-01 7.175812639486357503e-01 3.707781811602719468e-01 1.667306955505654109e-03 1.263437761676911020e-01 9.776025214911099326e-02 6.363960261831554943e-01 9.853323699974467775e-01 2.616031543008550120e-01 1.515591675003725713e-01 7.676740736839189339e-01 7.271111486332649809e-01
9.183272331224805463e-01 6.114918523283349172e-01 4.174896776564445133e-01 9.718665271888718982e-01 6.686642181827029408e-01 6.592178670031884069e-01 5.965766888764678644e-02 7.843442311985220350e-01 3.391973595108130901e-01 6.237100627710326917e-01 9.420404793252603604e-01 8.563289894435756056e-01 1.308996743663310980e-01 6.886300350044994856e-01
6.896535367085780965e-01 4.489155875313549648e-01 9.876559376931765000e-01 9.748039719754546528e-01 2.779108180468683464e-01 2.532650128711141368e-01 3.238208709062492252e-01 8.627852149971810825e-01 7.305804735973263631e-01 5.848970339360908266e-01 8.226516480238210693e-02 3.980595609117367761e-01 1.261701791861645772e-01 6.166394867437077210e-01
3.038488956381246719e-02 7.146223850132211730e-01 5.074187200903411687e-01 1.165837893761209054e-01 8.386104548531047032e-01 2.422146704343305368e-01 9.366827760255288515e-01 1.231270032493181343e-01 1.074961462390801037e-01 6.417714250202918302e-01 5.530418640949620324e-01 7.062014371124698542e-01 6.012055693168023573e-01 8.955804819717150256e-01
6.316405959597070074e-01 2.177749193262260574e-01 9.859470816329074516e-01 1.681483534044909689e-01 7.007538277675722238e-01 2.025180566338595778e-01 2.749663660490261341e-01 3.936095986077092768e-01 9.935030515871395851e-01 8.791361867748263004e-01 9.541105640793958731e-01 9.124451096372477865e-01 7.142629093302521603e-02 4.137728487163830904e-01
9.217799948296268031e-02 5.280954423152061095e-01 1.997423398378265214e-01 3.852932915237672340e-01 9.608185591135349757e-01 3.620592692553868952e-01 9.137941110889977736e-01 3.964604628936525543e-01 7.499316443587898950e-01 4.262532504018370361e-01 7.949160739271549092e-01 9.351981308394008430e-02 3.828283153891590684e-01 6.291912993431338919e-01
8.101778938678743103e-01 7.559151221939506282e-01 9.983758352776335165e-01 4.943155010667621418e-01 4.007827885113264266e-01 8.995744693525328239e-01 4.161765312912746317e-02 4.053896133694427917e-01 4.941953833997769774e-01 4.597562209212894269e-01 7.897778636940817609e-01 9.821403305389422300e-01 5.070826257360618872e-01 7.580080166278261311e-01
5.999211673856671423e-01 1.188137818993536543e-01 5.833584741993484979e-01 9.112345789730202927e-01 1.946732992622907110e-01 2.830503913054047693e-01 2.822896841699004122e-01 6.398748684119723862e-01 5.577586237980003414e-01 8.059767252735934306e-01 2.779219669920158786e-01 9.738706252444535583e-01 2.196106056400688455e-01 2.053269066645020402e-01
6.571677684016541399e-01 9.725866167085244207e-01 8.246290580901615153e-01 1.668395557600721446e-02 7.410828311248383038e-01 2.309342780648322435e-01 5.179207826516450952e-01 4.007391309404101376e-01 4.229681976730892412e-02 8.725289111790667240e-01 1.850416905840897019e-01 4.283319781095762391e-02 2.620638369588046412e-01 6.688442960875281562e-01
7.870872778302940853e-01 3.657808802813201643e-01 5.031243499202895375e-01 6.585260802256491797e-01 9.059091591839085744e-01 6.018883791257653160e-01 3.125374259435025337e-01 3.601066337605818291e-03 2.888206550670587847e-01 9.527022947565411126e-02 1.186949219107087394e-01 7.238498431022962754e-01 3.006383220241184429e-01 6.022951418231792253e-02
6.053958598250089862e-01 7.205319846469846468e-01 7.923841120104846425e-01 1.239337193940945880e-01 5.135628470023023695e-01 7.071164940193896964e-01 1.108427057311222041e-01 8.003373395399095980e-01 7.726569785470184248e-01 1.985940009929262340e-01 3.652606158273011827e-01 4.861769440004917175e-01 8.241699014702400516e-01 8.086935847261461641e-01
9.434933059938918065e-01 3.696045304292518985e-01 5.746471099322549847e-01 4.923372594867682084e-01 7.170301808384792475e-01 6.035168276386057018e-01 6.392944418582624522e-01 7.405150651496050784e-03 6.973262721032758016e-01 5.194441242636398393e-01 4.315734269850555194e-01 7.573222190779470564e-01 6.996831536497398751e-01 5.607928298397868438e-01
7.435763475176713211e-01 1.570782110046142765e-02 1.116557804319787683e-01 6.043310604982082834e-01 8.198727563390081352e-01 8.546058265985004843e-01 8.228293379085012127e-01 3.399483073689265611e-01 2.080954851069871658e-01 8.861357128482685308e-01 7.364860220454803041e-01 6.976393727460061811e-03 6.830361477338521281e-01 3.880361619371093251e-01
6.695385708080479059e-01 8.633677056446324993e-01 2.889812095387005453e-01 9.531892274332238735e-01 3.723856002555151479e-01 3.907934541217427116e-01 3.769076351525113555e-02 6.288134548494259679e-01 8.290607165815572221e-01 3.012263572364046738e-01 7.708383043340688578e-01 7.185333221380710844e-01 1.590277057675193451e-02 8.571376640661112489e-01
6.295903118504885265e-01 6.163916541299507834e-01 4.219143771474481719e-01 2.206822193884462324e-01 7.578731372560154611e-02 1.275967270951829935e-01 7.389264797823583697e-01 5.923732644027269734e-01 4.908875116359912028e-02 1.695675051083722629e-01 2.220622718611920954e-01 7.435690810082169477e-01 9.883919485189208709e-01 3.227347924614006880e-01
9.097513894902498066e-02 6.407351463164550065e-01 6.773425824846397436e-01 6.572501959865739707e-01 4.984670528947412471e-01 8.005582832554999362e-01 5.330042736271867199e-01 2.846418337055112158e-02 3.484872090952765289e-01 8.273342046669266425e-01 1.032021515822878488e-02 2.492964531328040190e-01 8.932983851913273154e-01 7.269849581137440842e-01
6.035869106960055630e-01 5.628009150267870853e-01 7.013140351773404779e-01 1.048913656385910276e-01 1.256504326402341221e-03 8.858160559151301294e-01 5.899220272772998097e-01 5.949725490039401432e-01 4.177528248338027161e-01 7.106038288432744432e-01 7.538320742614768033e-01 8.411020061707612516e-01 4.292174079684718535e-02 8.311913353082512890e-01
5.320236347876465821e-01 9.089409061637552245e-01 1.306650678744740723e-01 3.513600889938894856e-02 5.340718554172634303e-01 5.102563828763194698e-01 2.371349740213101187e-01 1.557515906261953686e-01 2.786772665596807252e-01 5.108909595288313454e-04 4.061877694214441892e-01 8.425792961348405052e-01 7.652697407572631727e-01 9.801900135847496642e-02
6.333487309859555658e-01 4.457179557153304605e-01 7.306397752193495299e-01 8.172304199483282350e-01 5.903066930934735002e-01 7.735345623524642056e-01 3.490992746024967897e-01 5.318788520762512961e-01 7.191533855265189734e-01 9.316125205431258216e-02 6.930355646775254730e-01 7.473947878417332991e-01 2.800796539665652007e-01 5.023017080695740821e-01
6.020422009978809719e-02 6.101295326549019959e-01 1.484335028721431859e-01 3.713097973995963530e-01 1.651657388071654520e-01 6.960921136033554335e-01 4.078107140844982048e-01 7.328386379264725248e-01 8.721292437312124779e-01 2.221170610321528960e-01 2.474550230698526754e-01 9.955952905252356544e-01 7.747754470127018456e-01 5.711013104752704628e-02
3.910059208065136405e-01 6.881521365274925195e-01 9.689776322807556186e-01 2.781748916703041807e-02 7.781921847178807639e-01 1.830982695886401723e-01 4.558151430737509280e-01 6.190397299342068616e-01 3.557896456418723208e-01 8.707542770951228750e-01 6.889780558794550425e-01 5.972033406103576247e-01 7.916278704862366178e-01 5.758462614622175124e-01
6.424255275962311718e-01 8.138263379681442977e-02 6.418654172660493984e-01 3.242327037014752777e-01 6.255153554921242254e-01 2.384653947656646400e-01 6.727792325542691909e-01 8.571150587558598044e-01 4.232884825297553721e-01 8.759898271677016846e-01 2.574266881407849539e-02 9.069992163507357708e-01 2.978602885588278459e-01 1.784628322452467275e-01
8.536152055521625259e-01 5.361607352343111810e-02 3.130218822842830706e-01 3.840218859624947578e-01 8.611925927849054530e-01 4.214943468061689291e-01 6.004042147977167732e-01 7.409639717333007525e-01 8.897592272320160589e-01 6.611160921995897777e-01 1.449520233897261257e-02 5.746011119208358497e-01 9.514677198155685467e-03 2.545864370957527933e-01
3.833225777082897023e-01 9.349116836280657594e-02 9.087901312956221389e-01 9.857831273650422554e-01 9.917159181954434688e-01 3.118336626927472599e-01 3.215116676335173507e-01 3.424780030461350711e-01 7.082442165099195330e-01 5.342893430043279546e-01 5.723478594952158272e-01 2.327844866267128054e-01 7.400487077896958921e-01 4.298530739881842866e-01
9.872047365851797096e-01 4.847921273083322102e-02 4.514528722438126973e-01 2.135657676079977252e-01 2.878849389426847427e-01 5.236666212643701357e-01 8.410941498023161156e-02 7.749110234654509322e-01 5.323072538862342329e-01 5.877683367107366941e-03 6.936089639047692268e-01 2.845287049597758910e-01 1.945049433857883869e-01 3.738083302857609924e-01
2.561284977165964039e-01 8.042074463300885601e-01 2.068605522115047890e-01 5.323213011293080887e-01 8.167324837233477242e-01 7.349256145707483423e-01 8.091003932966162049e-01 1.902989444047569201e-01 2.125429475387674572e-02 4.809770706416930386e-01 9.697046750545101901e-01 7.147979875141342587e-01 9.812719688554941699e-01 1.081243079479415892e-01
8.912114670021736851e-01 6.760625984569299529e-01 9.661616217068957901e-01 7.487521540139848719e-01 2.920692843991405940e-01 9.778664188967334248e-01 1.286659762045926358e-01 9.480870985131485407e-01 4.102940953224122334e-01 8.550817199085387621e-01 1.592969800768425648e-01 5.715195312633556401e-01 7.796798294778433114e-01 5.796529900471700802e-01
3.237664356038069124e-01 4.717444640869098427e-01 8.176623480667810639e-02 6.639066342174534396e-01 8.182384526193756669e-01 9.576494242491521147e-01 7.733512226218708374e-01 2.213925404416620113e-01 2.129453774340140937e-01 3.747590182169315831e-01 8.003720757342515091e-01 5.126700073270948899e-01 4.090371767836109562e-03 7.344283632933998884e-01
6.471408739665986953e-01 9.533914818879205555e-01 6.649003710498242459e-01 8.128451415486879217e-01 1.480056344800309009e-01 1.733364847888645421e-01 6.127120739214325651e-01 5.335770311042462577e-01 7.290405026822281975e-01 7.979518909631355683e-01 2.149712490676328747e-01 1.253828699358826571e-01 3.067738553303153148e-01 6.739357499319472700e-01
6.879259989950334830e-01 2.288472478021404966e-01 1.996033079924275366e-01 3.548730300918854219e-01 2.090832813373233456e-02 6.545433130231094188e-01 6.708765570530006439e-01 9.801426318849707497e-01 6.170929576479408096e-01 5.246777103292057376e-01 8.783293865753050156e-02 2.089024085929588326e-01 6.325209640353780527e-01 7.525875580150519495e-01
9.508846309050686951e-01 6.828826420381205464e-01 8.742047558774903582e-01 6.931463755616305011e-01 9.194690795575681808e-01 4.198926816404592310e-01 3.486641977808899728e-01 8.130811922142527903e-01 2.281257469729212062e-01 4.471269644401585364e-01 6.849960675267663390e-01 6.911096330435260171e-01 4.850064209852765762e-01 6.403902682900990406e-01
3.972528615008172892e-01 7.133438072227950011e-01 5.318316152208968361e-01 9.337905697465725963e-01 2.966813094347154900e-01 9.301756009089198196e-01 9.168402659434138346e-01 4.732548928736141081e-01 3.120946679562841553e-01 5.738954449395906598e-01 5.905485393129346061e-01 6.387234402077806017e-01 3.798921272860463771e-01 2.352791954141133512e-01
5.825530945567749530e-01 5.406665233804923698e-01 1.112737925229437819e-01 6.412427225658146046e-02 7.245966366637680567e-01 1.844054480189122325e-01 5.875407563586774184e-01 7.887551009774163013e-01 7.605691442257481727e-01 7.903620788032151845e-01 2.612932980489658386e-01 6.665408308188958131e-01 4.984925269545311677e-01 9.126714618685467517e-01
9.455693521275667646e-01 7.378349620190440827e-01 2.753463423098745366e-01 1.175352856504661148e-01 6.843254187539399291e-01 2.884131382484911299e-01 6.468289714255800460e-01 4.075791665345359638e-01 8.976426637040365586e-01 4.055349388700812963e-02 7.514133376370650819e-01 9.984151476070092235e-01 2.592613765688792649e-01 5.981820467850635925e-01
3.882858285204314752e-01 7.744435529997164558e-01 6.320761213796066702e-02 8.802560171200402017e-03 4.788414868761055043e-01 7.581969191030241140e-01 3.186178718125505238e-01 4.918637677042312362e-01 2.039295554372145824e-01 7.601108145573695074e-01 2.073338041779436702e-01 2.325667336758896475e-01 1.611157279815830234e-01 7.734252998270957358e-01
9.436771221399662402e-01 1.784847048656266200e-01 7.235860022031969097e-01 3.800993209080713031e-01 3.041327770565265265e-01 5.027276659275917714e-01 8.652276556990028400e-01 6.370408797794194777e-01 4.928916940606313801e-01 2.579220739440207799e-01 3.083931146628327014e-02 8.003069864239087394e-02 4.819479847869866385e-01 5.640105105608870240e-01
5.701296516234558576e-01 3.671349328763391373e-01 6.391632146835189987e-01 3.697656019844239861e-01 9.026021883509438570e-02 5.141683993925366680e-01 8.034588022943585095e-01 1.833112652529746978e-01 3.300911778467050528e-01 9.151073678842351899e-01 7.267956110155381344e-01 5.677433498909402187e-01 6.505151241315583199e-01 6.935541902577110340e-01
7.386543397947988865e-01 8.118734557593367818e-01 8.374688111510332211e-01 3.702800008009053956e-01 1.690152413182818281e-01 4.197542989455357310e-01 2.691160885926551227e-01 1.479448025915389708e-01 3.632448511585597561e-01 3.518471092909450926e-01 4.241728647730454993e-01 2.102899547528078728e-01 2.714962458298537662e-01 2.012178295001304518e-01
2.733113030070757343e-01 8.048375649384850172e-01 3.685355813353411447e-01 9.981696606391858850e-01 5.101550682048535679e-01 5.265051474642014062e-01 1.555258721708319136e-01 6.905445161337693261e-01 8.398913361844236869e-01 5.973051405473617237e-02 8.348799852818948874e-01 9.087449990594981264e-01 8.478635039931168293e-01 3.507861047597347071e-01
9.855307448007096793e-01 8.835236033224532770e-01 9.576744909151491125e-02 6.661001006686040338e-01 5.203400420193361464e-01 4.589872187674689519e-01 6.594398392129213748e-01 7.404577348624618027e-01 8.663321576800079304e-01 5.513907781260558583e-01 1.057957843274148768e-02 8.743752161042398496e-01 5.901363497719697149e-01 9.230780647881693390e-01
2.889521947650229849e-01 5.782767499524665844e-01 3.628696547736210976e-01 6.175563546662453662e-01 5.365059539030900826e-01 6.263080264118332519e-01 5.848595246108854173e-01 8.713254414598973208e-01 4.962366033146627942e-01 8.999838360552339100e-01 8.798998369823348709e-01 1.951445860355944806e-01 1.615719012461847015e-02 1.733295287374654325e-01
2.608151558054083718e-02 7.578819552803853776e-01 3.211856701312356677e-01 2.846349260093550271e-02 4.546180888785347207e-01 2.839246610095259582e-01 6.430052293365849936e-01 2.637797244133224250e-01 3.231005325249175497e-01 4.717363445959305013e-01 4.168174019870234392e-01 4.373580220565167487e-01 2.514550265695514319e-02 6.153863505195428241e-01
9.236199671351186247e-01 5.757068861724339293e-01 7.874108145364930866e-01 2.350497728520755114e-01 4.617471694357182521e-01 9.632804174230608085e-01 5.403689572451481071e-01 9.125353846936077318e-01 5.214118896126487268e-01 8.057633833729701545e-01 2.867483483139555700e-01 1.603831186475657145e-01 6.390779373562228693e-01 9.738055470528467206e-01
7.108126194371536810e-01 9.994807301573315206e-01 2.253613134177915311e-01 3.225720559141800337e-01 2.938219903368315400e-01 6.136136083109097195e-01 4.487826997937306439e-01 4.099747421427688554e-01 9.953416994700358122e-01 4.685264917823235287e-01 1.160024306410822881e-02 4.081578179655960259e-01 4.593358244474755603e-01 3.599116281701787434e-01
6.302424339903887063e-01 7.130988299882313752e-01 7.558510264581937976e-01 8.015635421848692488e-01 7.713427196086427573e-01 2.285358161868846771e-01 3.636284080098639571e-02 2.398805069275692370e-01 3.079167798064590400e-01 6.421574353334722485e-01 4.097045181649598966e-01 1.861536722854058024e-01 9.496079854404146925e-01 9.875286164403079825e-01
1.060290276680423416e-01 7.506166324826371028e-01 1.869202045717361926e-01 9.990308423053494424e-01 6.699939765587947793e-01 1.414144302120248220e-01 3.540128801649043977e-01 5.569384063796977147e-01 2.796277788131512620e-01 6.521253754678912884e-02 8.316947712532093417e-01 6.871408344515518296e-01 3.248643143404875699e-01 9.637852347753057547e-01
7.587771627266454155e-01 8.210004317005107355e-01 5.552912806042054061e-02 3.417810886548751093e-01 6.974214373223042163e-01 5.369192253032532003e-01 4.039136804842793360e-01 4.271390989484545875e-01 8.764298704313323585e-01 6.513926184242287976e-01 8.594740706178070067e-01 6.670967926148307914e-01 1.803403791470512552e-01 3.359740765547284402e-01
1.938818268308971637e-01 7.521250949552755749e-01 1.961072891694422005e-01 8.344115343980625932e-01 9.516670108660404415e-01 8.630967047573460116e-01 5.178983680161015624e-01 9.270207469312274906e-01 7.670359794178376323e-01 1.373709570604877417e-01 3.762230779734254682e-01 8.820889622108737393e-01 6.582708587127757971e-01 2.611963601400048018e-01
8.233623533339873291e-01 5.645156826086490387e-01 6.676202278038099180e-01 4.891325442774712151e-01 1.323331329730619288e-01 8.078758269641775902e-01 8.076699642783635724e-01 3.053333248893005392e-01 6.775989790371395038e-02 2.330090865811423884e-01 9.419013944570093777e-01 5.172272097592541806e-01 9.957183912911632406e-01 5.294288809271405771e-01
5.230458230786552143e-01 2.202631610042214971e-01 5.511072794521734153e-01 1.726231479975126604e-01 5.264103970074892613e-01 6.719828582357316726e-01 1.561173015204544434e-01 8.182001202498766501e-01 6.539850645617336644e-01 1.764161681684106586e-02 1.923779109301760881e-01 3.708246717156945538e-01 5.198885239474019260e-01 4.110898315005226955e-01
7.922324945364761506e-01 7.036770341137580376e-01 9.115766392859494527e-01 9.177876468620806971e-01 7.928901756613235818e-01 1.878859607962863887e-01 3.634466025983830173e-01 4.314718720716838041e-01 1.556124160540566237e-01 1.223960658769648324e-01 2.817355923727259404e-01 4.871724187395463090e-01 6.183264338681071504e-02 7.960580733818816146e-01
8.995118196428685264e-01 2.198611588445871234e-01 1.431410718782106795e-01 2.345787802122607513e-01 3.993002166527446217e-01 6.924358903393387221e-01 5.778461302895953056e-01 9.105929753694244067e-01 5.953474038589876560e-01 6.524351563171069124e-01 4.247837965228651314e-02 4.386211508930086822e-01 7.871013173346783631e-01 9.272328677409934494e-01
7.923426709197491924e-01 5.548973410036309728e-01 1.965186398216758334e-01 1.172766381806488178e-01 2.680073973922247887e-02 2.796522206223005513e-01 2.880054303800212434e-01 4.735073521382769934e-01 6.089478692145111616e-01 7.518272964041999851e-01 2.832672156677381592e-01 5.229592578037234318e-03 1.456793697642727592e-01 9.299135803741880313e-01
2.671534367229607687e-01 3.179078087556426180e-01 8.166204554919862524e-01 5.606696327630676935e-01 2.356137006637271103e-02 2.568491513666781856e-03 7.067384385587137663e-01 3.487618705253203721e-02 1.064438094740626228e-01 8.140692054489707674e-01 5.249836155137496130e-01 1.792013722527601161e-01 7.351577634082862023e-01 9.802665623305812925e-01
8.708207983454782086e-01 5.045353274951533962e-01 6.559908093140314200e-01 2.247277384136471268e-01 1.169724278424736363e-01 5.766696229613303970e-01 4.157553326919422032e-01 1.095032817398150504e-01 7.331070736090873341e-01 3.847045319442398137e-01 7.894291945674097866e-01 5.890297233470611626e-01 5.299249729367926376e-01 7.966060921962688779e-01
3.610467643274113403e-01 6.262498302735157729e-01 1.549354686850390461e-01 7.534153717350612345e-01 2.287247557536629117e-01 9.393028827819288606e-01 3.507768609802210946e-01 4.556861713000678327e-01 6.150748506065566445e-01 4.450565476126824294e-01 5.979204050816774307e-01 7.215833747680225896e-01 5.862843655657505870e-01 3.070486081537108225e-01
1.019013660569026980e-01 1.369313220203194348e-02 2.358928503396415799e-01 9.722829332786113721e-01 4.601195663252219958e-01 9.148618095225504732e-01 2.815247762984817159e-01 6.493297698678202057e-01 7.167236643448019473e-01 3.541509308273778078e-01 4.146011603325724382e-01 8.240878320244425792e-01 6.795706084435618743e-01 8.813889724416226201e-01
7.405909588682024758e-02 5.378140310951402547e-01 3.206892512624016645e-01 8.996957449229429082e-01 9.934205648653621212e-01 1.619146360913711336e-01 5.525192058631367420e-02 5.213409524340371082e-01 4.953227312578234454e-01 4.036166941729958380e-01 9.077828603738818947e-01 3.802543616210271038e-01 3.160345262022108415e-01 6.391706739740583565e-01
9.914824946895350877e-02 9.285133856288546594e-01 7.229287334292622269e-03 3.971220722729588148e-01 8.564603289538671449e-01 1.209026438987740315e-01 5.543303890620749907e-01 9.009832113553652988e-01 5.402297921315781792e-01 1.550523936218120014e-01 4.703731558887203068e-02 1.811590432719391019e-01 6.448232459193770083e-02 7.785486670576571289e-01
8.172013742439021566e-01 8.091660427748077478e-01 5.695256831718922275e-01 6.983963015263932039e-01 9.733867062139256454e-01 2.626888515768310839e-02 2.772134804264564378e-01 5.946428378317281105e-01 2.966544757179434555e-02 6.587428615252231001e-01 5.862091647042032561e-01 9.368146955619321981e-01 3.742275153032421642e-01 2.388162527396345824e-01
2.459415777160804950e-01 2.054840925166309118e-01 8.343780791063012403e-01 7.369271592175914432e-01 1.813161327287636793e-01 1.289607585359529018e-01 7.442621902433621539e-01 5.745101725075111299e-01 5.183464550156192674e-01 9.279811829214408281e-01 6.105760547687961726e-01 5.327113222442420026e-01 8.038992620984644066e-01 3.526496168731704239e-01
6.927128673320740448e-01 1.214724466789810498e-01 2.021506718472176889e-02 3.274834389759948561e-01 8.645579585671979705e-01 8.960651054960141471e-01 5.043528498249606473e-01 4.196346289676746721e-01 4.158613357877254391e-01 3.476236386815760859e-01 1.113067581568949471e-01 9.169948172437456524e-01 9.338144561708380254e-01 9.790890794972304523e-01
2.424441460567536843e-01 6.339246913514287041e-01 6.385255765100010805e-01 3.124649440779766474e-01 8.679812422229643554e-01 3.495566465850074023e-01 8.537444054262368631e-01 1.773226626918210647e-01 4.431343751448608703e-01 8.495672100457785092e-02 8.302355881030820672e-01 2.132076922722205836e-01 9.162669200099115008e-01 2.971173575708903059e-01
4.476149320507823992e-01 7.569535713526476250e-01 7.036517836404423409e-01 9.398797646000079942e-01 2.492168801332041994e-01 2.542856306359408958e-01 5.906763693127207171e-01 9.984134043607379994e-01 1.210835178565312642e-01 5.217225809592095365e-01 5.797705691692855989e-02 2.206513652407782189e-02 3.901012797601505211e-01 9.266567025370638921e-01
3.297956057177109379e-01 6.574075719792202843e-01 1.441687439898428069e-01 2.895634000729717661e-01 2.524048904634945689e-02 9.248713149924122634e-01 8.321201128867256047e-01 7.710988796369766529e-02 1.376866946915934475e-01 3.108282045999233301e-01 1.656740912545812128e-01 4.603397813910992120e-01 5.321445721137494367e-01 8.545787789371910304e-01
7.686960450334741068e-01 3.793112484879680446e-01 8.410454389688303278e-01 9.487096793732497924e-01 5.901417330380832604e-01 1.295157192446440009e-01 8.394903965851586713e-01 8.847074058817370190e-01 3.664016535278898923e-01 4.019709428211213353e-01 1.120882765413244719e-02 6.288626464935764826e-01 3.058700046984057508e-01 3.791346818710669142e-01
1.171032727729348633e-02 5.832192616918506767e-01 2.272580764545573118e-01 5.008571048038532592e-01 1.665625392120011483e-01 3.239456224721291022e-01 2.094931453353165995e-02 3.901377564293628808e-01 4.932082731801002984e-01 2.925689969553525449e-01 4.477291929628304246e-01 5.818879607239779705e-01 8.411466097150706034e-01 1.604312047547455933e-01
7.843246904264333796e-02 2.048700082647376686e-01 4.711097524736576059e-01 6.010676252982054546e-01 3.974166946530464095e-01 4.237378755800018659e-01 7.305348122303032543e-01 1.825069487347902308e-01 2.854044704370108931e-01 2.345772510939531097e-01 3.417355499342712433e-01 9.590363637011893871e-01 6.476513458072591378e-01 3.471258596835207211e-01
1.983687530643486463e-01 6.521474456358112848e-01 6.860147202567120628e-01 4.315147851870894113e-01 5.173900345080817420e-02 6.163188400461933059e-01 9.182748731325505176e-01 4.416228703334033057e-01 1.133435052656082132e-01 7.108320770226960184e-01 7.546271477531263372e-02 4.244781871397163009e-01 3.662218457477264266e-01 9.196436335988844579e-01
4.225321817519384071e-01 4.295765286025096108e-01 2.084411059550804746e-01 9.579246748235838993e-01 4.304207075782584546e-01 5.637973278268528787e-01 8.028783955053132582e-01 2.730274802500198827e-01 6.250291044423528231e-02 1.153049433553168246e-01 2.851814963144929660e-01 7.421509741402368965e-01 7.995228902544300187e-01 2.874331733041927128e-01
4.811061932347604486e-02 6.945144783401957511e-02 9.491407207616099351e-01 6.279700443734149706e-01 8.183314780333112992e-01 5.043941209113729229e-01 8.088287140148111565e-01 4.777435854979387164e-01 7.930658527925058543e-01 3.791033127329069830e-01 1.615709032008981749e-01 5.916847511208365162e-01 8.795854909494978946e-01 4.383423687984147055e-01
1.931572242882562129e-02 2.069908504911610603e-01 9.548846124433334470e-01 1.151462330665005140e-01 9.269856632696047427e-01 9.202227522014021499e-01 2.877835224565324923e-01 8.359042496521964516e-01 8.800962861388063052e-01 1.396161800443185275e-01 2.683785187127399885e-01 4.453427592906055166e-01 7.345770519020748957e-01 5.689902996754419018e-01
7.208932431567193211e-01 8.090602799105028886e-01 6.722847728147293145e-01 7.042023945005734253e-01 8.661432245818468934e-01 3.264723856805626934e-01 1.728043189567457505e-01 2.810852777479078135e-01 7.887073255385997905e-01 4.519945108274582291e-01 3.024394315097300723e-01 3.902579862094168739e-01 5.128845489536221214e-01 1.464109282803123246e-01
6.115320497038222447e-01 3.463810752401347282e-01 9.385160161646611821e-01 6.728079939135406251e-01 2.139223689457718791e-01 5.313257376402951149e-01 4.404923314755003760e-01 6.831840301845593100e-01 5.790998936534373920e-01 5.670484505601238734e-01 2.679182603315586331e-01 9.927313314762842289e-02 6.775441064611590347e-01 3.738552278256875860e-01
4.518086141122297228e-01 4.149056043011120076e-01 2.710273106473622962e-01 1.797182593534298878e-01 7.645105496199323669e-01 7.492289893174697291e-02 9.149832365873213913e-01 9.197456128798846553e-01 5.451331015407879788e-01 6.922329344126788575e-01 3.701553255842160439e-01 7.560947312367436446e-01 7.474631974843579663e-01 9.811899183281694858e-01
6.608476285938006400e-01 4.244712291225468670e-01 1.947621221507397360e-01 5.598250422557325967e-01 9.143254195201677703e-02 5.459774486604760391e-01 6.025415962258011682e-01 3.419555868877998117e-01 7.288213298946943919e-01 3.488233950937681405e-01 1.841889151488925735e-01 8.600965682521811706e-01 2.968294027732690799e-01 1.112355901553621074e-01
9.302076341301968032e-02 6.626199743634808570e-02 2.296521335657525364e-01 6.500243099472019503e-01 7.047372635346998981e-01 6.718062437299268108e-01 3.616358981317274734e-01 5.852639715706275947e-01 5.331988945737657914e-01 5.954239716050995224e-01 8.406264892316295256e-01 9.994747529966901967e-01 4.699444610921351684e-01 7.107297418968228087e-02
3.755231731545100038e-01 2.321212354999568905e-01 8.673796981794649197e-01 9.165631692933815522e-01 8.604041918257218091e-01 9.884514441763500026e-01 9.503276325652690870e-01 9.441002951276227240e-01 8.683458005793370793e-01 2.187181188220127526e-01 4.205286670016232797e-01 4.912271929703451168e-01 7.244890680048854392e-02 2.866925267300924896e-01
6.559660999036961426e-01 3.664837210383670163e-01 6.631721319150019056e-03 3.214252366923648907e-01 1.026006393460658916e-01 4.923158571986774312e-01 9.033599142057775477e-01 3.885705247368345105e-01 2.124020421719996499e-03 1.168641554006418781e-01 7.409606023072802250e-01 2.526326072659215161e-01 3.520799227339636017e-01 9.377315915422126391e-01
1.382977701104911583e-01 2.504027883315415037e-01 1.006132824061791720e-01 5.236354139928913742e-01 7.998198014822903712e-01 7.586507218053866186e-01 8.736900923511564665e-01 5.344601152191448268e-01 2.836503719299446891e-01 5.153601886071688121e-01 4.321737798248326268e-01 1.553601291365701575e-01 6.708267894316111146e-02 6.135265813767019072e-01
9.893441767318398306e-01 4.988243205134309521e-01 9.168032672493985347e-01 6.992728961669776311e-01 7.606085010554541892e-01 3.701569085739973008e-01 8.383270984875156318e-01 2.203020630880552222e-01 4.952741467450727519e-01 1.652448581980493492e-01 1.793606846191083681e-01 5.765690012000074249e-01 7.230142027442372221e-01 6.201886556488072078e-01
