8.994197615796484246e-01 9.749417007685128311e-01 3.781608039561754619e-01 6.813004395449726580e-01 9.517637807231930092e-01 2.548529368482698176e-01 9.971305333327741272e-01 5.539774398587316018e-02 9.754925793722605265e-01 8.493945973885785872e-02 3.788519409153651152e-01 1.084381283747027913e-01 7.567268523817120007e-01 3.994873230941342612e-01
2.473311569570949553e-01 6.907919445320653828e-02 1.120981684536059841e-02 2.657601650324382669e-01 7.560031291911528673e-02 6.253142986424420346e-01 3.452895976363223873e-02 1.961458346888549364e-01 9.977610034509629688e-01 5.911273285515128428e-01 6.182473123050763464e-01 2.103426900570133373e-01 1.583215266736525129e-01 6.532526719100987256e-01
5.605262485465790645e-01 8.665888360173831240e-01 6.695659667684783489e-01 7.312756628622962829e-02 6.434699115248778689e-01 3.239410171612066014e-01 2.137128599286275410e-03 6.659248658593875936e-01 7.690404579471926683e-01 3.652108086890986094e-01 5.154399044397895979e-01 6.833560530077922301e-01 8.755430145895959360e-02 8.922076399418051862e-01
4.677085100577105248e-02 9.426142895149224321e-01 6.892240392608048882e-01 8.884511980917009222e-02 6.347287543427848622e-01 7.631509810276237982e-02 5.231545448466697890e-01 7.500020538137218695e-01 5.573520605485040580e-01 7.477686952342117443e-01 5.894013931426705932e-01 2.916703502897383116e-01 8.661330001056830596e-01 7.079322119173759864e-01
9.656237150322530827e-01 1.214420475979083314e-03 7.858238696275874346e-01 1.214083120822868622e-01 2.765748188514001171e-01 8.498271707766900107e-01 5.496467171452864564e-01 2.031856853349081060e-01 5.725382964281867659e-01 6.890312554575338533e-01 6.547730942623494199e-01 8.833212186726109305e-01 8.540758000495984881e-01 1.358822918193949292e-01
5.325391366413473326e-01 5.586283931645473766e-01 7.709057979772910851e-01 3.108168338765378014e-01 5.000200955020431826e-01 3.126197155563569252e-01 5.284373447164394388e-01 8.913104955751023351e-01 7.296412634560357491e-01 9.681630964785491456e-01 7.904843122919845699e-01 5.661006990854126064e-01 6.654836411743648705e-01 9.058095198758427946e-01
7.986810468227185655e-01 5.183606421861454150e-01 3.510474971112016451e-01 8.010618637153100741e-01 7.701914648396362972e-01 5.651429280377425757e-01 1.266182503669610604e-03 9.079699088406508745e-01 4.244366991257917388e-01 7.100517825781038628e-02 3.217644217714373811e-01 7.201546550567560212e-01 9.169495549037279813e-01 5.095025684355808382e-01
6.970634793228898118e-01 3.017714256509161919e-01 2.416255572819938635e-01 6.038014103429576451e-01 5.857035312435333596e-01 7.023216570449581919e-01 4.581868328004179425e-02 8.368526648848563232e-01 2.877869086773343632e-03 6.309828238919457100e-03 7.968851615671757038e-02 6.755101180612999023e-02 2.909626686260753381e-01 6.204945480227661569e-01
2.228194733235743241e-01 7.983259946642193849e-01 2.161969531895620023e-01 2.131018581600863104e-01 5.895161384043099417e-01 7.081938197981541006e-01 9.225513634081448089e-01 6.484010339782926291e-01 9.488810930687160416e-01 9.241250798407625311e-01 7.856594739650168968e-03 6.972150158064568393e-01 2.302107094955017086e-01 6.117928034343921295e-01
4.800367045436612079e-01 1.090787788110780809e-02 9.628644267506129006e-01 4.984250290167525632e-01 5.167390295444159731e-01 9.999675359094054583e-01 5.380843589144712613e-02 9.330263109484460138e-02 6.101041169950064402e-01 6.303472731322949940e-01 1.957789663250469880e-01 5.468371076181690604e-01 8.466294370138672809e-01 2.534938840363997192e-01
6.943201161661147758e-01 7.099381368922021984e-01 1.668391517652345613e-01 5.831526875937438348e-01 5.189345318618129310e-01 7.511502682657598129e-01 1.046207490556324560e-01 9.921432873575890543e-01 8.064335730517535605e-01 7.073665040514425240e-01 7.182878198084505783e-01 1.237987773832357474e-01 4.531203165379402709e-01 8.105270817649509185e-01
9.353890691336892438e-01 5.629737014644520254e-02 9.951078657586125420e-01 2.410325074757779795e-01 5.665005679108433556e-01 9.328437266038807074e-01 2.768199188451614390e-03 1.233789462349986765e-01 2.531498850989521987e-02 5.951089790459496154e-02 1.597203739873017669e-01 1.532328754153544637e-02 3.046343920974452502e-01 3.745894714350722632e-01
3.605324801629407050e-01 7.214811849939781752e-01 5.767170150729923339e-01 9.800374577662031017e-01 7.340240302624834179e-01 6.925582217027750342e-01 6.311969392314675797e-01 2.846497816736465181e-01 7.827287632224788627e-02 2.607322028251560786e-01 9.640561663686312288e-01 3.123905093565613189e-01 1.178843779781851842e-01 6.759238873200765774e-01
5.243188877280278160e-01 2.571041068315259581e-01 4.083326075258126853e-01 9.591070875287545094e-01 6.054345342139236807e-01 1.133940785188392031e-02 3.810846175786360979e-01 5.611090498506003943e-01 9.407047096967088295e-01 5.000193815037659029e-01 4.225210601212175954e-01 3.941703129082338997e-01 4.471628345371790880e-01 1.380755629971327503e-01
8.717442556354323413e-01 9.534530238861610441e-01 6.134028345333005783e-01 5.363485222884926129e-01 3.146856095644567919e-01 8.866345947397645810e-01 8.642736810588240726e-01 3.685612387412208202e-01 4.485741406402512510e-01 3.729588728119607177e-01 6.221431276171662805e-02 5.444748273110837644e-01 1.275466357868096923e-01 3.534141753669766128e-01
5.576113111179675785e-01 4.996642623979731246e-01 9.539047153344120122e-01 8.456637116401558574e-01 3.156540367524252044e-01 8.605284753715025658e-03 6.606301346514674711e-01 3.022365630383040402e-01 3.849955369287705320e-01 1.420797313811632545e-01 8.818359130337438678e-01 8.164581510297599376e-01 5.365411346343803567e-01 5.022019696815887002e-01
5.991577827335524686e-01 6.362176888822570486e-01 6.739215548671286804e-01 5.994585072516083191e-01 8.662867647318092112e-01 6.527467628738587990e-01 1.460760682114001785e-01 9.218540047429217843e-01 4.999578789091592146e-01 1.563653956335941952e-01 4.222890100628716725e-01 6.597653985841964719e-01 5.850746051716014806e-01 9.212072391357963852e-01
1.943302532095206869e-01 7.864484959792830132e-01 7.713201212976162902e-01 7.680182010917200319e-01 3.374769102531149922e-02 1.227881910301545920e-01 2.573923542389194852e-01 4.040055088367489056e-02 1.051622736822150905e-01 7.945853861798178874e-01 5.411609545862716697e-01 7.200727369812688350e-01 6.287965131707200506e-01 4.613601844048000888e-01
4.685164100490900596e-01 9.748978903351898095e-01 5.823929639738862907e-01 1.522069681744323555e-01 5.386217960517846182e-01 8.282755632437769355e-01 5.451145678868857258e-01 4.229449811099270651e-01 4.700723776042322610e-01 9.915545749745149351e-01 2.169139469070494597e-01 6.553656656521368307e-01 6.568017868056975628e-01 7.301186621730053616e-01
6.531520021346597371e-01 5.774385714969125782e-01 1.550783063755412083e-01 1.255717054284026801e-01 9.158153616538889930e-01 3.154093778407012216e-01 7.603639175243853687e-01 7.722407845134546811e-01 8.034579961848763441e-01 9.803393252591989793e-01 9.500530708539756120e-02 7.728648282651973123e-02 6.160271757717861174e-01 8.857804690299776462e-01
1.970609032865949795e-01 7.847384405567259247e-02 6.773335984234587492e-01 2.820111291069240522e-01 9.474976942738816410e-01 8.227173752748794255e-01 4.622979773048341290e-01 9.712124777831000477e-01 3.824230518941403867e-01 4.298234497523308884e-01 7.955192799650261382e-01 4.708081775918874223e-01 2.011343876294648947e-01 7.521682272925104273e-01
6.950292226018144337e-01 8.317836183181901433e-01 2.256273995455818637e-01 9.086978579413304002e-01 1.261014270481638500e-01 8.007505460622681426e-01 8.025798130046795098e-01 5.607340814863842615e-01 5.269144129263154674e-01 3.658466595287753753e-01 8.359008198622002173e-01 2.008819876016645356e-01 7.267186839120698405e-02 4.840987370567330084e-01
7.173492851408507232e-01 7.487605213501747903e-01 7.505823167738870927e-01 3.049688925058263722e-01 3.273665481987766412e-01 6.651056273149280607e-01 1.613863238710675496e-01 3.359651121614500857e-01 1.396867397413611434e-01 4.501171037229390048e-02 9.610329580352375833e-01 5.394214121838806220e-01 6.048386588873790881e-01 8.071707597819318680e-01
8.141668057126562053e-01 4.289829320312357197e-01 6.133869730183940661e-01 8.989483228693007089e-01 1.779254227766645657e-01 2.758509733559609822e-01 6.178034758914369151e-01 9.451352995406174795e-01 6.540826600379137101e-01 5.409789018162802776e-02 4.817877861360463365e-01 7.964224008556481937e-01 8.145239605995682197e-01 9.966233697399250469e-01
8.322419901043417445e-01 6.271768597663858191e-01 6.548219071943078839e-01 9.337520802369515538e-01 4.849507423339267653e-01 7.016925598667665964e-01 4.394099191939329074e-01 3.721781674855501043e-01 4.896032613426438695e-01 1.301176334134979129e-01 5.518521394351313392e-01 3.229046173784100304e-01 8.063148803621442706e-01 9.879080324764764054e-01
6.702782366061574848e-01 7.898405673484427680e-01 7.145100738072083235e-01 2.139604532864347597e-01 8.606335116718629719e-01 8.274183310087530607e-01 8.733269805032314315e-01 9.421350754962560803e-01 5.996815142501745743e-01 5.525095995776718727e-02 8.237816120913243889e-02 3.193833564271419956e-01 8.318708235546701246e-02 2.774652202124254785e-01
9.854780765019821587e-01 5.294060059848534339e-01 5.485784694144083540e-01 6.083442034874748661e-01 9.746474333371811793e-01 9.965456155878371636e-01 3.424056521715036494e-01 4.419836354262207667e-01 2.909871072514298440e-01 3.355022310076372083e-01 7.939752516433721263e-01 7.956446866710896737e-01 1.899972926982000931e-01 9.590670910388917614e-01
1.941916457830361598e-02 9.623350660236168475e-01 5.781294637611856801e-01 8.523490809317180172e-01 7.298585502536867331e-01 2.147690272187453564e-01 7.739477427299631396e-01 6.014529372837239540e-01 4.392998166972145180e-01 8.645560595554777628e-01 4.779230127447421372e-01 1.771455219470560172e-01 9.306456864199081913e-01 2.807150613007181050e-02
5.594682981415977086e-02 5.891293489865049304e-01 2.086392104664118730e-01 5.583151380718727186e-01 8.628827892294895774e-01 3.264181483271655360e-02 7.947969489229806950e-01 1.251416248263733655e-01 4.928032601565049964e-01 6.151124932580731564e-01 6.734315611785260947e-01 4.436508370614811181e-02 2.452225768039407727e-01 7.730745938140020090e-01
5.576083047476625421e-01 9.198982229611426531e-01 8.347675771061114913e-01 7.717171858392004591e-01 1.173158444838352521e-01 6.045095079160891505e-01 1.800753252772012702e-01 8.241384686639601220e-01 2.396683134589678854e-01 1.661111912853757699e-01 1.247764236636743629e-01 7.699106315034350834e-01 3.335854610283319754e-01 5.629731313422028371e-01
2.261653342490046459e-01 2.397019573001855086e-01 3.062094278803336733e-01 4.829072146056394566e-01 3.038070788036415504e-01 3.217087187392168035e-01 7.567119865529433609e-01 8.548561204619365972e-01 1.884341436900321964e-01 7.284937388354152388e-01 8.627910211077508551e-01 3.583691758177520725e-03 9.655492954292060892e-01 4.774676363427192705e-01
4.155003804663638389e-01 9.922826967251235919e-01 1.923410812888048937e-01 6.111840193662529952e-01 5.792377102258805532e-01 4.680057849057865926e-01 7.027001558964165451e-01 3.257910970094558545e-01 2.382530874468227200e-01 4.353556576733386141e-02 5.339736757488930952e-01 9.597524300196318414e-01 8.400590636043148152e-01 7.347426459415213884e-01
8.348627988688706036e-01 4.383389345334280929e-01 2.842375615985728299e-01 4.695987382422387446e-01 1.247139873417908440e-01 5.884179691547002378e-01 8.964237123711906730e-01 8.642938585280955932e-01 6.568793166464426125e-02 1.192100677628236127e-01 8.363294729184922449e-02 9.824101394713847801e-01 8.926951818853819942e-01 5.391569843412411522e-01
3.689567147421923821e-01 2.737931796415523644e-01 8.371127883360086619e-01 1.584707248259200618e-01 3.934462019075362083e-01 2.561940290675235321e-02 8.936439939381222164e-01 5.511862063657780864e-01 7.078882523538629901e-01 8.608371665317056110e-01 9.648183516375774538e-02 6.751322957143238712e-01 2.676271586939009683e-01 4.311502738490167186e-01
4.342720935038922869e-01 7.089032030022219821e-01 5.278545341087494958e-01 6.973678928836182234e-01 3.091897021722170846e-01 6.789881964766585343e-01 8.758036846550756316e-01 2.790638720971206910e-01 4.884127062944736419e-01 7.028077781566701709e-01 3.591608410307477461e-01 6.930289395686978215e-01 4.933075390537237093e-01 1.497668786855460565e-01
4.078453824252525894e-02 8.433082548821830837e-01 5.451797919828252903e-01 1.402349781645211291e-01 4.724306967308674610e-01 1.841201737414543960e-01 5.537826124801421557e-01 5.906848268999578266e-01 5.563014401434567269e-01 5.311269609003856917e-01 5.572986729447456655e-01 7.390354974117151476e-01 5.539425699610535103e-01 6.404149715792871733e-01
5.681076208380899661e-01 6.212711908337527067e-01 9.904173119026691285e-01 3.714127366437078859e-01 9.829913420310272265e-01 7.303432808829521949e-01 9.353409536238824762e-01 6.064107707624637467e-01 5.878801289108770423e-01 1.313233833574877218e-01 5.073702979876935082e-01 7.974660703572956644e-01 1.468808169568447397e-01 2.993396184185881381e-02
3.808833189515334894e-01 8.352284983279005814e-01 2.652458404735713593e-01 6.979964559714505468e-01 7.499698968748046424e-01 8.791759303668261749e-01 2.621315276559577079e-01 1.909290077436959221e-01 9.271172772371691906e-01 9.484207714942265444e-01 6.242251531927611730e-02 3.196699595359276946e-01 9.179644250666318950e-01 4.494268219757184823e-01
5.449184234352799638e-01 4.906484722016258848e-01 2.322535327546177975e-01 9.292841704848842088e-02 7.135967545664522182e-01 5.407131642509422909e-01 9.804618483395097783e-01 2.191395534282690738e-01 5.215878359935953723e-01 6.828742522047540620e-01 5.498164684815421976e-01 7.982784428264075860e-01 4.162143065799545072e-01 2.551129250518179292e-01
5.523470695687002774e-01 5.937337758725422798e-01 1.883123172075594765e-01 5.184012018425491197e-01 4.591663634982111608e-01 9.760486649523663072e-01 5.300311445166144830e-01 7.346678714259352594e-01 5.840114462911102367e-01 8.097710365914623232e-01 9.685577218688160572e-01 7.169639461088069821e-01 3.492890440076606984e-01 5.326864399758223234e-01
7.467577367172228975e-01 5.106972206861222219e-01 8.933463013135874986e-01 5.092177666443543638e-01 9.211648895083941468e-01 8.003292171601759097e-01 4.802203365071781027e-01 2.077759358667503609e-01 3.165952988390631218e-01 5.626868145321359815e-01 1.275576692119574362e-01 8.338667362075832257e-01 1.739350434288866598e-01 9.725617787772786738e-01
2.555615739057776059e-01 4.580158824439541920e-01 9.366704428968226637e-01 3.181158505346648457e-02 5.135169891550791510e-01 5.520642644148671119e-01 1.881780586844810088e-01 6.057565381469869337e-01 8.719757048662870602e-01 7.200054169493095291e-01 6.961959661461233351e-01 1.768005020036390595e-01 3.597683494312413632e-01 2.371353628551553516e-01
4.071305440782624352e-02 1.516474392963075291e-01 8.825544471072944708e-01 2.063317687019756708e-01 4.184349484862193158e-01 3.291253080332312564e-02 5.332851696676317310e-01 5.214890754870533662e-01 4.787066516558882157e-01 6.722178500305198146e-01 7.691613329318495174e-01 5.953019638915370004e-01 2.620658617185602779e-01 8.225539256275193889e-02
1.724638526275943384e-01 2.557280751237130945e-01 6.171101583488548536e-01 9.524182326542687260e-01 1.504444961240506418e-01 3.905068972546869022e-01 3.732634723107424168e-01 4.841403562785900894e-01 4.813618142247296783e-01 4.944677042308748272e-01 1.794528847131763305e-01 9.184001167566706592e-01 3.947991373035009133e-01 2.961167263853746734e-01
3.246539344594912002e-01 5.936142524318952507e-01 7.236399290020295583e-01 3.393007099820058992e-01 5.886818227484290622e-01 4.925252912444038067e-01 8.726369409596728133e-01 7.845290045274913027e-01 5.426852561827510968e-02 5.224075594717814131e-01 6.335614656881400908e-01 6.549040437348928601e-01 6.397945272979012055e-01 4.246191959929161985e-01
7.584322921040494991e-01 8.568799779347096024e-01 7.952739225905365306e-01 1.041541357589870209e-01 6.853990945954655523e-01 6.037121767574670228e-01 9.096970170715790172e-01 5.259829378680518364e-01 5.981544741180991887e-01 7.923306634664954995e-01 7.271741938061454524e-01 3.641710291081334816e-01 8.724992833669722447e-01 6.095484826971186987e-02
4.861832646633116317e-01 7.359458556840737797e-01 1.715298838021648287e-01 3.447643338869392782e-01 6.789428829511194863e-01 7.502320884196926887e-01 4.108604294317874661e-01 1.682073304335388597e-01 8.771977254890663822e-01 5.374583808203544644e-01 9.462928965406722792e-01 4.870903413372612567e-01 3.159184572448280326e-01 9.734506013274195624e-01
2.413307357907119588e-01 2.322560244761292525e-01 4.950534543895240835e-01 8.715018164563453906e-01 9.134901398504976511e-01 1.479182712199704763e-01 7.823162650729350576e-01 1.628658192863324805e-01 1.334515194659657844e-03 2.180891581629212927e-01 1.859035944241409499e-01 2.005320136597522618e-01 8.747411505051301273e-01 9.458081103318939364e-01
3.953125740028974322e-01 5.423608762148127704e-01 6.444193945285580094e-01 9.213958654644456292e-01 5.601864632864246296e-01 5.376524704293247359e-01 6.297252908125683390e-01 1.266460209468946996e-01 5.955299056427956206e-01 1.675998898103369106e-01 6.325797202610017322e-01 7.282473540269667200e-01 7.393285729226800607e-01 4.851839439123674103e-01
4.510711878797833974e-01 3.878549737636476369e-01 7.924457289368758151e-02 2.836280449067474230e-03 6.318990361408182155e-01 2.844290969764783350e-01 7.257446930876799707e-01 6.768968603950400453e-01 6.635406662701541780e-01 7.691624736056432710e-01 9.315370838205236925e-01 9.928695426880744801e-01 2.608382110244198415e-01 6.575815816004361158e-01
6.337791654805174923e-01 2.145447288791701990e-02 9.177226301443904832e-01 1.021034847598180084e-01 4.995140624406371188e-01 7.404461785189331291e-01 5.367311676160450018e-01 1.551259316547507483e-01 6.087508999517377006e-02 9.302514806751827070e-01 6.022468538731033938e-01 6.208909260446038303e-02 4.218487718988381818e-01 6.711445765043764222e-01
1.235978810680590234e-01 9.384937922747755845e-01 3.869456594925990700e-04 3.835754177736494519e-02 5.721601804791541790e-01 1.561178751775413875e-01 7.661652288378424380e-01 9.210693121475298506e-01 5.406593576208217344e-01 1.576430692551016310e-01 9.505253904108738050e-01 6.164127919154143154e-01 8.755415517281416315e-01 8.551639258174823510e-01
9.929364361528770777e-01 4.756770172192130719e-01 3.071886219650855621e-01 7.353262749597527792e-01 8.295805490853535025e-01 4.815171038245630308e-01 8.756748556676146045e-01 8.760586420958546006e-01 5.584197655861360410e-01 6.772672832899574447e-01 7.159711447105021609e-02 3.697175232853775473e-01 8.514148916274605350e-01 5.188839377036269518e-01
1.442015942591706734e-01 1.620636515895381713e-01 1.088914373762656096e-01 7.715583277795773354e-01 7.376883797346850402e-01 4.351196127476593123e-01 1.596160240186701440e-01 5.628260785985850223e-02 7.389501007636235519e-01 8.229770714065626214e-01 1.837810584006270842e-01 2.928793052760854110e-01 6.072916484564694350e-02 7.794389985477321314e-01
4.791154507591131040e-01 2.535383750222032218e-01 6.852921430227544297e-01 9.702300100536265237e-01 1.393633980697100982e-01 5.304370529325842520e-01 5.733061520866612470e-01 4.415180847271804598e-02 5.063951366030241541e-01 8.925535279387682985e-01 9.080046777536072700e-01 5.734283562400188661e-01 1.609150666519846284e-01 6.586992407002189021e-01
2.527740469577410831e-02 6.837803521572257681e-01 4.742756135481712709e-01 1.992240593181769936e-01 4.529893617725729849e-01 6.304739708663779085e-01 9.220896456208184100e-01 1.719074139784092514e-01 5.452569522378249989e-01 9.174734570731535310e-01 5.683357312136330108e-01 2.033109619738784346e-01 7.226922239590227726e-02 5.479159689802483024e-01
6.180277078031675142e-01 9.776217324562417321e-01 2.498515350377200628e-01 4.719300428816669557e-01 8.221902180195697074e-01 9.990497461688910841e-01 9.607662131261806016e-01 4.941056634301851380e-01 6.328585034420904920e-01 4.446036060806751733e-01 8.154732941765198140e-01 7.747717509586362628e-01 7.207637061974934145e-01 6.646948446941403077e-01
8.522711441187067472e-01 3.939168756227003909e-01 4.482826886694438739e-01 6.950694479356237521e-01 2.662616994573733242e-01 2.402710408668742303e-01 5.984301928456656761e-01 2.721101678142512359e-02 1.122707547487865609e-01 2.508950178288131827e-01 2.098076760422324938e-01 2.357765901252601992e-01 8.177410020065056795e-02 4.695386704038693182e-01
6.936851446101359731e-01 8.933593452186988637e-01 2.119436482519064802e-01 4.582404270745631392e-01 5.486742011570223676e-01 8.243477272742472106e-02 4.635811915649976633e-01 2.840610223375310550e-01 4.468327407077323787e-01 5.523910728335299503e-01 1.293975633062792729e-01 8.556159523812626455e-01 2.385493878147681990e-02 6.235481897798467177e-02
2.722935060479615421e-01 8.252506453899494110e-01 4.674327543954975850e-01 2.488420304929284121e-02 4.346434924876031447e-01 9.937645581119975979e-01 8.758692040405433588e-01 4.390212493692822182e-01 7.244690683482815086e-01 2.680701155061738783e-01 1.658253052612111977e-01 7.487887734075815427e-01 6.746277744864315196e-01 8.547018362743633579e-01
4.054905154204624385e-01 4.300537285178458458e-01 3.660359286217012009e-01 3.154706235751729704e-01 1.899062100679603793e-01 9.515042682502899973e-01 1.589039216709089430e-01 9.996814544412468972e-01 8.473479139849099395e-01 2.701541297607936709e-01 2.986042462721095747e-01 4.757182326656390625e-01 8.863187213471720449e-01 3.195143398651256739e-01
6.551420053927319298e-01 8.529094283872973303e-02 8.216609937712178180e-01 4.137682119175724038e-01 1.041723114407530071e-01 5.126006271240424184e-02 6.467228718507240792e-01 7.812839519878803651e-01 5.866715208713726426e-01 6.154053690304887025e-01 4.576843333216132903e-01 1.193800804974319840e-01 5.303865916155715565e-01 7.596941872767728476e-01
8.558163889734421437e-01 9.039405268887756861e-01 1.019062099613504691e-01 5.889975895923342808e-01 4.542790005549667276e-01 2.273914064159736625e-01 7.288466321122786251e-01 9.664123546927412267e-01 7.261064783593769167e-01 2.811590937361745368e-01 2.923688105569370865e-01 7.674034286334925348e-01 9.009315938701643045e-01 7.938381333564556996e-01
4.505866157874871547e-02 6.768814153997432248e-01 4.632429594005674778e-01 2.154868455961140850e-01 6.400269243178836609e-01 8.674230008651413470e-01 3.407798134488282393e-01 1.713978456223750335e-01 8.083234388242575008e-01 3.056267261119371970e-01 6.011562929523006638e-01 5.327053631347032914e-01 8.091114598343888131e-01 7.322771926069415738e-01
8.485714119992271431e-02 5.319225757426827572e-01 5.276386698601666092e-01 6.085867842500636282e-01 4.827626207755398857e-01 8.900276505052329146e-01 5.865356547253939290e-01 3.976934986740322531e-01 4.894225403262316698e-01 2.579675836129383670e-01 7.376497156493544427e-01 4.613271646653267499e-01 3.745486578492408514e-01 7.484621540198921341e-01
1.591606529982546592e-01 9.005148403699261284e-01 9.933726684501364979e-02 3.096790488244923756e-01 1.330617855498036350e-01 4.982360781327275223e-01 8.038842399027522623e-01 7.297284118266749164e-01 6.854677891786441490e-01 2.842566539628321731e-02 8.617265066814459029e-01 8.696569748413102152e-01 8.977040926960891953e-01 2.283588983131495942e-01
9.052730319704255235e-01 6.195503186092969905e-01 1.019463191812770564e-01 1.052027970080141595e-01 7.844958420667765830e-01 3.624809647814669633e-01 1.910568227839883892e-01 5.989732214061411764e-01 1.500189707162472574e-01 9.997082892197469706e-01 7.654408404573823654e-01 7.729517985958562765e-01 8.388962786254201554e-01 3.809445984404361552e-01
6.512998448690481279e-01 8.334864691992374119e-01 3.292235085131840489e-01 9.000051654039917803e-01 4.565458411534787375e-01 4.496753917093975206e-01 8.830006921622912675e-01 7.084281096782354403e-01 1.594607304607845721e-01 3.806099994020208932e-01 8.287258390391067930e-01 3.720167722975652458e-01 1.500591016831988034e-01 6.768791041029561528e-01
5.432802415750901392e-01 5.581409822016991651e-01 5.586565896702269107e-01 1.805330719809217221e-02 3.139035426799874351e-02 6.447925824018772012e-01 3.230827272200654798e-01 8.511443616445646398e-01 5.619339971747121520e-01 1.730501434396006788e-01 2.407620443864357807e-01 7.331495751652915560e-01 1.427168229532170818e-01 5.609444096389952783e-01
9.835731411101891197e-01 4.589512785246881998e-01 9.852380654929454584e-01 8.370643676748303896e-01 3.995190103948141891e-01 5.805447110818096057e-03 3.468264966071172850e-01 1.021517183803679618e-01 1.429257922990729845e-01 1.556752198909022722e-01 3.164762418419608814e-01 6.705177456683458770e-01 7.731900142318139935e-01 2.738742337841760799e-01
7.467557661678317915e-01 9.681610424317366181e-01 1.547945308824808519e-01 8.987131956993623660e-01 4.426179351553179986e-01 7.428663558971312364e-01 5.292446751000947636e-01 9.093894021650051895e-01 5.127774588835742886e-01 4.105944148493856360e-01 6.725370838043450705e-01 9.742258929763576436e-01 8.718687001527216651e-01 5.113495869892373813e-01
8.266035530873835357e-01 3.689254170837716895e-01 2.688594295507013010e-01 3.939856217899319057e-01 2.170727235012710477e-01 1.629260655647306599e-01 4.525203511443954829e-01 4.466088141604396267e-02 4.544405582515189668e-01 8.290905246998135913e-01 5.716563689177959207e-01 4.839022005083921663e-01 6.031039813439947883e-01 3.832294530467248439e-01
7.312354059491056324e-01 5.706474146544133763e-01 3.480467994365421536e-02 3.963959337582143583e-01 6.519622777400522207e-01 4.249668956775264350e-01 2.884340759768183604e-01 7.706484842387517631e-02 1.521811882821598738e-01 6.939367972890413405e-01 3.151757320731453094e-01 3.794597679798108469e-01 1.952757567420985163e-01 8.194004098873532982e-01
2.939415188180700689e-01 4.716942086346820329e-02 2.386147312536257559e-02 7.656287409265278843e-01 1.447023058131780004e-02 7.015492639469113056e-01 4.027662934372896464e-01 8.930947495142848025e-01 8.168388728668074528e-02 8.394768223983402056e-01 6.685101643199061749e-01 7.836174108336396715e-01 8.822708804198962085e-01 3.036910252137959842e-01
1.814241618554668367e-02 2.240537891678329174e-02 9.977130314724178550e-01 1.221420707136765538e-01 3.544943489445896434e-01 7.289844898677352303e-01 7.090923001507464241e-01 6.345538925825280341e-01 9.711699137465998888e-01 2.619163666602710716e-01 1.715203958541393625e-01 8.922625262579836347e-01 8.438515362109234585e-01 6.633401167308523583e-01
4.626497144194934297e-01 6.968411931776310464e-01 8.947775892202695092e-01 3.507633322917512730e-01 1.058423819847568170e-01 1.123272200174255664e-01 6.801523717693984672e-01 4.345132550923606063e-01 7.245150220142348996e-02 6.727429887664718722e-01 7.255012183251101643e-01 5.998275184167278784e-02 5.954148312573489532e-01 7.857848142281187442e-01
2.840568844856751207e-01 2.892114531424513357e-01 3.260017262103386271e-01 4.050391275498455013e-02 9.248065979337424247e-01 3.311738324661085420e-01 2.160867718932262260e-01 1.650827641319160266e-01 4.182893191913307218e-01 5.194838129190566534e-01 5.136829105873391699e-01 1.001166284705906628e-01 2.012817525327960100e-01 1.671260911960702478e-01
3.796444082259354813e-01 1.269837726461600091e-01 3.940741827424303345e-01 7.944505413354774337e-01 2.780185254815120688e-01 1.146524528942551857e-01 3.029583782335995013e-01 4.190324311796194134e-01 3.248006167867163452e-01 3.937891061223148803e-01 2.347798702813863603e-02 7.719750566750706033e-01 6.074961379516902182e-01 8.298533888189050245e-01
8.522210814770191378e-01 2.629444625812946690e-01 4.387904717035466806e-01 1.223588457259117135e-02 1.099454922806653023e-02 5.274458643850237216e-01 6.074582337318594760e-01 4.958073906170928913e-01 7.187586309153798370e-01 5.053747879725573044e-01 5.629842556057531588e-01 5.745894432175812083e-01 3.907103151381282613e-01 8.452596556032749842e-01
3.580566592845059182e-01 6.562591834351254594e-01 3.334663665271351274e-01 6.071611281258149084e-02 3.247217274446833057e-01 8.237528454037540415e-01 8.664488972365833597e-01 5.296999476776037552e-01 3.443197962526302058e-01 5.823072091619143631e-01 1.465331574504716849e-01 8.026206942628733021e-01 8.821050325262825842e-01 4.394442859549496649e-01
6.210584918877726235e-01 7.237860336227415203e-01 4.537318883029384242e-01 5.223823074514979403e-01 3.076079681076298034e-01 3.194734224537398859e-02 3.780473921900324719e-01 4.009967233342708326e-01 1.703274490224149229e-02 5.901345070930057446e-01 2.270013114153260902e-01 1.441770460825103628e-01 1.385126924482336097e-01 8.308250232101500599e-01
9.303327078933464334e-01 4.350997546159066642e-01 4.123346448567662970e-01 5.065684528650763463e-01 8.476379855703946031e-01 7.717217484401228678e-02 3.953026400124535211e-01 8.664630272350201112e-01 3.856979668732939404e-01 8.701633014771416041e-01 7.929432595028822472e-01 5.446062928812086534e-01 4.460798260356950706e-01 9.270595865763752164e-01
4.137559602573070983e-02 2.768401272876583885e-01 2.360427549171872919e-01 5.937174551895472163e-01 9.867156272434944864e-01 8.934967477586963636e-02 5.487798160304253603e-01 2.758860482316165541e-01 1.875855007390349050e-01 6.647270311938451304e-01 5.099462835913273207e-01 6.704309669591864695e-01 7.708537934538032266e-01 7.677582308050510118e-01
2.456608839326634985e-01 8.960232860672686650e-01 5.798538649030753334e-01 3.584864454690154245e-01 1.861118064179955178e-01 4.746970473468000717e-01 6.974282296269105341e-01 3.961348301448213149e-01 1.508106757146455701e-01 7.030045090135710328e-01 9.360834693593115263e-01 6.851078537793103829e-01 9.146580656306295687e-01 3.157556789481519299e-02
3.792707796281850063e-01 8.247390800718011894e-01 9.477382890495200662e-01 2.965370009987150501e-01 5.540185218891138241e-01 8.042461739394506370e-01 3.610794231577338920e-01 4.910798865555776604e-02 9.741578892009136181e-01 1.939519715240771713e-01 3.746293974886601985e-01 5.262892008879824779e-01 8.028599280037915786e-01 5.275198280728932154e-01
4.675239096207349787e-01 5.320377997750469490e-01 9.358570070031663191e-01 2.494225261504720015e-01 8.671971345964907263e-01 2.940441009301965058e-01 1.573042785589522374e-01 9.701402831827843354e-02 7.279579004797128716e-01 6.988678482011704274e-01 8.323497371824264413e-01 3.629934899264668502e-01 5.557090107474994545e-01 5.198613593337707561e-01
1.758174632109351654e-01 3.160570441647035933e-01 1.130465879923511219e-01 8.214929380754459887e-01 5.855949834612672600e-01 4.030706668640675616e-01 9.429966668154484699e-01 6.819733850212148507e-01 9.109099794665485028e-01 5.685323818234955251e-01 6.334609635733100541e-01 6.054855079041515653e-01 7.568505952524531288e-01 2.030273665119131099e-02
6.641710137599922126e-01 7.277775540206208316e-01 1.045378832343439868e-01 9.865060988523326468e-01 9.608894545329849102e-02 3.225487514347186169e-01 8.551545970248893846e-01 3.374500369428281576e-01 1.328583075297605776e-01 4.594112770773975951e-01 5.428614540020102464e-01 2.371805392075040375e-01 5.516553245029094388e-01 1.704388714610641786e-01
9.650779491080321293e-01 3.355426701073838114e-01 1.528515127945533347e-01 8.038912728569374000e-01 6.974981358018431665e-01 3.205913536116433704e-02 6.537715587484372870e-01 2.609705899390281081e-01 3.846463604764225330e-01 8.711354678343092850e-01 5.785421075863617091e-02 6.376082716025673891e-01 6.633265857726389214e-03 3.687834869396078297e-02
6.659707175939424406e-01 9.908342730797023989e-01 8.601778814839050602e-01 4.539720939356358675e-01 7.897891738622775382e-02 6.142511265732361059e-01 4.579692118183069649e-01 9.161124833202856088e-01 4.742788207739906392e-01 1.647520416477646910e-01 5.827049080061211805e-01 7.287119736160042605e-01 7.716844187353389950e-01 1.978095069778709192e-01
7.515961329490775666e-01 1.699155991725098680e-02 1.294663001221353360e-01 3.173402693182377776e-01 7.466913511309657414e-01 5.338252615293958003e-01 5.692930315161308652e-01 8.371450852816253452e-01 6.651234480869412380e-01 4.063177415046617114e-01 1.216032938062665547e-01 8.196458480071910913e-01 9.163949078612037003e-01 2.050906146427393661e-01
7.542517828748895869e-01 5.592519669350803913e-02 7.390372147416537363e-01 5.842188758738786625e-01 2.602073505081000659e-01 6.637412177878715402e-01 6.885841348229591041e-01 9.297657100272234132e-01 9.954278525801203426e-01 4.738500938215066682e-01 4.227664786143334741e-01 8.501931515632870084e-01 2.857348240977157783e-01 8.534662871465704681e-01
7.030572772904978285e-01 2.189085360201029617e-01 8.568764075676630343e-01 3.741832887690418330e-01 2.814982882357495164e-01 5.406449981470990984e-01 9.636307699728219323e-01 8.923756363259927049e-03 1.135308956359443178e-01 1.853603452631886750e-01 8.794840433898988286e-01 1.790352670119585987e-01 1.887495567794050810e-02 9.253783474632090167e-01
7.927766533717783837e-01 3.313125635329949858e-02 9.857271155435314292e-01 5.689614560686454547e-01 3.773927576663725914e-01 4.628896172281412591e-01 1.176709028387987743e-01 9.379697148571911614e-01 7.862732091554578417e-01 6.085168563793347252e-01 2.447294235786056094e-01 4.428518024281101750e-01 9.658758709197268200e-01 2.301401292011067135e-01
9.923355299439025057e-01 3.346521712125775094e-01 9.427560404674216743e-01 4.936500596608633940e-01 9.915773274322655650e-01 1.061067650617306679e-01 2.376918599668342846e-02 3.642135584511539959e-01 3.883722272177457802e-01 5.168370633530328107e-02 3.063949704370156901e-01 7.854431936456556240e-01 1.887883887997561239e-01 4.103207928812057093e-01
3.750872679209696914e-01 7.952357185052627564e-01 5.579344649233054509e-01 5.281274693343082083e-01 5.810207797368520666e-01 4.926686037166884136e-01 3.345193598414673009e-01 3.498864782099655457e-01 4.901564953727688412e-02 2.199612016446736984e-01 8.493463308220906560e-01 8.232288544758247228e-01 6.835645094374656061e-01 2.224369439970252937e-01
5.857475205123727768e-01 3.763345278571884611e-01 9.611678035430056832e-01 8.220491574926536149e-01 1.212501297979033943e-01 5.392975028237371182e-01 8.580705348700443658e-01 6.459389529630087390e-01 6.467275158285721304e-01 4.125041592649122402e-01 4.843816008040873200e-01 6.822341723380485057e-01 3.882268140406939239e-01 1.167110156231745410e-01
6.221198648660938302e-01 6.498546309117904096e-01 3.710304236008220569e-01 7.185252771564633045e-01 5.543007555667092134e-01 4.904384067062086405e-01 6.382846430256642334e-01 5.362932631747454604e-01 2.512945397818853177e-01 4.870538554536574249e-01 2.900251363234563895e-01 7.090805048105908170e-02 8.650205419893204351e-01 2.471940540156802868e-02
7.587464428395599425e-01 7.850687116319623460e-01 6.896695673107952063e-01 9.584637949564258630e-01 5.745585901647318749e-01 2.246955138180943834e-01 4.505358109781409937e-02 9.379424911768046158e-01 1.837987062157955265e-01 9.257865030835289444e-01 2.428825258290721045e-01 3.623589856173402568e-01 3.334808643498110570e-01 3.670298358348451639e-01
5.257017459156638761e-01 7.238691290231894504e-01 5.727203313595802259e-01 4.670005452103809240e-01 3.823955618738046347e-01 1.416595897701623530e-01 2.342908028942208842e-01 5.141376707634226495e-02 4.905389088593831159e-01 2.694971469586050494e-01 2.891062663928399834e-01 6.989011162895280016e-01 4.989179274384117901e-01 2.032822398581783929e-01
