4.856296573692983065e-01 3.158346184919004207e-01 6.627277788268585157e-01 2.579300390127019504e-01 6.773560106709085593e-01 9.159999038367628854e-01 1.237781300860731903e-01 8.717060909581122452e-01 5.338274650376788610e-01 5.498250410611613681e-01 2.029128476459157726e-01 1.921400106280939379e-01 2.805526396803644795e-01 2.961586117763970183e-01
2.891410842961092964e-01 1.369708098609849767e-01 5.288089398666336871e-01 3.108523750113079132e-02 1.085680784768079388e-01 7.131882141462998481e-01 9.305848813267909581e-01 8.266540536030789754e-01 9.914257309525223993e-01 1.819644943997789088e-01 9.318483470102646438e-01 4.052239597673790161e-02 8.996470594181957825e-01 2.762398157287517808e-01
2.512812594831507207e-01 1.845854782076631340e-01 2.033603897822520157e-01 7.826593581810453726e-01 3.615876146427141613e-01 8.982288351629477141e-01 7.078711525260437121e-01 2.766998810802748787e-01 8.024495414570975704e-02 2.858808946105162452e-01 4.211269055354749380e-01 7.309480370526167947e-01 6.274814154953701761e-01 8.036009032393515161e-01
4.784903406780967039e-01 9.971638805428187924e-01 1.933308144951377816e-01 3.143067094301306152e-01 3.298813825449755655e-01 9.937463382323806771e-01 7.422728784349102993e-01 3.536982190365733913e-02 4.316525881073588478e-01 9.019580599374222851e-01 9.841345709161717359e-01 2.552636988748857583e-02 3.248861604897970157e-01 4.942243320370438564e-01
1.866748382960626840e-01 5.819193665048726372e-01 7.526969186987197968e-02 1.578765964122808008e-02 2.492327706883002980e-01 6.623035705114495020e-01 6.481589058495283995e-01 4.848155902151748409e-01 4.353295970558646033e-02 5.965696215195062102e-01 6.120919899741217307e-01 1.296026326265322659e-01 5.156342251236878393e-01 4.325427513521941103e-01
3.073088063153606164e-01 9.587600459688438992e-02 2.342537227163847824e-01 9.163135916559317362e-02 9.635759517623426751e-01 2.119752197928439497e-01 5.243394866406080324e-01 7.154686421569463883e-01 6.694622161202770094e-01 5.573302538371306403e-01 5.141731812085992281e-02 8.517585123120844370e-01 7.735515520422855396e-01 9.562449102075361029e-01
6.687349235733766051e-01 4.918272485495485125e-01 4.109704652488354037e-01 7.319021437106904004e-01 7.117690445837216995e-01 5.422779449637237237e-01 5.385880736147283798e-01 3.644166987192168916e-01 2.679006251190563237e-02 6.709758612399424615e-01 7.015766719494176407e-01 2.573669349373253201e-02 5.765310225034381286e-02 2.853894004465092893e-01
1.640165649287235183e-01 1.432276365577886956e-01 4.487623226274495281e-02 8.617364746725931779e-01 7.674994891695777754e-01 6.994461472786727141e-01 3.387347274087317839e-01 5.069958489685142400e-01 6.814248610799253925e-01 4.798467005869166968e-03 5.088985693002245903e-01 9.084361249545371830e-01 1.797216948347871712e-01 7.727607685485000655e-01
8.251623624540910251e-01 5.377792641567581411e-01 5.028694465086545051e-01 2.387689615533866716e-01 6.198241133952764326e-02 3.951942389459620619e-01 9.875133639848161504e-01 9.977556214707516968e-02 3.400068493394726721e-01 5.633216654620089026e-01 3.684798572375413972e-02 8.637053297630067350e-01 9.891644730278413844e-01 4.630438635654935409e-01
9.053375251868012175e-01 4.796385463109121838e-01 6.713151445183945798e-01 1.607939946001766263e-01 6.207796209777348695e-01 1.320537629801744606e-01 7.444767851481947085e-01 8.858592824697639756e-01 1.090101943266483797e-01 9.178197874909552745e-01 6.794004912365443349e-01 2.839504790525558819e-01 1.941080407426664101e-01 5.897988463497556566e-01
5.646840039458488336e-01 7.494803251675101752e-01 5.398047703117982987e-01 4.136112520665200520e-01 2.261790120001759830e-01 6.807074394834159436e-01 7.538850333909669077e-01 7.685104340504128606e-01 7.212219507603361279e-01 3.898449257941519752e-01 9.890502227776183375e-01 9.256093892853022309e-01 8.297614176494905180e-02 7.608106264007599151e-01
6.290972442273183862e-01 4.520378809404550502e-01 3.607063758474537973e-01 4.773928937703242337e-02 4.899800427221543409e-01 8.795446695449494756e-01 6.275706907482632158e-01 9.728086276746797934e-01 3.579714406192361364e-01 6.512655208666073836e-02 6.141485825727224235e-01 9.155650651225833991e-01 4.834293826462731092e-01 7.086442040540394949e-01
4.007846553395996159e-01 1.592861233075685279e-01 9.861453134189829273e-01 1.802665917094491421e-01 3.715971442923138301e-02 5.336766367744472106e-02 4.428417470256771349e-01 5.390646022685943173e-01 8.723512772917532132e-01 9.232466035696724749e-01 5.993997390394947278e-01 5.722010719910709531e-01 1.437075488068666473e-01 4.355234688093474471e-01
1.061587369952839977e-01 1.256504481858734534e-01 3.153695742366265931e-01 2.823320399728503904e-01 4.810352583683785710e-02 4.325435919181395139e-01 1.459760564597391008e-01 4.884268494276469141e-01 8.507946486500936878e-01 5.144469120772094950e-01 5.724737823067449494e-01 1.554341240619273590e-01 9.977194486893949943e-01 1.919443013282537969e-01
1.845216923778173479e-01 9.844122406635726907e-01 3.504042243275329316e-01 1.311022802775694274e-01 2.564871740066758665e-01 9.906130467139692142e-01 1.544909267013476750e-01 7.900070965933925216e-01 4.340311615339920159e-02 9.564460502300884404e-01 3.424352194352608958e-01 5.585905121651939531e-01 3.969233961749065731e-01 9.315327838867306642e-01
9.748291514150747572e-01 8.432532183600879305e-01 5.726739648818620632e-01 8.247319915314131888e-01 3.320492237062211416e-03 4.110726522166270325e-01 4.782976298437735529e-02 7.360349443085355547e-01 3.420198501945498348e-01 2.974569632473448300e-01 2.294992474464535581e-01 6.798017780412682898e-01 7.150907953905014658e-01 4.540820048756154526e-01
7.192884242555646068e-01 8.996838618012790167e-01 2.165190254561453198e-01 3.138755761677337608e-01 4.741415924737356624e-01 4.086197778029750927e-01 2.395782789042423255e-01 8.037207488998843186e-02 2.820196636472530605e-01 3.627545219511666419e-01 1.409487373108231356e-01 5.226513819273134187e-01 6.419209389171391944e-01 6.043539021257580135e-01
2.835605779576056973e-01 8.447780275051667287e-01 1.646375841451888089e-01 3.268127387253677574e-01 1.317850843695275165e-01 7.550018065445599502e-01 8.695547805113387207e-01 7.391618954445092760e-01 7.449796180734141737e-01 8.120915565409843051e-01 8.825450512134431769e-01 7.143500578884165453e-02 2.446399193033749198e-01 7.218102618490560562e-01
2.899322715411679630e-01 4.081842338896518596e-01 4.664908768144234719e-01 9.563257404769471837e-01 3.330747322233881258e-01 1.973119605327132708e-01 3.385067901607549112e-01 2.057400383220415740e-01 2.573502766235197248e-01 1.685742437583592768e-01 3.744735037872303218e-01 3.156684363027407736e-01 5.097705977304936020e-01 3.363381080977819737e-01
6.867899947701591179e-01 6.628442390689293084e-01 3.565241165621589881e-01 7.590564512514298423e-01 1.433700435436575660e-01 3.059288708344544139e-01 6.613508174691693497e-01 3.894432158026194246e-01 3.620600848279653672e-01 5.974090318653011433e-01 6.830075498375740572e-01 9.760720192474586776e-01 5.805064646478120816e-01 8.717820919851159145e-01
8.028366489224568747e-01 1.170706303955993954e-01 7.175639292903770450e-01 1.250097920078396818e-01 3.397745414890819271e-01 9.973270285433175619e-01 5.096786702880055087e-01 3.485641008384235962e-01 7.537535428027268836e-01 3.917163771023485230e-01 3.021281218547496872e-01 7.102426170859565957e-01 2.866478532404661550e-01 7.845641089772104060e-01
2.816866995328054513e-01 9.166399540923421130e-01 1.849324047921271363e-01 9.432833642936122587e-02 4.124899183691432825e-02 7.928815107329129086e-01 1.090593019407440911e-01 6.735807663483389662e-01 1.770216879889091599e-01 1.060407421471620815e-02 9.624559715757007305e-01 7.546865995096254665e-01 8.160831363296783270e-01 6.935449820888636152e-01
4.556648566268870493e-01 6.685557158759880547e-02 7.812278172767561646e-02 7.715600754568021635e-01 4.119698081660017053e-02 7.682197898909463030e-01 2.260430268500471795e-01 8.517432228322372456e-01 4.991449727326183750e-01 1.930026945208206390e-01 8.403054864577810257e-01 7.695569645060894581e-01 6.726868930592826423e-01 9.529192176771649203e-01
9.426577970862356493e-01 5.826163395196580774e-01 4.421613111728326384e-01 4.732480335950015604e-01 6.732048930448448765e-01 9.280275226479431927e-01 5.484256686358657262e-01 8.919751871504797425e-01 2.951482139852182884e-01 7.717935387813767978e-01 6.022603569471890461e-01 9.230047595561144957e-01 2.700881377179230602e-01 2.057514796528081558e-02
7.562831349342299392e-01 4.428949237681325535e-01 1.989658504613386336e-01 6.889906386072958133e-01 8.254610357168861157e-01 1.735725366593362518e-01 8.798731502590919629e-01 9.090383555439219831e-01 7.145858322977168831e-01 9.898955752189441126e-01 1.897677018959276207e-02 4.181117934082234644e-01 3.330411015341738779e-02 9.598600555028761194e-01
7.610937158833459559e-01 8.035163099595705738e-01 1.101189966234285000e-01 5.504741464699425268e-01 3.254524525634824306e-01 4.605288054709191226e-01 5.812601825992536053e-01 9.657426559396561361e-01 4.580245707507009101e-01 2.188117404073811612e-01 7.772725579432395726e-01 8.919658466132269758e-01 9.719680779498974799e-01 2.747144997017959556e-01
2.843564620219638517e-01 9.097245027441617227e-01 5.580424514278151671e-01 1.954160327741950587e-01 7.823381642556518356e-01 1.391024793807091875e-01 7.604802418524307939e-01 9.339799346809162239e-01 6.109055286451375855e-01 6.489987982350489126e-01 5.928821794361569530e-01 9.944577243562197078e-01 7.197882428139776856e-01 7.256896247536790412e-01
8.773760752800375817e-01 3.702336595614913461e-01 3.554984595771925049e-01 6.474381526595047731e-01 3.327715551290615359e-01 3.434649902257381759e-01 8.863564970183775982e-01 1.002752796825797654e-01 8.943811644557942975e-01 8.424080832678816355e-01 8.273759284662371982e-01 4.207974606749405044e-01 6.271262706195398495e-01 8.159018484642354130e-01
9.778641263126943706e-01 6.869667351177214387e-01 2.143929593918392218e-02 3.157796826670351553e-01 6.131797747522582664e-01 8.434450083652706986e-01 3.281805910350944488e-01 4.336872555959715436e-01 7.081275852788131431e-01 2.250803063196205045e-02 4.124291416688565803e-01 4.255184975497535715e-01 6.095436585597513446e-02 6.856877860897947485e-02
5.427031631638710163e-01 2.979097819894735988e-01 6.311431182787390348e-01 7.600589109727415860e-01 6.267561543615061126e-01 7.539166768708701616e-01 9.109282029439076389e-01 3.656157330048533938e-01 3.693055184826515847e-01 7.009252631642028941e-01 2.745899813143948265e-02 4.239241359566903178e-01 1.310214348564016085e-01 8.243312199532744078e-01
5.138740522242065678e-01 1.806699361082563238e-01 2.768609859424417952e-01 2.152349586461419495e-01 5.503809265943581108e-01 2.180948252075372018e-01 6.343602399142174164e-01 8.233801452453732850e-01 4.612373002341592088e-01 1.014032444101135022e-01 2.096167330853229149e-01 2.708079719983222944e-01 6.966320684147193631e-01 9.084734503145994733e-01
4.804586418384582114e-01 5.554921548138759269e-01 6.164335386969416186e-01 1.632490030302047312e-01 7.141069496737638689e-01 6.423902775300038837e-01 1.277237706838917353e-01 6.070924324169264530e-01 2.408411415458120430e-01 4.159823931934947261e-02 3.234034263161207345e-01 7.743229927516688260e-01 1.208144502567234380e-01 1.320251522035478242e-01
4.154906417051117407e-01 3.703932149570013932e-01 8.669985309843768473e-01 8.525161449297975480e-01 5.485325826117867232e-01 3.445421353325776037e-01 7.911989729493246193e-01 7.941464536171546351e-01 9.725850191587296356e-01 4.584751778666842359e-01 9.226258303328420673e-01 8.467068439092305665e-01 2.088185988068184118e-01 6.110562769918632675e-01
3.875354110445408118e-01 8.417400799094447716e-01 6.796933731457932559e-02 7.091112899437675976e-01 5.001935969251147807e-01 2.072754710695978719e-02 1.386117762035548040e-01 3.169359593499601058e-01 6.118134647953121785e-01 8.040946026097494093e-01 5.211861885323888499e-01 6.708607558118043768e-01 7.529974105492398539e-01 1.398137980355959042e-01
3.877702821965062219e-01 9.620388922208783500e-01 3.211580154769489992e-01 8.020375189358166512e-01 4.376785095489762467e-01 8.767318825519168080e-01 3.141771027272669548e-01 9.229346155560199660e-01 9.385397687513056253e-01 3.693380968087248695e-01 8.446143130875366500e-01 4.771291856367032569e-01 7.055873059329177410e-01 5.637759739728217534e-01
7.940089847869654660e-01 4.309631778552187598e-01 8.698621507219649329e-01 4.713928291726484643e-01 1.428055048511176484e-01 7.706772002704678215e-01 5.759288503923354341e-01 1.187150101959766335e-01 5.922717246961803905e-01 5.615144027266283366e-02 1.591482582629651921e-01 9.530837598184086490e-01 1.373020338438487586e-01 3.274808764619621115e-01
3.688411214850025877e-01 7.258428181918825661e-01 9.983976610824553122e-01 1.285868228274079650e-01 6.435154639321507553e-01 8.596969568586877442e-01 4.330578409240336546e-01 5.365226034834886804e-01 1.148958524760673727e-01 6.800566846785146558e-01 3.234791730113119046e-01 1.965977942575762860e-01 6.485830873437988808e-01 8.541612924015810071e-01
2.203224925120090827e-01 8.669603060299376773e-01 5.270247489048821565e-01 4.068404874954940631e-01 5.083415789448838540e-01 6.929030437027795530e-01 7.271497263201776029e-01 9.059848444622338182e-01 4.131278212189699595e-01 3.981324976919387026e-04 4.340967619490723184e-01 1.921496983469974662e-01 5.609319539506334440e-01 9.553627171871262869e-01
9.735267028288691060e-01 9.327469955194069851e-01 1.043549718536950222e-01 6.198494987736119510e-01 9.932424450144016204e-01 3.432769821983220337e-01 9.303025531168230833e-01 5.567257446938899124e-01 1.914672886511623595e-01 6.274731400581647911e-01 2.513624227869326599e-02 5.901552140878285613e-03 8.062516663057311961e-01 5.534067740601587015e-01
2.795918796891172509e-01 6.101027581808320388e-01 4.381470049064960515e-01 9.612346178265114283e-01 7.821832384934459537e-01 2.925270903728497407e-01 3.866862595833732152e-01 1.675287757950605361e-01 6.962665297100533168e-01 6.500919895335998122e-01 7.781629625800721151e-01 3.155255249986320676e-01 3.091132594757534102e-01 1.246952528077117650e-01
6.508045530882334839e-01 8.020422876405919332e-03 9.512608968041588176e-01 6.769395139438283415e-02 5.918219149955735725e-01 9.599337520350927910e-01 7.339993788706581368e-01 2.822954015428658092e-01 6.180123754868351860e-01 5.022233311388738519e-01 3.005369942123871096e-01 2.876195981508061772e-01 1.511592897323627005e-01 8.922048240637991956e-02
5.457697857075772818e-01 5.204454959394916314e-01 7.244148385073683194e-01 2.833419180792300374e-01 1.538543934251834777e-02 3.983657018262652949e-01 4.979912942504151063e-01 2.756600053639268744e-02 9.715996826374198037e-01 3.671199567280286624e-01 8.221156614281797115e-01 7.106317853635000237e-01 8.987331585075901685e-01 1.208944386781175551e-01
6.960099396026843133e-01 9.032654945491861431e-01 1.279590473908722714e-01 6.641317435330906793e-02 7.935140150986641494e-01 1.919027094610937789e-01 4.942896829243001999e-01 5.115284986122755617e-01 3.973406588736929645e-01 4.373756903516481387e-01 4.602041860219097114e-01 1.554403210134274183e-01 4.899285228362584288e-01 7.113165175587733424e-01
9.479107789885118374e-01 4.340217484556068150e-01 5.774760308414280674e-01 4.501430479862250644e-01 3.123736447382182702e-01 4.110838700614023455e-01 4.139606080217190787e-01 9.490042798022459980e-01 4.926773173191597577e-01 8.770075713065307310e-01 2.723712898082675249e-01 2.887576337551220895e-01 9.444552294910277812e-01 6.608987188726622719e-01
5.954702143574920337e-01 6.809604457874481875e-01 5.337515692214593876e-01 7.121366017564751960e-01 3.249064036060935745e-01 4.623637677201188900e-01 2.418479138557594332e-01 8.691873068649834666e-01 3.345263501931460270e-01 2.906924249141480399e-01 2.184337231653887823e-02 4.897748922576967701e-01 6.769721839949606190e-01 1.628957616590235302e-01
1.573617810301677356e-01 2.507108665126354108e-01 7.075502357527256869e-01 4.736133890256066792e-01 6.122616982388461304e-01 5.508090467923570932e-01 6.772910923474956268e-01 3.590735989177890053e-01 6.278969141635989404e-01 5.201610332425832262e-01 8.597072764816439117e-01 3.028268658449604356e-01 5.367685352757884942e-01 1.685887133237368163e-01
1.861220838372781294e-01 6.676172710323414750e-01 1.700810360814115629e-01 5.921572250629989487e-01 1.574022805304008399e-01 7.290634091950596307e-01 7.867343256167582677e-01 1.839519022770286227e-02 3.897767727915075753e-01 7.935326912314397685e-01 2.430827303684643947e-01 1.472201491643030380e-01 8.943934671394684344e-01 7.680063667115339943e-01
5.219418216137480249e-01 6.804178132917844124e-01 1.491436830610833875e-01 7.901620356578475945e-01 1.448143882864457721e-01 3.708498585061963393e-01 4.417818536111580707e-01 9.219874761053770129e-02 6.731717233801312039e-01 6.601059568324296745e-02 1.115507402481598076e-01 9.889106089039841896e-01 8.006668132196451682e-01 9.452331635656797681e-01
8.712805885158061425e-01 2.047394694107658175e-01 2.582294440358167131e-01 1.209786728528583488e-02 6.585901378069306533e-01 3.719217312925592323e-01 6.757886145789385735e-01 8.938819446630696941e-02 2.041758651067048236e-01 4.858786601321518628e-01 7.772411458464701939e-01 6.367181154273964250e-01 9.984283117495592608e-01 8.517467953837851713e-01
6.009659655551545798e-01 2.847144981976253986e-01 7.843032559489079292e-01 6.434546743955448234e-01 9.812378152779792639e-01 2.627847445817603766e-01 6.798173759518826298e-01 9.306430168815821302e-01 3.243851410247216016e-01 9.375298629522811344e-01 3.796232356563356003e-02 3.585438107543320596e-01 6.925314772680080111e-02 9.252336788641324361e-02
1.626553374567405452e-01 2.542103091423357775e-01 4.677740092410475059e-01 4.324086193126017719e-01 5.943519959875342984e-02 7.838044126967602665e-02 4.650940423254620315e-01 4.195784037888867779e-01 5.429553544016122446e-01 4.476798433807447353e-01 4.601437632703262448e-01 3.829734686644625796e-02 6.293816223180767055e-01 3.276776337192562893e-01
9.637303711130734696e-01 7.100547732340567464e-01 1.484526267415344769e-01 2.744868492845708996e-02 9.218004555550411983e-01 5.963746403315561828e-02 9.136478903432677656e-01 4.402632678470209671e-01 4.587407373235875552e-01 5.877500189530041608e-01 9.264267998269873905e-01 8.915935159158250300e-01 4.211311645028653627e-01 4.150230306470421571e-01
2.564083628478719401e-02 4.332403809601103051e-01 1.536502360862623817e-01 4.403726818552484712e-01 6.351332239715785644e-01 5.524070808445247227e-02 9.319651427287460876e-01 4.922024207433306486e-01 7.169943744650397743e-01 2.864361700297655133e-01 8.585008401649594223e-01 2.581986280320484051e-01 9.229729375769207822e-01 9.990594565989214804e-01
3.162819519446410377e-01 2.511342070847594199e-01 3.876013021181000662e-01 8.329403405344472100e-01 6.037711777702203797e-01 2.457353767766902175e-01 1.854507882523924733e-01 4.379847776912593194e-01 8.677823112073715928e-01 8.214949639970057227e-01 2.457398905916590159e-01 1.598578633429214024e-01 7.385359163324616283e-01 5.893875735005913441e-01
9.799480881641706720e-01 2.430321625507608774e-01 7.948874661044283974e-01 5.372623475334784571e-01 2.993397265645413308e-01 9.264788755970776446e-01 1.889433571183734006e-01 9.637738163732993968e-01 3.540376308929937821e-01 3.658836101439340016e-01 1.381862235648888548e-01 5.503318378905295294e-01 7.170747812914095576e-01 1.509473075744968140e-01
6.845393697001869171e-01 4.630183408291577152e-02 8.650266531144610305e-01 8.588318180159179027e-01 2.095334134595627784e-01 2.268155691535291840e-01 5.519139531600351090e-01 2.094216137628301944e-01 1.771962335077248429e-01 9.752918202934469649e-01 8.581173134270903002e-02 6.037870719746073478e-01 5.982946327197882219e-01 5.610739285561283651e-02
2.330999173090461118e-01 8.763794692685024090e-01 9.336960052050610193e-01 3.405871476096136163e-01 7.049563962210144696e-01 8.225639361823608997e-01 9.058600306955097992e-01 6.345300562125353316e-01 1.839049721151173600e-01 5.492127721460587919e-01 9.684879258304774918e-01 3.528423390915307323e-01 3.536868616105734997e-01 5.298703215169386915e-01
8.269661696084720237e-01 7.563173030862119228e-01 1.082850766589081859e-01 4.635152145101573140e-02 4.931668882139822463e-01 6.860819783691833873e-01 4.440739798160370233e-01 6.768289107503163704e-01 9.344038160911406488e-01 3.384552204262319952e-01 2.908427394024761803e-01 8.814835425342743003e-01 3.886264990445854606e-01 7.890130502093493092e-01
1.163934617490155476e-01 2.335342450416355575e-02 1.150713906652576224e-01 7.470677647658282572e-01 5.275660026680497605e-01 9.245360921888150507e-01 7.512538664855017423e-02 4.333841684138528549e-02 6.759249875063711999e-01 4.357301491014372585e-01 2.563829155400667581e-01 6.768985947329141384e-01 5.199707534700015454e-02 7.811683095288349810e-01
6.590113494114839821e-01 6.448039409606742822e-01 3.405612111972921019e-01 2.932086075960671501e-02 6.009882657364314928e-01 8.760802222721213450e-01 8.833595990363413142e-01 4.147672842632645906e-01 6.906337849382273575e-01 5.688797005807406659e-01 6.748174776458545354e-01 4.907301188831303396e-01 4.195132298225607848e-01 3.692880354739244142e-01
7.475297444582930106e-01 6.901395091271819160e-01 3.222734153879648344e-01 7.625149741034344952e-01 3.422590543405875652e-01 5.933175814942437398e-01 4.413731286004938248e-01 7.216353645654272064e-02 4.237366543678605657e-01 9.363010269019500509e-01 2.698387134536884835e-01 1.420481450944214297e-01 3.475201961146626717e-01 5.240007255512459938e-01
4.051889782298722098e-01 7.897683536667614579e-01 9.867233877442881385e-01 7.211566903002054607e-01 5.309675766298248556e-01 4.269610987289856885e-01 5.929678940073773719e-01 4.285139279584895267e-01 1.526929499746517704e-01 7.686777364501687915e-01 5.159895459001756501e-01 1.349536275454273904e-01 9.512091837857088450e-01 6.213702083630168183e-01
2.976523282604386367e-01 2.454856105059907145e-01 1.596815399239510658e-01 4.010074045909989282e-01 4.093546746969476402e-01 5.604003219868703978e-01 6.140855655479097175e-01 9.346656650549232115e-01 8.050315501190130618e-01 9.541554406283062617e-01 5.182536762392624397e-01 5.273794554905141263e-01 5.644562644316541977e-01 3.748202248570583484e-01
2.579759614789270961e-01 3.240080123308097804e-02 4.240779410977326691e-01 4.050378331460232628e-01 4.403579108553838939e-01 9.448886339898132647e-01 8.101172407228722783e-01 9.674487321722153865e-01 3.342981467849279742e-01 8.601063836655946648e-01 9.572769713204735131e-01 8.392146192388951764e-01 6.008946174617154634e-01 7.584910731664160632e-01
7.387141410507132022e-01 8.460236641436080784e-02 5.169547505178440083e-01 7.820220271985356408e-01 5.552723484465509340e-01 2.300614305890049671e-01 4.126941633154861400e-01 6.614027089215667177e-01 2.778746367260214178e-01 5.191344966150190920e-01 1.714021842030964971e-01 6.830899169280657546e-01 7.865045191988072615e-01 8.290481950055891280e-01
7.763513409773750151e-01 5.285624630665050061e-01 5.463200421499998516e-01 4.765362875890457595e-01 3.254335714189875439e-01 1.803754052182793277e-01 6.951892669066231933e-01 4.130814128027858745e-01 8.508238222789206162e-01 3.164446372302829324e-01 1.830866092391779665e-01 1.544554979162005015e-01 3.198243363468374900e-01 3.109915728307620642e-01
6.544585092583993235e-01 5.556537628847069143e-02 4.557172094906455362e-01 4.635193009928476604e-01 3.381724034613829977e-01 7.283226175316296347e-01 4.317901309014927635e-01 6.952266541958205259e-01 1.976347813746209825e-01 4.863405420526079048e-01 9.550208940984845629e-01 2.825516581360704160e-01 9.510733621162716922e-01 8.506345021028351994e-01
5.991259256183677495e-01 2.563692845107502505e-01 1.059799450138825261e-01 6.862687790792628695e-01 6.657726361005504856e-01 5.789490157791811198e-01 5.003078885843851298e-01 4.268143021551885630e-01 5.077064639152224501e-01 1.929310964306443221e-01 3.756591701888329915e-01 5.275593780804621602e-01 2.934568621400983623e-01 7.673400857446108780e-01
6.519910144772509408e-01 5.014120185053783096e-01 1.944104388794634097e-01 5.125229544366000090e-01 2.011809358329829100e-01 8.381496615377799220e-01 4.382568999532789888e-01 7.976065114982930915e-01 4.921207007742023354e-02 2.232780013564605870e-01 5.234982114007894483e-01 6.048337964769785469e-01 8.835453104642723154e-01 5.980033272617804041e-01
9.295551184103998388e-01 4.518858546559076927e-01 8.155014155131377063e-01 6.320839734504990481e-01 1.931356980406955248e-01 5.222597424426889123e-01 6.244780915815468791e-01 6.305617008587607319e-01 6.545661844266504881e-01 1.653368427827087705e-01 4.675847901303644694e-01 2.865886786758076177e-02 4.122705068703836906e-01 8.171838054198048429e-01
6.819076363795111284e-01 9.621648142700421902e-01 6.070951253467005149e-01 8.210769247633398216e-02 9.195915746306385641e-01 4.771193942793210407e-01 2.688450882369387562e-01 9.540751207100850451e-01 6.024592162543526142e-01 3.255651325500148463e-01 3.356885838444960690e-01 7.452583437191449001e-01 6.873304905391058872e-01 6.835243822989556239e-01
3.985327412263331981e-01 3.621824283904218067e-02 1.607601790322984447e-01 6.823787720343982288e-01 5.474588088381571183e-02 5.780406346766737702e-01 3.559677129505989246e-01 6.779543728619327192e-01 4.868156202754003736e-01 8.831026321830203196e-01 4.110687929531003926e-01 2.269098244036051870e-01 8.878894042530438568e-02 9.565400292163150908e-02
9.711529035112886898e-01 1.566225577663920010e-01 2.168319985077260537e-01 1.061321060972231223e-02 5.102799950506189397e-01 2.686702138051293431e-01 3.081183729070896549e-01 8.327447212014758016e-01 8.064704909133807442e-01 3.951574339158574478e-01 7.427464922838863393e-01 3.921683807631993757e-01 8.030386258228622287e-01 6.891057380002371113e-01
7.925699186599083346e-01 5.837080101672499355e-01 4.189179559722810975e-02 5.148678858615090004e-01 1.606994544644968492e-03 3.281994841090520865e-01 5.231920379990130376e-01 7.649021757522642684e-01 6.340970169574267068e-01 5.223203631848982731e-01 1.898133636460169749e-01 1.552084711139838369e-01 7.544148773492751481e-01 9.465817268654325156e-01
1.062462522127445297e-01 4.500944361197044552e-01 9.016361447545102603e-01 3.416110230172322293e-01 1.751355498720933435e-01 2.237814128790946988e-01 3.090278479519492638e-01 3.050129649550503697e-02 8.808695022992916179e-01 4.550919849417522922e-02 3.603572405798014522e-01 7.940488005329430221e-01 2.196892668164135420e-01 2.732968268616321472e-01
2.495822515026803190e-01 4.910360855853876938e-01 9.443259854351937488e-01 9.352786717652795678e-01 3.498498059179225850e-01 3.063813245625996995e-01 4.418056918149537715e-02 5.776580640813644418e-02 8.109772380679991510e-02 5.846183348069933228e-02 3.064043763969731549e-01 1.257610823723365190e-01 4.245274536024647993e-01 4.140478504468322329e-01
4.136466356353676321e-01 4.242297448858872722e-01 5.717103913020983308e-01 5.197659318022186392e-01 2.425472952405656191e-01 3.955304570941223785e-01 3.224727243171171542e-01 7.268225022639315247e-01 8.185228271566579172e-01 4.931938633597942045e-01 5.485338162242554549e-01 3.742707944575507373e-01 9.463738673863915096e-01 9.588061946910710898e-01
4.771131247693271016e-01 3.284580709815835275e-01 9.814770556952214786e-01 7.614687509889122019e-01 4.480836730706653226e-01 2.964892678726083197e-02 8.007455492500071825e-01 5.588010205897203653e-01 3.566551624707355872e-01 1.503479377932048777e-03 3.117193794686081709e-01 9.214471075130126199e-02 2.090365944459459113e-01 3.406635263505597422e-02
4.090955338175629175e-01 1.949528026876388154e-01 1.868808970973386829e-01 3.795041501920296545e-01 5.252781113988165274e-01 3.753071229182316504e-01 4.563683020509625710e-01 4.739201112693227635e-01 5.129567299383877010e-01 2.841230855838391411e-01 6.972259999943331010e-02 4.356168058730450765e-01 4.239732805228745294e-01 5.995482745160345406e-01
3.133611892226036977e-01 4.996990527599406429e-01 7.302701241781288655e-01 9.597083055867509094e-01 7.861994639443903310e-02 6.769396878103509652e-01 4.509421307389990252e-01 7.399888884087184593e-01 8.236635085056371874e-01 3.796444423824291148e-01 3.782018586650326419e-02 3.942297900132514243e-01 9.262762670958771816e-01 3.798712934076416969e-01
5.978595422266785864e-02 3.820345836904722736e-01 8.305945133689479620e-01 3.452569592133235554e-01 5.233791678571741990e-01 4.909719037157036503e-01 4.414953080150373355e-01 8.512356195437951190e-01 8.655170712251250009e-01 7.804355239029873159e-01 9.384495984556520121e-01 5.627741711960064785e-01 2.735721955600115551e-01 1.683944649529954818e-01
3.346118971880278625e-01 6.040594558529011060e-02 4.744594299410780369e-01 6.374664208583302738e-02 5.834321492176463009e-01 7.743074432834238241e-01 8.695332642170634507e-01 5.638574619866487669e-01 7.990598690118370095e-01 3.071833494316381641e-01 8.290427931297278397e-01 2.556235673812543574e-01 1.700402972001916480e-01 7.170178860898934747e-02
3.884340791143636729e-03 6.807186690768212145e-01 3.160384149859404301e-01 2.335870667501128706e-01 3.885102463172189768e-01 4.183496442488913170e-01 9.583691206110354077e-01 8.805716928313933600e-02 9.172919406367130435e-02 6.127303030491892955e-02 7.122051321167355287e-01 8.795082155009503744e-02 5.379973338139754091e-02 2.479749027752571333e-01
5.753334743795801565e-01 5.025675134313167813e-01 1.466183193516495953e-01 4.292828606642820066e-01 4.028362616228722271e-01 1.611501926650051875e-01 2.316232316413416870e-01 9.803772101627207247e-01 9.191243015330240462e-01 1.648800486264074827e-01 9.855565421087020272e-02 6.192514704050094965e-01 4.499087441374243213e-01 5.324013353405585569e-01
7.374404370447278367e-01 3.964594482066539083e-01 6.194027873257385020e-01 3.625816173075585569e-01 1.941554502281748196e-01 1.557956100505885066e-01 1.701588647996140624e-01 7.592761223302668672e-01 6.798681030429860606e-01 4.763446726784361651e-01 1.138121213721033920e-01 9.440111877029923049e-01 6.461499603605953546e-01 1.343192578909846446e-02
2.934969072549742375e-02 4.544854005804642716e-01 5.626577426807266580e-01 7.755071294746673782e-01 9.599710884313356063e-01 2.137495490798726472e-01 6.990102479687336778e-01 1.301573820621151345e-01 9.357778525160707073e-01 1.236372201704843965e-01 9.348328843611519723e-01 8.867103609495434746e-01 4.490747425445088536e-01 7.229126730796866518e-01
2.346013820121523041e-01 1.599308988209422466e-01 3.333887624975894193e-01 5.289838525173093942e-01 9.567270166904575657e-01 2.584020719198332205e-01 4.934415855377051185e-01 8.023527188756596207e-02 4.866281021840809240e-01 3.364596978870671995e-01 4.614120736943050360e-02 1.658939941014050401e-01 7.309340257542693564e-01 4.816675567806631975e-01
2.626053550518030466e-01 3.359123080154579055e-01 1.551398511284886039e-01 3.206907471242088636e-01 8.395921806287746092e-01 8.021598144221115945e-01 6.288838191752817997e-01 5.307168905196035791e-02 6.457389984077985812e-01 5.774285547099350380e-01 9.999254109371404908e-01 6.151981607903085347e-01 8.985132314411837795e-01 1.292431487081449060e-01
5.112278366968993071e-01 9.649073703054142914e-01 7.069796477955188063e-01 6.590955217571361491e-01 5.370106872196089842e-01 5.896661488163394971e-01 4.291911653088970047e-01 3.558311193830860919e-01 1.384787403251648286e-01 4.913732093353014863e-01 1.253629687148690719e-01 1.318619967569594209e-01 1.253190010825289136e-02 8.819251559911953642e-01
8.298311733780783239e-01 8.950212613503293335e-01 8.131160540570304684e-01 4.584553005341036602e-01 7.214571742654007913e-02 9.360975357718398504e-01 3.764566837184785131e-01 3.522026402515401333e-01 5.649820447050138972e-01 9.292942509693565833e-01 2.915024927064768789e-01 9.189476601973392000e-01 5.973266851516932929e-01 8.538864146915933206e-01
3.162943433734324294e-01 2.940188998311165092e-01 6.537763189476125669e-01 3.456046950748135060e-01 5.248688266563734661e-01 6.041574497590249671e-01 1.845575312406081414e-01 1.245430301665998440e-01 8.872854735862300002e-01 3.123364406013229289e-02 2.564017609233866235e-01 9.495633901359812334e-01 3.040889955792772659e-01 8.678007348038810909e-01
6.355536227039328967e-01 6.439807892322794158e-01 7.659797677107464953e-01 4.320904531172865548e-01 9.220265611454484533e-01 1.620335581525987889e-01 3.049164873793511754e-01 8.452149703337593634e-01 2.573623403643776619e-01 8.848497351896797980e-01 2.137704730021325883e-01 6.046797948343193285e-01 2.464225035658027529e-01 7.581836852450717368e-01
6.213378218215104276e-02 6.108287614891986239e-01 5.660463642883851731e-01 8.038861893377786672e-01 8.202009570732887722e-01 7.551756353372803821e-01 6.221200372868013195e-01 3.671807516901203217e-01 1.055795443954261614e-01 8.630443233974117723e-01 4.109431638683130883e-01 1.017960563882872593e-01 4.879289750177109308e-01 1.672526076758794611e-01
6.945157525442849922e-01 1.268020240796221554e-01 5.763505077065974591e-01 2.198495976410419495e-03 6.915638815338696066e-01 4.424634310021807737e-01 4.520406743360516622e-03 6.381646560151380543e-01 1.177042190092842944e-01 8.017571528346300047e-01 1.763878522956152661e-02 8.902912981306377871e-01 6.058508565599437512e-01 2.499422068866847813e-01
7.101863009616925515e-01 7.455900046799720515e-01 4.166743839830188145e-01 2.131213656693190517e-01 5.944864651182579784e-02 9.760397362801833676e-01 2.933972277944880691e-01 2.095778632476015257e-01 6.760136371483455031e-01 9.419656909810496526e-01 8.909321802499358123e-01 2.954764619801732994e-01 2.879286018657748469e-01 9.024385240431295196e-01
2.145855463925210316e-01 5.533556553131823152e-01 1.841319661689037046e-01 7.268751260776351586e-01 9.889994477496384384e-01 2.332054023103702356e-02 4.807496656999283857e-01 2.092856558341725792e-01 3.218990812587674277e-02 9.547915517652115769e-01 1.335636645498451403e-01 1.873193531288541713e-01 3.542164907387252981e-01 5.207381620213701323e-01
8.785204610542285408e-02 1.689280353406290569e-01 4.288182877240476198e-01 2.993042911687037178e-01 8.967663135592344181e-01 5.475694765372332018e-01 7.983034215764831520e-01 1.636897243200845509e-01 1.537123971950419277e-01 4.361909740091467480e-01 7.957764086772426415e-01 7.692948513523818477e-01 6.968593138040847235e-01 1.994286728092444783e-01
3.616553688910117970e-01 2.616410126243101653e-01 2.121219573546775372e-01 7.613715619096349529e-01 8.308146648453385019e-02 5.692664935483131572e-01 9.192249779945965704e-01 2.605907642726122964e-01 5.378202641663255568e-01 4.384519746843096311e-01 9.593458783749997387e-02 7.058306177374616963e-01 1.214972938518271706e-01 1.190025819889271030e-01
7.731519830270617843e-01 4.937425315693062533e-01 2.354217739163767531e-01 5.579758185909189372e-01 1.028015437823391887e-01 4.209991532136488912e-01 6.637416710133930975e-01 9.678518322222458004e-01 3.285579734406097741e-01 3.659041228619133168e-01 3.956282770987610276e-01 9.795876989679994651e-01 9.571086408049860328e-01 5.254586416214230837e-01
8.803479219078608198e-01 7.310703448423191420e-01 4.744681075785238678e-01 6.326793420037369886e-01 1.007484516451051526e-03 2.786538264460014513e-01 8.109297768587104827e-01 5.553060419618123245e-01 9.805846854157120873e-01 9.746109324392302486e-01 5.766652002352361528e-01 5.299762836640028452e-01 5.967527705169161090e-01 2.337783038382185152e-01
