2.281415678910830858e-01 6.250031181835313809e-03 8.164801426794090489e-01 3.691887385930625598e-02 8.399194921710700923e-01 3.364715464298362324e-02 1.756469382567438231e-01 9.559935799646707144e-01 5.687198968536089083e-03 1.772926359495013982e-01 6.701913239029154701e-01 4.121083678599942735e-01 7.761211323553429686e-01 7.110073030714891829e-01
1.408684971283270526e-01 1.744888856540383060e-02 9.670161024908059400e-01 5.605243822232265360e-01 9.234897470143323961e-01 9.845377915271261715e-01 9.033783454967485582e-01 2.076589142947560251e-01 5.969197192236679328e-01 5.813403911188318451e-01 9.484334736797566112e-01 5.473277760874092346e-01 3.848926999272104243e-01 2.287727161475999749e-01
9.922044519820371056e-01 1.689126470241910649e-01 2.031065619390969301e-01 4.284639483083728662e-01 5.807686331641654931e-01 6.460711121643609722e-01 7.710671458176296955e-01 2.340721579006078690e-01 5.563424281582296516e-02 2.391007790994708060e-01 5.534283320731644418e-01 8.605935172221764740e-01 4.733699049131083747e-01 6.685400735173417930e-01
3.944224361701763604e-01 1.766115241864252283e-01 8.956540562006194417e-01 9.181228554973042133e-02 5.636048556685780975e-01 9.470032574977038653e-02 1.315327359207374425e-01 7.095237875775955994e-01 3.791647942395670601e-01 4.960860869778144222e-01 7.127167691419311613e-02 5.343214776197896532e-01 8.690008953576499051e-01 8.280245394707008710e-01
5.777231597247411976e-03 2.176597075863987429e-01 7.556933236637655149e-01 8.819402801976379269e-01 1.549443865521988872e-01 4.351878916264726449e-01 3.194522977175462408e-01 6.272587777669333953e-01 2.227201786281183260e-01 9.833194400928162437e-01 1.539947369565641822e-02 5.513685222702169320e-01 7.444369705629314549e-01 6.833189654832926285e-01
9.283062735125237053e-01 7.905425823410078268e-01 6.369626202762201927e-01 5.918466302482729979e-01 7.001916583827311191e-01 1.706602749527735829e-01 6.686641883022692578e-01 7.811618088670194693e-01 3.240561462248128244e-01 7.434838041609759252e-01 4.287179700123442405e-01 6.332125780344342036e-01 7.350849136664392436e-01 9.123856465562019125e-03
3.609502665597962290e-01 3.558518426660041145e-01 3.200618037415113859e-01 4.601550563024977558e-01 6.568638784342228920e-01 6.269816570224664432e-01 2.809113662952740231e-01 2.535996038262866570e-01 2.155982714076285500e-01 2.136460018392368765e-01 1.857476883850254223e-01 3.887006651177791205e-01 5.933430332212238367e-01 3.817734556053775652e-01
7.916939994786582613e-01 6.233792463732109601e-01 6.642452708117656535e-01 8.694454787477423618e-02 9.551755303187533519e-01 5.692459648391055005e-01 1.865178057767412634e-01 4.003684306436150475e-02 8.347489007804786976e-01 9.664478887358660675e-01 8.515669049373202348e-01 2.165324841537129563e-01 9.613229223996746509e-01 3.936914213995778011e-01
2.975935481004275962e-01 1.711263631475756775e-01 7.915069104761834895e-01 7.553301552194096047e-01 9.089697411343926614e-01 9.599972340096831758e-01 7.707201846939294443e-01 8.935236592227349117e-01 4.020935527560711709e-01 8.250989950020177766e-01 6.506592876647647739e-01 8.795999827618801170e-01 8.097727712596652916e-01 6.391985907760540098e-01
3.307615251110942456e-01 7.286195352654930568e-01 5.739469231737871491e-01 7.286096383446313274e-01 2.297394561278154335e-01 7.187964038051144477e-01 3.222840843669718680e-01 7.169439075263338568e-01 8.350594397266446478e-01 6.399257557909506788e-01 1.436363692093476363e-01 7.984205857034655240e-01 4.204390020736377132e-01 5.568006558667657480e-01
2.260845208845608800e-01 6.157191019101471152e-02 7.867416919036528400e-01 7.543953863905528134e-01 3.042026283919783136e-01 3.519270817038332444e-01 9.700649790099618031e-01 2.628426652824465970e-01 9.162473057748433680e-01 1.083357851438849773e-01 3.198813806375788715e-02 7.634955781527585916e-02 1.398058972550304535e-01 1.192927753766637178e-01
4.578999533341563399e-01 5.217002774064405379e-02 6.519364418573688758e-01 4.371760144807668169e-01 4.575773228192422382e-01 7.860637154418094186e-01 5.345463913956609581e-01 2.430040535530064716e-01 9.815776629792022367e-01 3.324231427330177624e-01 6.778406813325663638e-01 6.302986331519485619e-01 5.682784175631662160e-01 1.015798982719081645e-01
1.903838028499815760e-01 7.022583333913027248e-01 2.875461540525259263e-02 8.480142281163567386e-01 4.256330625960128566e-01 8.158218287808908231e-01 2.465731670777284723e-01 8.316861795629184595e-01 1.165146662338771844e-01 3.176180235253451833e-01 4.526108454471211573e-01 7.849670081004417321e-01 1.090674708619796540e-01 6.849073720569739399e-01
8.573820294300046330e-01 4.860988226822715585e-01 4.085894293825940160e-01 4.400735029606912541e-01 8.998250240068691452e-01 8.945800926594388303e-01 5.357878802093920534e-01 8.555632475879526577e-02 3.529052023425715001e-01 2.976518533603037531e-01 9.030610530013906123e-01 2.725641296836754934e-01 1.044118158424511833e-01 3.982070668310845329e-01
5.388519258792945354e-02 9.529198172543718037e-02 7.669688176926632295e-01 5.590991944021826976e-01 5.196427575442218449e-01 1.820694171494932068e-01 5.259131879377518803e-01 6.625163998956601352e-01 7.047067980502671469e-01 6.622153697455598342e-01 1.879177424268052565e-01 4.282949609699943094e-01 6.961383814717380103e-01 6.580132222306379619e-01
5.175659478900868082e-01 4.834433354970855135e-01 4.828355866417094466e-01 9.790436873418559838e-01 4.287893456886393562e-02 8.835618039867687568e-01 8.084647588987744493e-01 7.435684294660083182e-02 9.506356895053428291e-01 7.062725407372393294e-01 5.567678451761489677e-01 9.716404103928493186e-01 5.127967303824764178e-01 6.538586272014026424e-01
1.818595912619322963e-01 2.836914359933251362e-01 8.887902529934543772e-03 2.992860665383333396e-01 1.508223643318207241e-01 5.909737829322841973e-01 1.225800415240336783e-01 2.335781719363727582e-02 5.048729883154348119e-01 3.354639609736232986e-01 9.533120557395214911e-01 7.026300465590480382e-01 2.403431167047582750e-01 1.282297140697810089e-01
7.990050255036296178e-02 5.833520989756576514e-01 8.134899700402459244e-01 1.616409823908345755e-01 5.463734111066276267e-02 9.282609448133273267e-01 7.948043135803228854e-02 9.630841223062951428e-01 9.488913338468540903e-02 2.019835032513619399e-01 2.866007700757706722e-01 9.975080251587846725e-01 8.197170906801753976e-01 3.307073879138338057e-01
7.495208896943112986e-01 3.419915529737727056e-01 7.953472441360674994e-01 3.315134550303068250e-01 8.817445358545297207e-01 8.938173504975542860e-01 3.410858702609295134e-01 3.307746665843744882e-01 5.741208231974284093e-01 8.188941810425470758e-01 5.767437615334223278e-01 1.801696845306263173e-01 7.622470925034010580e-01 8.264866255886201829e-01
8.311510756027115088e-01 2.453777381079088604e-01 6.211829472697221188e-01 8.850141160183482292e-01 6.033376787163154953e-01 5.590976218307641687e-02 9.445683467457355320e-02 4.413130930810535979e-01 9.708709277851691466e-01 1.282697068080318470e-02 9.004870237332779359e-01 7.267796203810805711e-01 9.684520328162375957e-01 6.874978947015035757e-01
7.299690587031147926e-01 1.359737126518201222e-02 1.609434519808357056e-01 8.153970060283244337e-01 8.439330348506732804e-01 1.806125102119181536e-01 5.552657041452970788e-01 4.782086822169204776e-01 7.466546075519987502e-01 9.623081980441134942e-01 2.830002144107259809e-01 6.784880857968286216e-01 7.282376403797637954e-01 6.743315106227905087e-01
6.459703586777328921e-01 2.599307357050728573e-01 1.252002566711216680e-01 1.559059237902458150e-01 6.793905332322216495e-01 9.919656367972408129e-01 4.656725663220165901e-01 2.744476964473375746e-01 1.229600752368642524e-01 5.563040608133426046e-01 3.864703461208202073e-01 3.824969906547948106e-01 8.211047703583664870e-01 6.420579633155274468e-01
3.566881817608180683e-01 8.869425656720913986e-01 4.776929866021237814e-01 6.954496897759269158e-01 5.913329364361984419e-01 2.132957114910641883e-01 2.047498499399036387e-02 4.887536553099907088e-01 6.678034652034420260e-01 4.450642443391119585e-01 9.199745020686667107e-01 5.366584271493339831e-01 2.786048921751228535e-01 4.386532560709995865e-01
8.532245326977998534e-01 7.211181617463126026e-01 3.066312763715612899e-01 1.059972770308347245e-01 1.304922164289982200e-01 1.510496678490635958e-02 2.149628742839879703e-01 2.433939776487686890e-01 2.501159137724897619e-01 5.630307904393477836e-01 2.772290652511082421e-01 4.051084944305618496e-01 1.649820705422581080e-01 6.364508731275300146e-01
4.462036374481150869e-01 5.089425675409913197e-01 3.467654343681991769e-01 2.042762575512835355e-03 2.618581789714032881e-01 5.636576316477701631e-01 4.504580676654473814e-01 5.065249108888153495e-01 1.957644533837137324e-01 9.961794569804349742e-01 6.733926297441028552e-01 1.267868916915525501e-01 3.676115823901305868e-01 4.557222599936516794e-03
6.167577768796237425e-01 6.282087317244489100e-01 8.547867933266960483e-01 8.586689331005816772e-01 5.477070399443536575e-01 1.508188416143625421e-01 1.708861686983546013e-01 6.723608275606458573e-01 9.964144328891918478e-01 2.972884189965474544e-01 7.253907721636121408e-01 6.264346137929319713e-01 4.371067297184860756e-01 6.552613519760761562e-01
4.293808153219846879e-02 7.173390548555369506e-01 4.026225100585313355e-01 9.633236161434023392e-01 4.005749396858769851e-01 7.670579279441263054e-01 4.095331171015769156e-01 9.697930754327603875e-01 5.731268487721443705e-01 5.948799953879699842e-01 5.433006550992025563e-02 9.048776915841155732e-01 6.681652945531910692e-01 1.482774168712219787e-02
2.735312856359485290e-01 4.195847169786690589e-01 8.634119603246899199e-01 7.831081899614744657e-01 4.501930914296287112e-01 3.783035271458083937e-01 6.076657640593234877e-01 5.415875180502092157e-01 3.235296602145876221e-01 3.842038321786852562e-01 8.306631352116077283e-01 4.207129299747447426e-02 2.197308570608530465e-01 6.414991274055645842e-01
5.609679861754708341e-01 8.100580415958402725e-03 5.736317819312481969e-01 4.426064459017420294e-01 1.729951368625881614e-01 3.700251735212717330e-01 9.718044288110497808e-01 6.516949406284752166e-01 7.185436085489791402e-01 3.059242245004645255e-03 2.413168589426640809e-01 8.230906172070336924e-01 8.314386464843059876e-02 9.243285132913945379e-01
5.983276145025948622e-01 2.282538572333450144e-01 7.985688268332084006e-01 2.955245460743154418e-01 5.645871169348259944e-02 7.805668391590053767e-01 3.794681792797306441e-01 7.334012558637690304e-01 5.032533455204033501e-01 7.557741847363572685e-01 5.184761571853824247e-02 9.677514748619581164e-01 7.471692537979663928e-01 1.090778277746395908e-03
9.464469223301895662e-01 1.240021230446248790e-01 3.086917754430292815e-01 4.819750217017806371e-01 7.227329652244967040e-01 2.012479721691391443e-01 1.037216200557230517e-01 1.825731434443842449e-01 2.706632539783160318e-02 1.234275306031981101e-01 5.298370114780620588e-01 4.459097811028219782e-01 1.341268494128057265e-01 1.026466154537922781e-01
8.904210796097336011e-01 6.994594997387157953e-01 6.545828646841701515e-01 5.482417840147613131e-01 6.657268194970733521e-02 3.961003320245699566e-01 1.605549836967526955e-01 4.848949262393682513e-01 6.374815495694887701e-01 8.369738614537292065e-02 4.609963135174561799e-01 7.539522045178713716e-01 5.232854592192102139e-01 2.021270064614907325e-01
7.073641176951382947e-01 4.085687156626595096e-01 4.810944406376627125e-02 9.937029161644862496e-01 5.052490235770349392e-01 1.942311618571082033e-01 2.835446075199812288e-01 3.604123424922891505e-01 4.386746246415594852e-01 2.039482140324694326e-01 2.426195116684387587e-01 1.104538148466381875e-01 4.686719182316334553e-01 5.441470460319272062e-01
3.687628731392825765e-01 8.328560095418913178e-01 1.751564206998420525e-01 8.910439544181705251e-01 1.712004422241496515e-01 1.584527068061577504e-01 5.473393302073438216e-01 5.476337305948110190e-01 7.655433173840409111e-01 7.986523179786108040e-01 7.474784221526842298e-02 4.294931719997094888e-01 9.994605093382147309e-01 7.132508434563499256e-01
7.269125802783465984e-01 4.849699483119169763e-01 8.182278303336819603e-01 5.758570589449414356e-01 6.428945357099886682e-01 4.517728825166412721e-01 6.665955127001311764e-01 2.488317488981590664e-01 5.017028774848493189e-01 7.949423304527331036e-01 4.869814943626621373e-01 1.689392519344252719e-01 9.578610524573000218e-01 3.197445108650378565e-01
5.777669389240640552e-01 3.886166438404679013e-01 8.234234618070478406e-01 5.990614380049829046e-01 9.061826205151055635e-01 9.194631804048168933e-01 3.782750268345471678e-01 2.803220598667681696e-01 9.067652467555239459e-01 1.969861475521050842e-02 8.793807276331053746e-01 8.935380280523148588e-01 5.997645071242290182e-01 3.713518377385895963e-01
8.932122551844942082e-01 5.362012168071905727e-02 3.299528112907738064e-01 3.351821637198684201e-01 6.437768073081060471e-01 5.959664414361364182e-01 2.416840115902886277e-01 3.326691830633355940e-01 6.679999622741967791e-01 5.292110378606426080e-01 4.607647810923000131e-01 9.134885979523993393e-01 5.839743329363067392e-01 5.165190231898897366e-01
8.662464887924689050e-01 2.088230001596350638e-01 1.190672810558554007e-01 7.200498826760509674e-01 1.848935190888951752e-01 2.190738243067109625e-01 6.616401006178923572e-01 2.590609996040815766e-01 8.280496843870249757e-01 9.054821620673046967e-01 6.013157568567224498e-01 5.398007059223686177e-02 8.087260563669241842e-01 1.197896144795966844e-01
1.275463697541359132e-01 9.019362810531385000e-01 5.801820525157275199e-01 3.870438806431197865e-01 8.879891869710592189e-01 9.208165401523992211e-01 7.567150487927249980e-01 4.973400700382950568e-01 5.811096941060260868e-01 7.084695530158404697e-01 2.791306687885669602e-01 1.123352774229349205e-01 8.218510760768371615e-01 4.480727402573656537e-01
2.358949090899035150e-01 8.930833538008431383e-01 9.953452960599709076e-01 3.040009441997811868e-01 9.368286154860289150e-01 2.700816960901224473e-01 6.483333542912682601e-01 3.249160635050575285e-01 6.300558177407340477e-01 9.482825307115909652e-01 5.719101808251871866e-01 4.209325197840610988e-01 1.984975407628204458e-01 2.250751877649227461e-01
2.193131943902468795e-01 8.683101627431665248e-01 2.356988226929004338e-01 6.942676010317613278e-01 1.037747750373800848e-01 7.746601364093301800e-01 9.057898117096718771e-02 3.295401042326644436e-01 2.595792505174815412e-01 5.827835181342642112e-01 3.710518849336882363e-01 9.071341631240237291e-02 8.886775159243031075e-01 1.251500221373232913e-01
4.209445574360698439e-01 3.680793482551180107e-01 1.064516570571307774e-01 9.778377547182991458e-01 5.233885817249576133e-01 3.171602285619038453e-01 1.332609954048954437e-01 5.399631023503146388e-01 7.207678933842979196e-01 7.398690968641753463e-01 1.304970602225130616e-02 4.431324942224481589e-01 1.024739481009273590e-02 7.224952165268492266e-01
3.598953827349068435e-01 3.362572982114619968e-03 9.101057392028099047e-01 2.124149277230035215e-01 9.441717982469708392e-01 2.240500236936012746e-01 7.207703064691294292e-01 1.867224092248835898e-01 1.306033119636440532e-02 1.731719482641033148e-01 3.254916585919659378e-01 2.159914985553029743e-01 9.205519101825552220e-01 8.498791212289587005e-01
9.442277671995040755e-01 6.226084610856863488e-01 9.455943430902948865e-01 1.921049402505335957e-01 8.123082556721270553e-01 3.062707518719781641e-01 1.989004974421663130e-01 8.327256771864046669e-01 3.440545319683995240e-01 6.203757293354964508e-01 3.168660644622042222e-01 9.615399251398553115e-01 4.691056849994810207e-01 2.978120720192424242e-01
3.589647661528916345e-02 3.576577210252082084e-01 6.053227494265055464e-01 9.881937691794674405e-01 3.275624819145215305e-01 7.733605908218030844e-01 8.675663971117085760e-01 6.152314795448838858e-01 1.098531856157362041e-01 6.237733106882084044e-01 1.540995586331517231e-02 5.105035325138813640e-01 9.665461675019230148e-01 5.675286431718405966e-01
4.173942508136573304e-01 6.276014640455347404e-01 5.752838726547995218e-01 8.335083232484877813e-01 6.800476238868164991e-01 3.615077728260849277e-01 1.200564392506876521e-01 9.268307518034176740e-01 5.605777690415927328e-01 1.941393256567607306e-01 2.176879741467597773e-01 7.555513816975977237e-01 8.296946715385686844e-01 2.824758297042861965e-01
6.600057478244569786e-02 3.777413519773893391e-01 9.343700975887408999e-01 3.736232368716927432e-01 6.464858354178312227e-01 5.933466873896853233e-01 5.743585156496477939e-02 2.273325832318096040e-01 5.692115255235830062e-03 4.852051781521304896e-01 3.717078582219678351e-01 4.404947228491729039e-01 2.186209405605129552e-01 6.023080374550718874e-01
7.393536498887061104e-01 7.626915977599666441e-01 3.450850148339972279e-01 1.758081924369523374e-01 6.391629865266342803e-01 6.545222641107669714e-01 6.453857970855336745e-01 4.652482392573822345e-01 2.728022744737228500e-01 1.056066594068091336e-01 7.188092006330335515e-01 1.816954025585418853e-01 2.148512408622146319e-01 2.531743193746376352e-01
8.112537177762887408e-01 9.115331867257528975e-01 7.307735463878229920e-01 3.201266561209830108e-01 2.317782185571981568e-02 3.764781588345964547e-01 6.689622502155284645e-01 1.397890874162366348e-02 8.549571299055455098e-01 2.986716524951638085e-01 5.479180420237206306e-03 4.981754493040432274e-01 8.130267766209545721e-01 8.471154065929433763e-01
4.895198499123516456e-01 4.213089431519755346e-01 5.057454115236537096e-02 3.437254583528354113e-01 7.093060987889326929e-01 7.916323586380067390e-01 6.553736762773245683e-01 1.542596165162999355e-01 9.614772607957948747e-01 4.612150880106364870e-01 4.816840111724773887e-02 6.122066462951799570e-01 4.017505132871462825e-01 8.900215306196213039e-01
8.735270290110809244e-01 7.530346589136390767e-01 9.984840825660451502e-01 1.847687960954115249e-01 1.678341714362885373e-02 5.024769045292982739e-01 3.036887695046042168e-01 9.571424650486437535e-03 5.216875851292086530e-01 1.787690554938039522e-01 3.033797921664010966e-01 1.218129276109681802e-01 6.880947869462423760e-01 6.656396571403385698e-01
1.014198962123784575e-01 7.051260356243033156e-01 3.374327249556735575e-01 1.090806380615535476e-01 7.780179049400764990e-01 9.003958578861848139e-02 7.547556475576508994e-01 5.953804056227157693e-01 8.831721310487639087e-02 3.035513086447555464e-01 3.224418603064700406e-01 9.211521093145071948e-01 2.262049210235717034e-02 3.317358017932259262e-02
4.303656521225078802e-01 2.383441408481432600e-01 3.692540427647417189e-01 4.905567191514873526e-01 4.981756208427007282e-01 4.272053650076473863e-01 9.322723754308710475e-01 7.018934645757280988e-01 5.834797614964264412e-01 1.604199671447448239e-01 1.209644759968311334e-01 7.309273740212077763e-01 6.294226321743265906e-01 5.983272276549733704e-01
8.978594204394185763e-02 5.941460853387958707e-01 6.690062833850085600e-01 6.416427366090501350e-01 8.956534346191972196e-01 8.109525143983569162e-01 5.552599189532821944e-01 6.619252260152955758e-01 5.837882360044590602e-01 8.768032440043108666e-01 3.154946086087240253e-03 6.708655495699451521e-01 8.542135870091605021e-01 9.456720770052003955e-01
4.355634874793818945e-01 8.735411855472621223e-01 4.075749325459003813e-01 6.479047114833367260e-01 1.190946697515201658e-01 7.340503476270824335e-01 6.032283239590428003e-01 8.039661486401464829e-01 7.807954635929744702e-01 1.297614471080039689e-01 4.439304654737697975e-01 6.462064611780055090e-01 6.812581807241168130e-01 3.110025148091056790e-01
1.560129308721259767e-01 1.395565386886363779e-01 3.401803422985612002e-01 3.910271363215075402e-01 4.715659525614767089e-01 9.970397286397608694e-01 1.323844325283909384e-01 8.200789264508359100e-01 2.431069322131990118e-01 7.449569127813773228e-01 2.355007068584665797e-01 6.070172405534056681e-01 6.858784492037450775e-01 6.241628894793271876e-02
5.200875450559072632e-01 4.920245258728835891e-01 9.019131630286788548e-01 2.278841420070402135e-01 6.549568205211564464e-01 3.947486076030909397e-01 8.866288069295418239e-01 6.287939530489383699e-02 7.365868456307794743e-01 7.481583752112865859e-01 6.012003977360739215e-01 3.288359348682075023e-01 7.703850568134812393e-01 5.174275444215836739e-01
8.879711916744916778e-01 1.000412868355355922e-01 8.665303504746386665e-01 1.130651640090570842e-01 6.615173808737326855e-01 6.911876678128371365e-01 9.356003314779849367e-01 9.526185540047121814e-01 6.784738115189289376e-01 7.716332107245853500e-01 3.388241860947860395e-02 3.940559854234371162e-02 2.298656528412378330e-01 7.848030224225495122e-01
6.700706552472110999e-01 9.535689946322628563e-01 8.844841136708009310e-01 5.289568882004941353e-01 3.657453921413492681e-01 2.594166415199261611e-01 8.382875548033630331e-01 2.404227700099680343e-01 2.869242419416718759e-01 1.892549713465265793e-01 7.822402218475524860e-01 7.734193298569032038e-01 5.838101455025253017e-01 3.309703920143726164e-01
6.617914633165842275e-01 7.082435416132464301e-01 4.633700661210331528e-01 2.169153462035025015e-01 8.548455886261027148e-01 2.027484417311905540e-01 1.546656353725353039e-01 8.792171925647118691e-02 1.024051352084519584e-01 1.236942037523489635e-01 4.511110388731803811e-01 4.915195463769245210e-01 9.925100165862210666e-02 7.147593536812458792e-01
1.977625967751923675e-01 3.336329741714660901e-02 9.927907865282944444e-01 3.830240813136853717e-01 6.146715380203497947e-01 6.795394867377888559e-01 6.932004376370544119e-01 4.265286717337734013e-01 7.790819008296676618e-01 1.300031445685232434e-01 2.328479306104624946e-01 3.097158742404243492e-01 1.162933439637345856e-01 9.258962691697298908e-01
9.077479684676736937e-02 1.238117383402191907e-01 4.628946411264434069e-01 3.659076690276000798e-01 6.836363303537653646e-01 1.124304008320766712e-01 3.053031143510837042e-01 7.976310986756312005e-01 8.412448613027779798e-01 3.966160242838289163e-01 4.222126158071878299e-01 2.005619424548484853e-01 1.244833044906601405e-01 3.633010370441361880e-01
2.237363523906754637e-02 2.304662298039739099e-01 8.270628458435139718e-01 5.733520664539923928e-01 3.685615269825990303e-01 3.884161663126212138e-01 6.312293721461817997e-01 7.654943289834519327e-01 1.310619935115032719e-01 7.514733531366075692e-01 3.409633914365655105e-01 8.485830418376200113e-01 7.655771357411881306e-01 3.476616935419518661e-02
8.305895827697800105e-01 1.206113120543138573e-01 9.619379622588321022e-01 9.524893561666435415e-01 8.558902819373538362e-01 5.558018816117193950e-02 3.938978301982395402e-01 6.859663811141392120e-02 6.245130682801494082e-01 6.871681005937737563e-01 9.563106058741921434e-02 2.112622338069303218e-01 4.314143407604853486e-02 7.858300163774996072e-01
8.986530958311300665e-02 5.305664852203868520e-01 3.512227846023241451e-01 4.149241635612159751e-01 9.878837347573249383e-01 7.901299924434161959e-01 1.682249327626950119e-02 6.807559511628042959e-01 8.830066618774100595e-01 7.798381236306575204e-01 8.407252244747616121e-01 3.084675673010423003e-01 6.100376158766386281e-01 6.161512006670099018e-01
4.345017930722810950e-01 4.451600523011287613e-01 8.900296517100662053e-01 8.957729381538859226e-02 5.532724015216891056e-01 3.422332087152304414e-01 3.465659529852804788e-01 9.707529412877402564e-02 3.043396979560082372e-01 9.136206185798901869e-01 2.570613819944642664e-01 8.507269576547108469e-01 6.083450373588501492e-01 5.066565544582614100e-01
6.348268113653905420e-01 8.168747754336891376e-01 9.431191364873799943e-01 4.873256685748463823e-01 5.329013657752722510e-01 3.332387437481286740e-01 2.590163341083774329e-01 3.349847761892611464e-01 7.860675452670984331e-02 5.921421242833054821e-01 3.321601783172737354e-01 1.460312576147005936e-01 6.280875990881022997e-01 1.306409742864380608e-01
1.291405809975471053e-01 7.513770010474584149e-01 2.143833506900647556e-01 9.633305472071751474e-01 4.945910863099761690e-01 8.578972478876145669e-01 6.186326156289139178e-01 3.747927252462736059e-01 7.477678031890810928e-04 6.685964261094470285e-01 8.215543853473233904e-01 5.956761851515167683e-01 1.249541844671503421e-01 9.992650868034699263e-01
2.443791441407308085e-01 9.504380198492923260e-01 1.594296725710813156e-01 8.797349965877565570e-01 5.235273422222156414e-01 1.150127695114079307e-01 8.506869274018825644e-01 1.185531268375723535e-01 3.514453380036879349e-01 9.538231411694519934e-02 4.404808956270045428e-01 3.507090833158134080e-01 4.114478935380315727e-01 2.423869660246384949e-01
2.590220294074714324e-01 1.434991971027265167e-01 1.633937258491928723e-01 8.877035103244570458e-01 8.087905716761699670e-01 7.491273130752050813e-01 8.419234041116043787e-01 8.530140717581562448e-01 5.058177957308735984e-01 2.961565383877251545e-02 7.366459231596450552e-01 9.810524884321401018e-01 4.871231590592726146e-01 1.947175447491773514e-01
6.714957516843764740e-01 4.804473030869257366e-01 7.114067838723693304e-01 1.644570823768702894e-01 8.144601702804613597e-01 1.773491521867410770e-01 7.337944194855572366e-02 4.546407007615411722e-01 4.590676247806171340e-01 3.089845550231108406e-01 7.305670661478435024e-01 4.685226856619661984e-01 7.146240107908896633e-01 6.749089288965695044e-01
8.190077030640929845e-02 3.444118448379258624e-01 3.818415267424155601e-01 5.775209520132459362e-01 5.374272033779206037e-01 5.609134625233397342e-01 2.542667883578862975e-01 2.270103669547899328e-01 8.711817940921705583e-01 2.435663351689620892e-01 3.283651880093030329e-02 1.691418903059191958e-01 1.311852311315113706e-01 3.157601309477569007e-01
5.716038789790910402e-01 8.170172672064146546e-02 2.219200675914840826e-01 7.258448700368923534e-01 1.275674817795477978e-01 2.311204943396689693e-01 4.412510864585733605e-01 6.885170263157396331e-01 9.373266862641737029e-01 4.986915649764622760e-01 5.924647630693592459e-01 9.008327075260156303e-01 9.519255956172014699e-01 6.732155347840693693e-01
9.470853925348033941e-01 9.823754411549020515e-01 3.959253707195919958e-01 1.471114963336330739e-01 1.535611586969042319e-01 2.191613161681555955e-01 2.747649554714001185e-01 8.671467412739379821e-01 4.571060869457684861e-01 1.118917870823863403e-01 9.238515671251071870e-01 5.254049168797173541e-01 8.222827198707085561e-01 8.893510769716457265e-01
4.962991683401151155e-01 3.751933416719703818e-01 1.327497583768537659e-01 4.279220039514444185e-01 5.821743414361937319e-01 5.027276644876881306e-01 6.909205649372119895e-01 8.547408033581267439e-01 2.042374518773648617e-03 3.178160589504783751e-01 3.844475185460204392e-01 8.373591635885174744e-01 7.633865969093257542e-01 9.687937429010153867e-01
4.143627147821818957e-01 4.046566425957079938e-01 8.004666302913965303e-01 6.105145675356136170e-01 5.523445461482543450e-01 4.512166180679428873e-01 5.683736998017965281e-01 1.739413029735499272e-01 7.060975875290276260e-02 3.198743029729665954e-01 7.144902946592095461e-01 9.542076664575867007e-01 8.597599670782202219e-01 3.456619362473061230e-01
1.245327270007879905e-01 8.256991933716603116e-01 8.725695351525932786e-01 5.525095617592368225e-02 6.529174016285588245e-02 5.174182772241787687e-01 9.996381723855158885e-01 8.812967648135078269e-01 5.780442519814287250e-01 4.348451401229880275e-02 2.615878324435781943e-01 3.666800091752497881e-02 2.532638514882610270e-01 4.227057229198638577e-02
2.151317959891212439e-01 3.056224187410825355e-01 4.100419423837028399e-01 9.929379847742836329e-01 4.071703854513843979e-01 2.242311575600092199e-01 2.878313618484289460e-01 5.509612350463809483e-01 8.294881774259712515e-01 1.077625906467052364e-01 8.196385905497592939e-01 9.226743482723621659e-01 8.009891409385491157e-01 4.741048645718832777e-01
2.605131123884677491e-01 3.185017507718801433e-01 1.666346237816650477e-01 5.395675196513147753e-01 5.917535943189800030e-01 3.203236693167774707e-01 4.588660513864838419e-01 7.436677638022636261e-01 6.445191840984776377e-01 5.691744920918742068e-01 4.879656120529372032e-01 3.527182323164675948e-01 1.655525685900749444e-01 9.530577500967638560e-01
9.961225918766269949e-01 1.400844725207088803e-01 7.137337655057708341e-01 2.582636970111608088e-01 3.085447999202727276e-01 2.319598836817208243e-01 2.472093500586322046e-01 7.826691516197104015e-01 2.714513862360159457e-01 7.310853115329405405e-01 3.000915277152288452e-01 6.973682927743788396e-01 7.729577675776091450e-01 4.283162705122803837e-01
6.070473314676438914e-01 2.469591956312138237e-01 7.074069174126076387e-01 5.866751515501664738e-01 6.184627995018958657e-01 5.272877027972452391e-01 5.419920584808374242e-01 8.596508612656310611e-01 7.912591265429097520e-01 2.370808708092940753e-01 4.213981660993648681e-02 7.698257582387333375e-01 9.557477336873112517e-01 7.479213871833647609e-01
6.722600382882234493e-01 1.504179345822446168e-01 4.683868766965325614e-01 6.777537437513709850e-01 7.168564799859430403e-01 6.435198039568489348e-01 3.708553481699463639e-01 8.009341233080511380e-01 4.125832052798318328e-01 5.974338468668635160e-01 3.635006553143758090e-01 9.376172736826227094e-03 3.360175702688746879e-01 8.423018043942331889e-02
6.187609817121036970e-01 1.136809175385061765e-01 4.349355329346696886e-01 4.492548119773295268e-01 5.097392792455085475e-01 2.113961188398747471e-01 4.850776362668165476e-01 1.958332353900390510e-01 5.666778552624907039e-01 3.347138734930457105e-01 7.070268046539898155e-01 5.635586635410412271e-01 6.053355353037304099e-03 5.816272005535536582e-01
6.069488733309907902e-01 9.315635258133951879e-01 8.930975161952595665e-01 2.489869802541684329e-01 6.467501180741012101e-01 2.800205478861692576e-01 6.916042104758037823e-01 5.057124334379270447e-01 4.846007414210641295e-01 1.025911316807022189e-01 1.674582253489309558e-02 2.800184524573338107e-01 9.017858545733150599e-01 7.751341671325163718e-01
7.628490967178858106e-01 7.165538157639329553e-01 8.177743122374458995e-02 7.590557749260296028e-01 6.127547746311745591e-03 9.525573261729314289e-03 3.829096042437282188e-01 4.142831282558905315e-01 4.779059824281131075e-01 4.691675733215456834e-01 3.018013255427615116e-01 5.257368550444307953e-02 2.547249223528901263e-01 2.500731921708140293e-01
9.986044333002546125e-01 8.799194798075928858e-01 7.491720426401349275e-01 5.842047077362383378e-01 6.497040554148386660e-01 3.797664893204609760e-01 3.254935398106532096e-01 6.364353282010973833e-01 1.684883522010260926e-02 3.170152692566554631e-01 6.502274159284142652e-01 5.637691549479165731e-01 5.916454727218293241e-01 9.657683420623381920e-01
9.337972178381999111e-01 5.828653940552763757e-01 9.837033151991121382e-01 5.492484523519747253e-02 7.054708734161796446e-01 5.572380106464074334e-01 9.971844956200551779e-01 5.166692122750609073e-01 3.710981661901657791e-01 4.180159933059323096e-01 6.564263990971554996e-01 1.056775211299718631e-01 9.651854521023988109e-01 8.296338930608728734e-01
1.164781850251730422e-01 1.013578368920686756e-02 4.857310601410530504e-01 4.956354345691738050e-01 1.295555711668150423e-01 7.373829944625880373e-01 1.064599631933873525e-01 9.389985610117801418e-02 9.192286612895921305e-01 2.721174614776057377e-01 4.845001969861391089e-01 3.540102579379456049e-01 1.022977169888946714e-01 1.550130221194006008e-01
3.260389611436004254e-01 4.341543317409684022e-01 9.733462462823738726e-01 2.287036976569699620e-01 3.797561367378982089e-01 6.260869240158861704e-02 8.253699919308156163e-01 5.253910537368613465e-01 3.478764702643070139e-01 5.528637474206399283e-01 9.771407270490642949e-01 4.925881673165203312e-01 6.617945601127043220e-01 2.951970859351382703e-02
4.976485689877597762e-01 1.681383840759276271e-01 1.859410845185860417e-01 5.582161736965554066e-01 8.705018151429543272e-01 6.310289252370588908e-01 4.363163029509321555e-01 8.407972192773705000e-01 3.071775951520075987e-01 3.086168813507971231e-01 1.701789007089198336e-01 4.641689288501247290e-01 1.108638857527876054e-01 3.004071282269950016e-01
5.886323063511021969e-01 1.362746416937730132e-01 9.499788260405107598e-01 2.265037800505247390e-01 1.568718764824428291e-02 8.249042284337992914e-02 9.426534721649287851e-01 6.859546753615952674e-01 1.564426626293391465e-02 7.142951275842194248e-01 9.488865736848868249e-01 9.942930258339803817e-01 2.261281282531663051e-01 9.636210399229039325e-01
2.957849830369841948e-01 2.939449456005885919e-01 8.349659204261608014e-01 5.830931775650022297e-01 9.129854533165066011e-01 1.235230981927885052e-01 6.462786776673280498e-01 1.485039462305683955e-01 2.284135257705651734e-01 8.050142644005201520e-01 7.793981963142855296e-01 2.168875705753110505e-01 8.178072767755466543e-01 8.716169894062202328e-01
2.388642295550993389e-01 2.095088721572735402e-01 7.041507067438323997e-01 9.207798754999507729e-01 1.827173457846636984e-01 9.114060745142712472e-01 9.810692041512706352e-01 2.189927260584011437e-01 1.320560961110108789e-01 7.110360821247297958e-01 4.956764915760695223e-01 2.442112273904549768e-01 5.207144728052697236e-01 5.929911249143220431e-01
8.988983678586836001e-01 2.712701941724545707e-01 9.818025081828786194e-01 3.201971519612988315e-01 8.867266637943604923e-02 8.068973841971351924e-01 5.998658969705422672e-01 2.969484165275682042e-01 3.354884972945727517e-01 7.491950409997666371e-01 4.801170811982498066e-01 4.702018019718978703e-01 8.800313781928221779e-01 9.556381681453217647e-01
3.294203128468745634e-01 5.659310726970678829e-02 5.632754738991487820e-01 9.520244971723649252e-01 5.429574781991942656e-01 7.332364112409590629e-01 3.317640826546380817e-01 9.308637562494559425e-02 5.074876192307734568e-01 1.325467881660405967e-01 6.406877448577347200e-01 9.714166971225859371e-01 7.217391807130283388e-01 6.556861880338527016e-01
7.660261437506246107e-01 8.963754606997375030e-01 5.508550285051039275e-02 4.899656418387332568e-02 6.296687295594640688e-01 6.349511605442265116e-01 5.056952184150254048e-02 4.949902716118996793e-01 2.087125445771851329e-01 4.675401789980913048e-01 7.671986851729878376e-01 7.104541353460935849e-02 9.357883257878815142e-01 1.420182615028842132e-02
4.567704717972598250e-02 5.121751519335859815e-02 4.402277127566771586e-01 5.690959071449687157e-01 3.745807710812126823e-01 3.133604107920284765e-01 6.232001606458774656e-01 7.777659584973561913e-03 3.220314186188322214e-02 2.651461057628429208e-01 5.158780822632521579e-01 8.553196193902647959e-01 4.215015580510567128e-01 7.193674673152683496e-02
1.824094036982440992e-01 2.358119800270570554e-01 7.030075679459654170e-01 3.597130715082708097e-02 3.615652287353807726e-01 7.314451549342071424e-03 1.671152616881949049e-01 8.104089105587870545e-01 9.819718990625866395e-01 5.769334261382961238e-01 3.737918100882074990e-01 4.521056397715256248e-01 7.502031986656799711e-01 9.347037895649485950e-01
3.033727606226196416e-01 2.800015419347124945e-01 4.106262413370870279e-01 4.012118242936825174e-01 2.385066068410371942e-01 9.527167644485768916e-01 7.350963942168984300e-01 8.495259651996845962e-01 2.810451326694008989e-01 8.155143390463802655e-01 8.953339267970465976e-01 9.887796707709997079e-01 7.107547701112628680e-01 8.153225459190428515e-01
5.226077049775905703e-01 2.919298311970160986e-01 1.360345116647737607e-01 1.368476171957696552e-01 2.334364785030834666e-01 3.254669249109720663e-01 8.420156634870579193e-01 1.359723503786441912e-01 2.092127711082758523e-02 1.667824173086823736e-01 7.405904601502409923e-01 3.503988827693099717e-01 4.876417033730187089e-01 1.241318829768768284e-01
