2.932540985203178074e-01 4.210323759631429130e-02 2.619922414550953649e-01 3.518604202256396807e-01 8.094841444421266852e-01 4.437201222203988049e-01 5.654354000051912132e-01 2.202190709940810009e-02 2.128418171153415583e-01 3.053028009059407522e-01 8.449369017432998286e-01 7.198485621836872017e-01 9.549205225389434393e-01 9.531926600231754865e-01
3.500286080217799300e-01 2.361803173986346538e-01 3.852251214992195028e-01 1.045714524697709535e-01 8.220318012570498878e-01 2.605010577498825253e-01 5.172054286689786728e-02 7.349946419491024674e-01 5.737535598161876971e-01 1.392108255847060994e-01 2.216479405412143944e-01 6.620278880486545336e-01 8.160303973925481236e-01 5.942327279825759812e-01
2.402448749481491674e-01 3.324018055177669906e-01 5.483252374425813258e-01 3.718220403324270507e-01 3.586692464814629222e-01 3.114058679747843117e-01 8.602010292281384585e-01 3.176959900487251742e-01 2.374601610605120428e-01 3.339988297183611454e-01 2.913056563399250010e-01 3.603054678247130660e-01 7.354996404367538654e-01 9.404741883404920122e-01
6.058456620226927436e-01 3.032564184890069736e-01 8.536870930793104550e-01 5.172217085744816867e-01 3.229973533312066047e-01 9.499000862319623151e-01 6.120264547942833033e-02 2.955320567019757982e-01 8.840398127976036857e-01 7.243587939119966457e-02 4.868033606847750328e-01 7.465534826434720994e-01 6.333991610060423216e-01 8.731678260220971932e-01
9.745613434384292617e-04 9.896240012932374652e-01 1.195193032277307443e-01 9.324196149962553637e-01 1.271974346889015450e-02 6.329203942916639125e-01 3.480866374019628839e-01 6.148949558969115659e-01 8.438731018487137803e-01 3.289543116545214918e-01 8.583011955456107955e-01 4.220543497020829982e-01 9.175781421257556136e-01 8.775120561015816723e-01
9.812252152225906521e-01 1.923968355527075902e-01 3.483871184499288676e-01 4.894452047642948722e-01 9.152018676347632997e-01 7.611597898289228503e-01 8.735314641249533052e-01 3.914004912096052946e-01 1.706213082578444951e-02 7.818778275754370011e-01 8.078174517561381718e-01 2.023122033100860362e-01 9.506911060300936578e-01 6.312921657464272140e-01
8.409938671257688458e-01 3.782052365683683526e-01 2.471157614714059036e-04 5.394256304500643084e-01 2.268758585616793555e-01 3.560945948241512893e-01 1.729453455899443437e-02 6.500749039868040091e-01 3.835291493227251935e-01 4.866142207937340647e-01 9.342909566777234387e-01 4.617031635141563006e-01 3.385564310440131175e-01 4.772341024586745917e-01
6.092499582794451696e-01 4.243452208549931548e-01 9.479096908449691217e-02 6.378848350098620390e-02 5.781486044683226133e-02 4.758976585796985681e-01 4.343316455012156130e-01 7.319419864736487202e-01 2.318585776324694203e-01 2.574866290607018549e-01 2.251293107694436468e-01 2.386481873963195444e-01 7.772354595989398041e-01 6.847020311246255764e-01
9.500610680079943915e-01 5.243460494722140819e-02 8.801895340545342616e-01 5.442122344463241612e-01 9.247799670011120909e-01 5.518671896313412928e-01 3.110511994444481454e-01 8.161989356276279084e-01 4.343435554884150784e-01 8.683070461466183554e-01 3.038070145492700602e-01 2.593550059243580064e-01 9.448504974715583593e-01 5.948990051412392788e-01
5.663259106436399071e-01 5.214774218077266044e-01 6.102769321126160218e-01 1.172036898843372699e-01 8.403968435601133491e-01 3.808961398340139359e-01 4.142734105951429990e-01 4.796995283476124250e-02 8.899763577861343755e-01 1.396958321792323154e-01 7.363170196050488059e-01 8.628152141055260849e-01 1.711346556785700024e-01 7.956457633179753186e-01
1.930949727150613748e-01 2.957704934703866417e-01 3.873403068215541811e-02 3.563176529869294118e-02 9.184881866576988241e-01 1.596744457577667919e-01 2.410898160408179169e-01 8.487943829746480429e-02 8.952456295832934563e-01 5.796974725623782465e-01 9.803853383041500891e-01 8.431045069993867713e-01 5.321297852268774831e-01 3.089982939963380471e-01
6.052383245454139304e-01 1.289461198405318365e-01 9.446430160843359847e-01 2.761955327579668218e-02 1.138264372153396931e-01 8.622230715369750831e-01 4.527509037045479579e-01 6.018124800171498201e-02 8.122375011546385526e-01 3.910946115187391436e-01 5.010400703750252926e-01 5.611134501618060266e-01 4.490753530375978242e-01 4.737560255907623530e-01
8.178863908297560048e-01 8.055913802270593393e-01 5.562399272964207997e-01 4.887380856079930336e-01 5.016596388507105209e-01 2.347663660329102342e-01 1.510854784892794456e-01 5.332186087833590271e-01 2.628140334670460154e-01 5.614136221535475091e-01 1.603375625937204507e-01 7.657751409902714412e-01 6.715234008720192271e-01 8.815483620368228523e-01
8.176350428849374907e-01 5.260879748593342287e-01 7.470122928614176816e-01 3.557835873467634080e-01 8.575346723168697505e-01 8.540677673571894779e-02 3.794721014883278842e-01 9.170903287516796176e-02 7.967737851380559677e-01 1.654056018879834777e-01 7.580692478611377183e-01 9.234019142378560030e-01 9.089840623042189094e-03 6.940291721952108750e-01
9.395973210845420809e-02 3.616198930779912502e-01 3.149251279596718689e-01 7.341952902399873082e-02 1.866710150289426773e-01 2.071144531278898970e-01 8.904497109002111888e-01 2.729753516185152717e-01 4.811230755541940907e-01 8.290932082521726976e-01 9.959415824110529059e-02 2.701265537970120034e-01 2.176366286776610925e-01 4.718939593132330801e-01
1.806683414743348592e-01 3.530054931268103990e-01 2.371095732777306342e-02 5.613019107396961527e-01 7.658811380922693202e-01 9.663830705678057020e-01 9.844263414777919552e-01 9.878116221923547435e-01 7.453863637208992809e-01 5.090127963749695450e-01 5.946022985769070512e-01 5.444889598949976817e-01 7.655821092628183333e-01 9.688088961160297163e-01
9.587011679238895967e-01 5.822290804876988357e-01 1.844922227555640948e-01 8.237662198315358619e-01 5.110767498083262916e-01 3.297091347312319787e-01 7.600188740843397683e-01 5.626916684852608652e-01 9.109899950697074589e-01 3.262400535694650605e-01 4.714535436768152454e-02 2.302201181609454528e-01 7.494934977108489438e-01 1.424886466639135874e-01
8.049616737760235674e-01 2.989945900122332745e-01 9.218898229542166201e-01 2.090537278377824215e-01 4.654961474736295512e-01 9.199889947837139870e-01 8.378406648295805281e-01 8.760528736589390242e-01 2.024336177851691065e-01 7.691894062139512656e-01 6.123655716964687690e-01 7.899890247568928103e-01 6.775976772359707523e-01 4.200551967950564292e-01
2.798393213392611489e-01 6.123788781899727196e-01 4.558867269068398453e-01 1.520233647872748506e-02 4.068701136394671236e-01 6.756371158086061923e-01 2.416550014641691835e-01 5.629990944122044150e-01 6.337016686375306351e-01 9.544203960550657895e-01 6.402541475643035440e-01 1.497441917924446919e-01 2.869451448541062710e-01 8.881101434213668488e-01
3.348413689643924274e-01 3.805858366853336339e-01 4.043691327855855056e-01 7.915230875349722472e-01 4.306988405286762411e-01 3.133915784419112338e-01 3.074108179497013760e-01 5.479322197214120393e-01 5.112671797242317462e-01 3.872470822008482472e-01 1.136847502063895732e-01 1.013338417961804350e-01 5.750507380395829538e-01 8.267126356483851524e-01
5.845923554526710753e-01 6.271250293949647281e-01 7.739360720669052895e-03 6.041901003808236581e-01 3.971589810226184847e-01 4.426383927471834179e-01 4.195440325096408962e-01 6.109613344173240312e-01 7.389218609289704975e-01 1.324642682329396637e-01 5.537735971949208080e-01 1.717797231199876817e-01 1.883541984173031647e-01 2.546074752567935029e-01
8.838661801760242520e-01 6.656471432032617930e-02 9.332044023021611734e-01 2.957124570769434913e-01 8.904899359864135722e-01 1.845622653611922459e-02 2.026926307466940802e-01 7.551594838166870716e-01 6.914455990005987651e-01 6.738750165212498144e-01 3.337154807339133278e-01 3.144168945078696931e-01 4.781872890506058127e-01 3.536171186014523959e-01
3.488947153030854675e-01 4.068207530787724124e-01 3.787216949661027510e-01 2.421792878838970875e-01 3.131138822146126710e-01 1.922009603737876438e-01 4.419216292377149413e-01 3.629141363500326678e-01 9.800350065580046843e-01 7.499922141501675910e-01 7.234614145199880220e-02 7.055398165114986631e-01 2.604910367959689665e-01 5.533919784214593740e-01
6.839443242613666429e-01 5.101558633000965459e-01 6.819451131825139401e-01 5.883106183963525693e-01 8.330603561953292546e-01 4.709910674860665614e-01 2.631682571479940780e-01 4.090380170368408397e-01 3.297871483572167861e-02 3.154735227762851535e-01 1.352796661831445757e-01 8.837520159249205864e-01 4.281387073597445747e-01 7.282095687133318673e-01
2.342566327992012809e-03 4.236110574360225645e-01 3.240670970991382793e-01 1.376504364176245332e-01 5.229654452282269661e-01 3.603522320504203291e-01 3.598111783588096024e-01 3.702096678752127001e-01 7.074012651088917858e-01 9.935810832074731813e-01 3.602352077821368015e-01 5.940394465643777933e-01 6.912210140354095866e-01 6.963417414033469255e-01
9.928280198844007254e-01 2.779746713592442520e-01 5.108914683277936408e-01 3.341297225100707813e-01 7.791704275393865897e-01 3.604620495372548028e-01 7.389953727255991200e-01 1.764311791403752050e-01 6.152053207092311737e-01 7.452597573868999792e-01 4.738199785197015901e-01 5.795864157230355973e-01 2.121820418917685913e-01 2.812200867231925416e-01
5.442055637975565796e-01 6.327586842509587139e-01 8.991879915778054899e-01 4.413771187182383704e-01 1.816926384866062172e-01 9.518356706595194616e-01 1.377833601247047124e-02 2.428670417602569742e-01 5.130678945820532633e-01 8.120342037021437420e-01 4.758337975517924479e-01 5.225040981507492743e-01 9.252649250525659674e-01 4.974919569665361418e-01
2.637468820133114233e-01 6.007682636645813590e-01 4.827205801704981258e-01 1.764016150287106566e-02 8.838686140995173357e-01 6.497417695211553657e-01 1.806770788149020257e-01 7.503882656765592518e-02 3.130136072462412766e-01 7.609049160889638230e-01 3.183665354588873786e-01 5.430455916200855881e-01 2.283143857905806096e-01 9.253419265199236410e-02
2.567624768253734535e-01 2.726821233219545171e-01 1.237146166704664596e-01 9.081441899255948691e-01 8.596949530897535219e-01 8.029259455509608623e-01 3.664130117864898839e-01 1.943368237679089505e-01 3.708283646259604716e-01 8.242165749911887218e-01 9.894095616829938766e-01 6.839728077681350715e-02 9.887821616425135351e-01 1.999158137162315718e-02
4.416693591329223789e-02 7.257710545038136285e-01 8.188521559802405259e-01 8.482329942712879545e-01 3.559894183054174155e-01 8.093654599428019569e-01 7.518555160444111429e-01 5.656889733655356967e-01 9.280695954103497236e-01 9.028594339980964278e-01 8.685784756026588838e-01 7.382575677676550541e-02 1.228919067601839110e-01 4.333871190879100554e-01
7.714248715721212513e-01 8.998722478189193907e-01 5.700695173766388013e-01 5.207952820479476719e-01 7.705110421149911071e-01 7.117014401008248115e-01 7.363255309298234463e-01 4.185568240756198932e-02 3.268817161014551109e-01 6.408907490116375616e-01 8.873717797825027009e-01 2.625557938671290170e-01 8.367405479701152116e-01 1.221948431266046686e-01
8.324374496238006182e-01 2.199442344568590668e-01 3.567818429911134848e-01 5.487423357489267239e-01 8.307848353522854223e-01 1.347483430416851480e-01 8.524049313202123335e-01 7.856143396479686736e-01 7.566472819469935995e-01 7.443526241111610986e-01 4.366081820713038075e-01 4.359044226597948990e-01 7.082580432665676051e-01 9.179214662617534159e-01
8.847175916110194827e-01 3.961712520204688781e-01 3.601524260946448175e-01 9.026699708833393343e-01 2.134523071359294422e-01 6.544250128952476819e-01 9.915074510555489384e-01 1.015853887296825908e-01 9.014621502243259643e-01 8.986966161355847138e-01 4.208276681911696793e-01 9.571951623380673402e-01 3.514319013778878231e-01 7.766091314838915460e-01
5.799330360224399517e-01 8.823666036048453121e-01 4.381933211240244264e-01 3.547743941671070989e-01 9.791266389951378546e-01 2.356877843320988042e-01 7.061982712371940307e-01 7.196055657316957621e-03 6.723899566409810014e-01 3.220379221833158390e-01 6.649626972929809643e-01 9.279085448485288046e-01 8.547351450571343268e-01 5.365622823509530459e-01
5.823862426747796750e-01 3.225682474277025147e-01 3.399301795905190771e-01 6.645267180208105362e-01 8.962163194511142406e-01 4.989939253405939468e-02 1.748890637178277530e-01 9.462242796345532447e-02 5.115707409007730355e-01 6.069331983136712072e-01 7.398917524116921385e-01 8.662513384285255302e-01 7.773192705639451194e-01 4.980345009497000319e-02
4.332589001867405143e-01 1.576176942586489105e-01 9.769586159748107068e-01 4.106539762631792323e-01 3.519788348047488968e-01 7.436422923146599473e-01 3.593356053388219173e-02 3.197501933825117604e-01 9.451211572497769664e-01 3.376658278701437643e-01 7.913263468900428865e-01 4.525260364349348308e-02 8.482653175714470750e-01 9.987957673732633657e-01
2.760268445573996754e-01 7.878207467947579978e-01 5.934962437596562612e-01 3.864208587179891463e-01 4.680021514993035758e-01 7.790056203250018685e-01 3.790776604620081924e-01 2.560879228365308125e-01 8.799604409880468214e-02 1.657543403435149942e-01 5.262759864192095849e-01 7.540722376505536451e-01 6.075713841971785989e-01 2.718701454398753103e-01
7.279450646164209449e-02 2.627429535662825222e-01 5.521600342570007758e-01 2.187980398837788831e-01 1.529111760929822150e-01 8.575635463436109829e-01 6.418546676075983504e-01 2.379249942429539910e-02 5.498317228721756322e-01 5.093721484520908893e-01 1.924077622061503012e-01 9.284463038687107428e-02 3.630222820031639985e-01 4.726203823667524118e-01
6.264694778359082283e-01 5.968826422022741607e-01 6.081547903924279241e-01 9.500827534718491174e-01 8.876994711508199298e-01 7.071434088781599625e-01 1.185783556577932885e-01 8.849807925373923689e-01 7.185399484045407181e-02 6.709702842236031639e-02 2.585179035820051041e-02 7.058389216958614876e-01 2.949258772254442773e-01 8.871647472464611051e-01
4.739501429682938527e-01 2.137171463027058849e-01 4.959722797385854864e-01 5.237936033271290981e-01 3.428003550198398530e-01 8.902476818909350609e-01 6.980002606853191738e-01 6.505351338748173173e-01 4.687660519547579563e-01 6.547534573064561769e-03 5.266361524306192310e-01 6.642767944432687033e-01 4.704414916025089211e-01 2.813103474184805997e-01
3.112215357926212400e-01 4.561606520495696815e-01 8.148298514287473093e-01 6.959878435609844205e-01 2.586572591867176696e-01 5.509993058749137473e-01 1.919508714903116475e-01 7.681947629845738978e-01 1.445844213780910215e-01 3.476675470720830274e-01 9.687373027305845596e-02 1.161485273519146100e-01 9.733974228173292165e-01 6.976514829527167283e-01
2.930446540924944721e-01 7.334085774973482241e-01 9.039452621761833173e-01 7.506188322598019713e-01 1.527394230147974818e-01 8.190674145993400712e-01 6.393374285131666612e-01 7.232376215140874365e-01 4.561952664532237245e-01 9.886615419009440187e-01 4.921001280373782372e-02 4.688866452573947630e-02 2.633336989449164278e-01 9.090792541887769973e-01
3.739892869367573702e-01 6.863380374062707512e-01 1.143634709878157407e-01 7.093278610910898063e-01 8.374300303183357386e-02 8.519162540721525456e-02 5.038198760636902751e-02 3.743239789407477591e-01 6.456332470916309463e-01 1.481322167126153388e-01 6.273449208100301266e-02 7.897063002716663282e-01 2.626836176428448688e-01 2.874319673094742900e-01
1.555782442287979572e-01 5.783662644251306162e-01 6.408779307261610603e-01 4.473605921853924805e-01 5.353238034900369424e-01 2.409750062624333999e-01 5.451271737979812571e-02 5.542031466946384377e-01 7.220553845600738985e-01 2.274039579885364093e-01 9.553681266413183160e-02 2.295640719582867639e-01 6.392056762498532496e-02 3.793821577111838872e-01
9.511488114209445399e-01 5.890776008885802995e-01 7.465130176361611802e-01 1.417886740426255177e-01 4.589438814882385032e-02 2.737798822534639465e-01 3.240943959186987078e-01 6.441727623682204085e-01 6.852307184966113240e-01 3.207717676655169603e-01 2.255235814036822273e-01 1.618586542506518233e-01 5.331136059130112681e-01 1.112792606188817146e-02
5.623133640536538413e-01 7.219809970890364026e-01 8.963821900589153957e-01 2.857728730938594586e-01 2.627327406084559724e-01 6.059593342924634030e-01 3.824990737572158128e-01 2.879832181772823407e-02 4.830619695723955553e-01 9.464349417275301768e-01 1.269385582424896741e-01 4.809361794072367635e-01 6.411863104544484049e-01 4.673190960871775879e-01
6.084707036264649371e-01 4.211719551712486131e-01 3.769104521976603950e-01 9.755396270905178913e-01 2.717261360655632840e-01 2.768089603620306205e-01 6.381142128072480046e-01 1.075504715539581380e-01 8.837488397674413410e-01 9.270565295709457532e-01 6.160699383631675907e-01 5.723893739693890481e-01 2.717653531132402378e-04 9.704858096004415069e-01
2.029489578341939771e-01 5.413240539939150331e-01 5.779710652862078968e-01 6.297267777033933589e-01 2.000320197510396802e-02 9.859519516052271948e-01 5.823450874574099823e-01 5.670318218831743584e-01 1.856856774478583549e-01 2.632335458044710030e-01 6.260475870256831943e-01 8.889331177567593167e-01 8.376427604881092615e-01 9.372499731640792087e-01
3.780563092891885413e-01 8.898338168873045628e-01 2.829752844800665912e-01 5.438889741365048325e-01 1.408720933494758132e-01 4.317381745503282575e-01 3.511564654605746627e-01 6.303868264066563309e-01 4.609331619072309927e-01 7.967950094246094572e-01 9.793042181830418080e-01 9.300440111023368095e-01 3.505294463026756846e-01 2.119346566189058700e-01
1.659347774857816704e-01 4.964743572589613851e-01 9.799950679450986080e-02 2.329200490982719085e-01 8.422722640620644574e-01 5.863342552548352904e-01 6.626918023193828500e-01 9.216980466237491010e-01 7.644592253752863220e-01 7.096345376308086372e-01 1.632703625331133335e-02 5.859806784233132504e-01 5.531752177664128745e-02 8.868418240644947437e-01
6.289637901211850846e-01 9.346656508176004463e-01 7.918345124294823290e-01 5.213052243389306728e-01 5.985339681506297582e-01 9.156884631623189996e-01 3.731133421819499141e-01 1.373984373187083774e-01 8.863531807701854337e-01 3.432587849276691472e-01 8.742895684976877968e-01 7.759192469187674579e-01 8.867563788777850231e-01 3.542288436232262638e-01
2.967080300935865944e-01 5.895244131475854132e-01 2.807696414298199716e-02 4.616492490723805853e-01 3.417459131250628612e-01 5.152040058925666521e-02 3.496070876653377679e-01 2.516627846727119699e-01 5.199723074907752762e-01 3.989770039432205539e-02 6.705745436016045113e-01 9.732377740586557469e-01 3.073901731589236963e-01 3.406517285320505017e-01
8.502259444910469366e-01 3.577691056083099896e-01 8.179472905849237696e-01 7.970779529211502457e-01 2.057872164595589970e-01 6.043150888689058364e-01 4.588602369612344578e-01 7.202772482723409642e-01 5.418300748395832311e-01 8.318143798501518305e-01 4.137309336339600740e-03 3.727596693981638509e-01 9.981843467341523501e-01 8.403222393822794567e-01
2.992288879762188269e-01 8.622364398924260431e-01 9.362393709398649788e-01 6.713565068967850546e-01 6.025378493060368212e-01 1.942030722570357026e-01 1.562482168365477708e-01 1.997490681477430696e-01 6.178611775439943887e-01 9.506378829739672298e-01 9.840113503683061147e-01 8.092514487851754090e-01 7.582775698526813546e-01 9.021389306851712586e-02
8.877630478380251766e-01 3.051196919323223566e-01 5.592546899816472905e-01 9.221169393441075446e-02 5.745943987763179051e-01 5.396022662001429548e-01 5.672010555117901198e-01 5.761056092765185488e-01 1.392981831015419614e-01 6.828766512109682996e-01 9.994863492060330756e-01 4.289520841894944869e-01 4.422536726511181460e-01 9.625705568207021390e-01
8.073184428128916679e-01 2.361938173758759696e-02 2.204142830421488286e-01 9.671712145860673626e-01 3.167697616589626453e-01 1.889757876698717753e-01 1.866316825348515174e-01 6.732675308123758917e-01 9.122571751348349522e-01 4.639254376031924920e-01 8.036650968280362184e-01 8.222400779009493288e-01 4.712143877177155105e-02 4.659785155092022180e-01
3.958813559145661909e-01 1.754648151091253716e-02 6.234540126009130434e-01 4.637509115497558954e-01 3.510579616964607519e-01 2.043441196584053765e-01 4.210910855530931585e-01 5.930809965060500621e-01 5.883156693086772915e-01 7.194857887770200744e-01 8.496215405412425037e-01 4.740077347990664380e-01 4.043337463884788541e-02 4.169085862985513202e-01
1.604381121209127459e-01 8.695011897191686767e-01 7.071696499575208517e-02 5.351396628281912538e-01 4.865526161719712084e-01 7.373512990886427199e-01 2.796592145944558627e-01 4.302601041534095394e-01 7.958462042640890299e-01 5.214099569804219181e-01 5.662725365504009956e-01 7.731171160528292896e-01 9.316061446218378839e-01 2.722443340111168064e-01
8.550393682807199136e-01 2.439770762346256117e-01 8.497490633937829774e-01 6.780475540582897587e-01 8.474015465461630647e-01 5.588262868066766753e-01 3.702729205367938370e-02 6.706537713161065950e-01 1.825923432896948695e-01 7.990083408592354441e-01 7.941994679858344064e-01 3.492299175121196253e-01 1.326520069793841738e-01 7.475930314648469022e-01
2.203166371035475413e-01 1.379396619358475018e-02 1.954223851550734858e-01 2.742559316749050291e-01 6.789835407726584338e-01 6.347952737347484220e-02 1.255365012349440867e-02 9.572467969314458758e-01 2.018761228002485808e-01 5.050852530939888840e-01 5.587096785933284293e-01 2.656637061450923820e-01 7.577510451819936543e-01 8.836653488560988201e-01
5.064140051709926649e-01 8.890854293791472518e-02 6.782742159427932460e-01 2.127752994913927331e-01 7.135081186133137576e-01 3.882981289149692872e-01 1.680090223458525767e-01 6.356356807737604253e-01 1.607868064781270423e-01 7.962244452723201693e-01 6.131528876345921919e-01 4.846002630563644997e-01 8.935367397836188053e-01 5.590352016511281885e-01
2.728100626760703307e-01 1.105748078823305391e-01 7.185311792483431992e-01 3.247377974268740308e-01 1.608149983820061912e-02 7.609625793684534623e-01 4.464672314219676474e-01 9.726100172918037412e-01 7.935768374237377465e-01 5.712376513187452653e-01 2.420833033368168241e-01 9.959662234660867641e-01 6.656281394658741801e-01 3.289815702923728491e-01
9.598252068818541316e-01 1.540963783262710995e-01 4.065628984065479123e-01 3.139491750684914040e-01 7.105744705164269703e-01 9.725929054182076428e-01 2.807264377949717504e-01 2.671660845265358963e-01 4.311987036985823751e-01 4.455286960818187758e-01 6.379400255544868115e-01 6.859283048876141375e-02 1.188098561284290922e-01 3.605760561879093329e-01
9.085490343190172347e-01 4.808015828203755504e-01 1.051454366785010697e-01 7.328402273454801552e-01 6.593909121778801508e-01 4.037188756732451589e-01 2.952883513412229988e-02 5.632600890782337721e-01 3.694304524032714365e-01 2.914063767638718216e-01 2.244189431725435169e-01 6.693187236221529446e-01 1.835568316833581237e-01 3.734101835247288781e-01
9.263308522920122856e-01 2.024769725942787701e-02 8.036838138778165108e-01 5.110619603814037237e-02 7.234137501460100594e-01 9.228778515319757680e-02 2.362922047941508064e-01 3.162394024023907901e-01 5.330816819252729433e-01 9.342080533187735458e-01 6.352653724316649209e-01 6.766477802444459400e-01 1.709979358361048973e-01 9.255329737014302838e-01
8.577223475739368386e-01 6.652682321826751677e-01 4.941765090288738893e-01 8.145370572926454722e-01 4.402746535184646204e-01 3.367201774004546788e-01 6.728848390610605579e-01 3.007356300291276208e-01 7.452556365594965593e-01 4.576684850848166120e-01 4.373308188921651851e-01 5.506104749187120673e-01 8.647302364701089372e-01 4.113031683414696271e-01
3.320652904469330036e-01 3.171397660504093885e-02 8.911022339636834877e-01 1.658464594961661653e-03 8.958898735778613176e-01 7.548167047155516229e-01 4.092676330618594260e-01 3.887934900623932766e-01 3.020726654752257101e-01 3.165664437894053496e-01 6.547770002785804344e-01 3.882176602263849308e-01 8.209876137572854615e-01 9.952214875150974249e-01
5.001039243599162409e-01 5.573087142709716169e-01 8.888301785242176400e-01 4.809348464138222257e-01 1.080803605692628455e-01 7.334116160637096371e-01 9.410394911862551837e-02 2.105343027823054491e-01 7.991138767273719967e-01 7.123909590264901892e-01 1.290224321974342558e-01 4.313674041582085117e-01 4.831473223449567200e-01 8.585423756083918612e-01
1.848153580468010482e-01 1.977587997914950213e-01 8.943630918132253749e-01 2.900919607090179930e-02 6.535736046408531230e-01 7.925403833962645361e-01 9.736285758078109254e-01 2.075437999920749510e-01 2.064432870084498273e-01 9.302710510043487036e-01 1.688871928702007086e-01 1.176161497491068353e-02 5.597763456585209685e-01 1.782119391020813293e-01
1.898451176356145131e-01 5.284509361508319403e-01 7.511149621355401873e-01 9.164990403897497195e-01 4.085811083618946515e-01 4.467839112618690045e-01 7.537960203185819497e-01 7.853826806070510758e-01 5.348729114170100996e-01 6.676287821248526599e-01 2.478445327448605129e-01 3.763753660675621671e-01 8.545654697199086547e-01 7.604304541027322450e-01
9.832533090298818390e-01 7.167725612793164336e-01 4.770327783153253121e-01 2.048726627105674769e-01 1.457205316937529860e-01 9.726250306782880939e-01 4.780540306725488131e-01 5.372866657251900158e-01 2.880206296942585675e-01 2.638190414118202209e-02 8.780658707868342905e-01 1.778919661884131864e-01 9.069014796585088689e-01 5.918451695386822697e-01
8.882835923941274636e-01 2.330022629766542730e-01 4.555696260501126416e-01 2.893297667961772790e-01 2.167532648900594161e-02 6.653883692539337424e-01 8.146779363226991366e-01 7.819562730449318710e-01 9.291684185539345053e-01 5.850425645598359425e-01 6.063236445218040949e-01 6.524840629813565274e-01 9.272572143390629407e-01 6.162382255478109361e-01
3.959896009706843634e-01 5.068807641823518395e-01 7.346499543547122535e-01 7.291336387734765889e-01 1.439458307265357728e-01 7.472886581181588106e-01 2.187612427623277789e-01 6.393679475856073324e-01 7.662292398402901217e-01 6.369655723565323946e-01 9.140154369231845433e-01 3.697282595184134824e-01 4.924429218336049408e-01 6.375329485571750165e-01
3.736123080692117515e-01 8.180010148052015984e-01 7.672470130103450359e-01 1.124388425661304591e-01 9.659380821844505416e-01 1.800176918568748841e-01 4.281625554608303741e-02 4.442536066408779849e-01 3.252976640976013023e-01 3.236605729542019194e-02 2.876307444832624238e-01 5.162254564682715596e-01 9.530866472850239024e-01 7.577904430111208622e-01
9.591130083884891189e-01 4.699515445007880210e-01 6.776056628868704079e-01 4.254971269190994665e-01 2.381255416135531489e-01 9.877219563663119928e-02 9.928797183634483492e-01 8.343778857432263552e-01 5.624922176212699965e-01 2.420623001247899087e-01 5.312807097606475626e-01 2.414978901199392736e-01 1.979940230828678427e-01 1.647104789747793063e-01
3.473392456026649366e-01 4.087990692270300208e-01 2.865633552030989462e-01 7.348584551727269654e-01 6.523793943648493743e-01 9.769846370430639304e-01 7.509313826014593074e-01 9.658734230157900447e-01 5.671437358991029409e-01 9.656532604916536755e-01 1.062448904282689011e-01 5.610523978862047567e-02 5.019225499754820241e-01 6.941276814045145294e-01
6.270163857880631797e-01 1.089083505903445381e-01 2.735925199299840127e-01 4.253322222254845020e-01 9.299286297966299353e-01 7.341679085979602171e-01 2.229205796741847712e-01 3.492426046260277417e-01 5.434857271386280830e-01 2.104460192759516346e-01 5.422753387639291933e-01 7.002117478225650116e-01 4.662929986962350837e-01 2.660936857748853468e-01
4.712557602686527902e-01 7.972657034816686972e-01 5.920762264961133559e-01 7.972803524268260444e-01 5.290018463656888104e-01 8.884973150084629623e-02 4.023919996376810193e-01 3.067763062235762117e-02 3.842568079258898983e-01 9.238817117354036768e-01 5.836164285281550956e-01 3.669616508775400687e-01 1.820457407788017568e-01 6.803600089878190094e-01
9.616096382153326294e-01 1.475531957350961765e-02 1.288172177434014909e-01 7.636802423042876597e-02 6.396788396724167880e-01 4.930063637001219634e-01 2.119057907420806020e-01 1.450923867007030132e-01 3.390924663932227690e-01 3.693633470929897911e-01 1.192887845954897497e-01 4.025591902621098450e-01 8.287861647292796841e-01 5.733902273205913058e-01
5.084794596412595125e-01 3.537300161928133013e-01 2.387926071569618225e-01 4.632033114934193119e-01 4.086366051590656356e-01 1.159775713850474954e-02 6.179200009786203207e-01 5.496342855753518775e-01 6.609393985081170042e-01 8.930653826902302805e-01 2.672281524617357018e-01 7.933325404679688608e-01 6.114539298932308853e-01 7.391625055015530465e-01
3.528155354084939743e-01 4.151841811716973085e-01 3.126464344921853211e-01 8.353696388511582249e-01 1.564424421538179732e-02 1.662743150294245797e-01 2.800639660700474654e-01 2.820273565525993620e-01 2.986914537635787514e-01 3.354716377609667788e-01 6.008525572553473637e-01 9.150770586443567334e-01 1.134799872129050868e-01 9.620203581927655456e-02
8.606098304807691113e-01 1.217103514600289538e-01 7.226797183969801974e-02 3.238953948692444573e-01 5.121684444213823184e-01 6.709367448019446512e-01 7.400374698048893807e-01 2.813860416814845111e-01 3.861673245864427617e-02 3.072031965018948707e-01 7.732351081461563691e-01 9.610950188662766847e-01 9.007817180153876446e-02 2.166156144099683489e-01
7.928593823754641612e-01 4.843711350672079696e-01 4.796293436033081115e-01 4.495442240490911123e-01 1.357860009811460156e-01 3.188130096069267116e-01 4.658578598935059212e-02 9.719894656516725462e-01 5.572047859104212186e-01 6.893691382940015933e-01 7.359565166575642303e-01 1.577820397931671836e-01 9.553653728038401516e-01 6.197839878639986866e-01
1.322011318277426239e-01 7.062556069559926542e-01 2.040135639293867431e-01 9.978236825501938245e-01 8.170621255646780545e-01 3.601531706094389662e-01 1.940290585256432276e-02 2.361386745029262491e-01 7.071393396016514288e-01 7.320911531211115042e-01 5.462605896938818040e-01 5.453116408442629792e-01 2.735631147593120538e-01 5.090554065156286390e-01
4.420322839152022176e-01 3.093618371028682423e-01 4.824424573922697634e-01 4.029756821036056813e-01 2.468198930317341278e-01 3.327436907887698636e-01 3.710139374647235533e-01 3.348078544123072042e-01 1.590863018779633542e-01 5.690011572394593209e-01 8.240677716416311416e-02 1.536442980202284980e-01 1.376663984240615868e-01 2.435057374945692743e-02
4.009209518319649668e-01 1.791783596004790091e-01 2.017651417119515900e-01 4.536032977477411077e-01 5.197064520784218100e-01 1.235582616912601628e-01 7.668975245231198778e-01 5.919357762380257348e-01 4.704564399777316774e-01 4.419174352615040657e-01 9.509579149708476953e-01 7.893236216449657228e-01 4.712842582671792346e-01 6.169492124505793207e-03
8.614226226258192565e-02 5.079085441385028377e-01 4.938745969921168877e-01 5.675568594405518974e-01 6.232808315765692164e-01 7.715530541510752238e-01 9.610438622717104584e-01 9.911027100161773351e-01 3.053199826755763624e-01 1.405162520711734642e-01 4.934469090376036871e-01 6.770799688115010095e-01 9.216658734729390456e-01 8.165621195664940490e-02
8.968550300074040749e-02 3.509766493023686040e-01 8.477484580920985335e-01 1.528694542547369695e-01 6.686420411997462399e-02 2.124393157627058049e-01 3.297732148674749064e-01 9.732179145397699127e-01 1.983319643775701691e-01 5.430719238804876392e-01 1.270272305841002591e-02 4.158239220420457682e-01 3.158807991323093756e-01 8.562421263374743186e-01
4.433906983004176627e-02 5.994956484784652595e-01 3.548276950401862972e-02 6.917630357228932159e-01 9.607709828375219363e-01 2.414772874448485318e-01 3.780019358701354193e-01 9.595194572945281442e-01 6.923427657164855642e-01 6.993044831515839999e-01 1.376180412027353528e-01 5.375288984660682168e-01 8.018335039211069715e-01 2.396351645828098675e-02
4.659178078742299833e-01 7.782686536471470351e-01 9.107715403218625827e-01 6.697398593114276544e-01 1.264127871208673426e-01 9.684118800005558914e-01 7.148123293057317973e-01 7.914061875754970776e-01 6.298133351061512286e-01 6.380611840492544928e-02 6.636886484629852534e-01 2.313493972923531539e-01 3.295310805683921984e-01 1.713560012336476923e-01
6.894527077345524724e-02 3.189310863455054879e-01 7.607602638253121441e-01 3.181807574467538924e-01 4.880414797417669259e-01 3.299040099357051226e-01 9.650246257366281721e-01 9.946077276538899392e-01 7.149487187633628560e-01 3.834394270073027133e-02 6.499696999560150568e-01 7.095917536486262556e-01 5.279850150066291992e-01 2.691638054992326889e-01
1.786210627143544061e-01 4.328269144544141245e-01 2.627758394320437452e-01 5.722563970023032409e-01 5.843694290725626184e-01 5.669784067492865676e-01 7.606064644196419700e-01 3.349449752042465978e-01 7.077548366483443765e-01 4.641926869574398706e-01 1.777982010750219777e-01 9.279694222989322006e-01 6.538137749439212332e-01 5.369238232563624535e-01
4.425324868306452775e-01 8.321874023345301463e-01 8.742638476414684723e-01 5.048641684404853169e-02 7.866493605898938757e-02 6.914160696486233437e-01 9.271787896591696665e-01 4.430223605612876314e-01 9.093500083386003574e-01 4.185200613532791269e-02 8.634732001688492087e-01 1.988194230141762109e-01 3.165261020214045207e-01 8.842904825453017370e-01
9.568371239021091768e-01 6.057203740872797448e-01 4.279215139881991092e-01 9.266388914804685184e-01 6.007127660467218577e-01 1.745319695267879556e-01 1.763608963957637998e-01 7.218798314808295702e-01 3.719703544117520799e-01 3.183660331696671619e-01 8.892308667270785172e-01 8.807122633368249520e-01 7.141765409371938489e-01 8.412501811169621480e-01
8.973700231052248455e-01 7.860010373524002336e-01 9.597075698468082727e-01 9.700485200633817140e-01 1.905668499982490216e-01 7.568104959203737492e-01 5.597529286433056139e-01 9.396977374278034922e-01 1.632179837542808709e-01 1.366857398224760045e-01 3.558847429857462386e-01 6.058632851626668536e-01 6.259815525359015975e-01 5.464834281057430188e-01
5.136150506099869117e-01 4.569345600531276030e-01 6.121944149306717264e-01 6.066376420991059781e-03 7.668814870786031523e-01 1.520401072503255735e-01 7.902593329744975748e-01 7.294516321031752071e-01 7.242887346096815726e-01 3.302561661515222013e-01 2.851993846441788216e-01 5.693968370976999482e-01 1.168754322866246698e-01 4.547681652857306078e-01
8.301733611095934995e-01 3.841316474403617676e-01 1.223227171229026577e-01 8.696828617476229928e-01 8.297765498478110180e-01 3.631631786783453553e-01 9.097739775531678008e-01 1.543201984231349355e-01 5.798246812943763651e-01 7.960556686904393109e-01 7.396640100612374980e-01 4.088075437888825103e-01 7.288057884299639078e-01 6.326952735473209133e-01
7.327795249920304732e-01 8.535910528187798940e-01 5.411940834397930278e-01 4.399842121997975530e-01 5.897947375903458411e-01 2.241021208967131084e-02 2.278838648860520566e-01 7.069428079666635334e-01 1.006783204302833523e-01 6.784739301533260214e-02 1.466098293996110913e-01 4.995165524534372903e-02 1.539956807697305807e-01 1.088439318126829258e-01
7.147704354003623362e-01 6.609106190352237453e-01 7.405420995978914123e-01 6.956497599707633928e-01 6.869782723985204953e-01 7.105589455455652015e-02 6.670479590397537795e-01 2.433477731341320283e-01 4.378811906767463569e-01 5.149266448041469602e-01 9.335113089663392705e-01 8.289375919027958117e-01 1.124844062837291325e-01 9.623471891902044550e-01
6.173768533193338959e-01 5.109140271557918167e-01 7.235106824633942280e-01 6.131898892167636506e-01 8.299413808892722733e-01 7.031471388940275791e-01 9.514241967386022347e-01 4.066328401174857943e-01 3.956648399511775160e-01 7.372084940299340472e-01 3.726559344800816076e-01 1.431479343636925528e-01 5.384962721362086535e-01 6.016916622283793314e-01
