1.632022019444460126e-01 9.903566188253994929e-01 1.557992961398683152e-01 1.930548770301391270e-01 9.525766083561181263e-01 1.762141248328430443e-01 3.672556581970465306e-01 9.453290268351134396e-01 1.248456009016331025e-01 9.095902617730610151e-01 8.284444301142797062e-01 1.769163064055649937e-01 3.304851812680766887e-01 7.818593541032116123e-01
6.743654483792792531e-01 7.465462659629383824e-01 2.879448914992257524e-01 1.610888021854738339e-01 6.668980862612460259e-01 3.084092682412274966e-01 8.455253209812773063e-01 7.940566468757377372e-01 1.740481485566547359e-01 1.484760047587483367e-01 3.022656358344595340e-01 3.875701273026447291e-01 2.599784384962264827e-01 7.744668436488468810e-01
9.772524303239373822e-01 6.515240101032077069e-01 3.303581593516028425e-01 3.670758421908094649e-01 1.018417074061152006e-01 3.520823967947819266e-01 8.181885092645951874e-01 9.842925780282071324e-01 8.901907950651011259e-01 7.993049832003533695e-01 9.282632713329693752e-01 5.294207866191583678e-01 8.555688381967576639e-01 2.228301159734020764e-01
2.071672168490878985e-01 2.561833350261051301e-01 8.574417941125367371e-01 5.797467404037134342e-01 8.645005383647568209e-01 5.689385059722762428e-01 7.122106913285005669e-01 2.807998374824481891e-01 9.870199729312587600e-01 8.148190552697150979e-01 2.326580664184576541e-01 8.398543640257367660e-01 1.515133965508692615e-01 2.130763747932754582e-01
6.487752988114204866e-01 2.946056335876628962e-01 6.008504348306316079e-01 1.419699948034234271e-01 4.010507290053868523e-01 9.841651947838279124e-01 8.831457072073733983e-02 8.294974783978523725e-01 7.885730432230362297e-01 5.247681175725332769e-01 7.906499040110058774e-01 4.719736159739741366e-01 7.300890580358385673e-01 2.579076040274633774e-01
4.762049587946535212e-01 1.857364307203355214e-01 2.520554168988430321e-01 5.720850880645973469e-01 6.454435915005704016e-01 8.553354694265972169e-01 9.820670092137316898e-01 1.540458747263376837e-01 5.784259056474917449e-01 8.601083112191667546e-01 5.872141761401453719e-01 2.402027489055788001e-01 8.511397102921280933e-02 3.280038039150470208e-01
8.459742871427209376e-01 2.306985597667976506e-02 6.614869417231156179e-01 1.756745683614530096e-01 4.762407277978448761e-01 9.121379622365229922e-01 7.765138653736818330e-01 7.213445671617169097e-02 2.923820335171282148e-01 9.843574747366556910e-01 2.775463240465309012e-01 9.836182870126106703e-01 6.455322593249754881e-01 3.420204354264005930e-01
1.034310151806859812e-01 2.047445119297666150e-01 4.379404952750657332e-01 3.258345652636976952e-01 4.355638005865921647e-01 4.269921031647818666e-01 3.888362080907308282e-01 7.549294343287332731e-01 3.814856358140854553e-01 2.903947298273703570e-01 3.730115155778622738e-01 8.950010329370930995e-01 4.821758947589105393e-02 2.883492835331303850e-01
7.791791804554900613e-01 7.674221709779527334e-02 2.189786528641534114e-01 1.186310437493252046e-01 9.109889533205220991e-01 3.994202652116976004e-01 8.379855162785259104e-01 5.414676399522490025e-01 2.543782427489155173e-01 6.245163287821213771e-01 5.110063677938492255e-01 5.199456051209300211e-01 5.408784822488171828e-01 6.467436740124336003e-01
6.686165615299595189e-01 4.843519953664056077e-01 4.494850631556979170e-01 6.190273978018383527e-01 4.433523913581952636e-01 2.525394769982369780e-01 8.607912747674162368e-01 9.581738456479850230e-01 5.491271807867594834e-01 8.887898382342332981e-01 8.330446510545256311e-01 2.758255753418720202e-01 3.892722058418810471e-01 9.047199474656397733e-01
7.654396256712548974e-01 4.193782272832433655e-01 1.609985184139799408e-01 1.601701162946216339e-01 4.306821368693435348e-01 7.973758220182196599e-01 9.486438101973313497e-01 1.749260942813970487e-01 5.894214829977320047e-01 3.904775805357869611e-01 2.847465908760649089e-01 4.609928324057450677e-01 3.639426993801774257e-01 2.996337332336187487e-01
1.595383686840021742e-01 7.636954330191959572e-01 2.052440947295050000e-01 2.253496369160379320e-02 4.104599251523025627e-01 5.173974639346615723e-01 6.458342952173204976e-01 7.899412435859706205e-01 3.724891272899237826e-01 6.595968216106961046e-01 8.398142689184168175e-01 8.257200013080688850e-01 8.037094767976746823e-01 8.675042899215676950e-01
8.414073927390832708e-01 4.380516346827596497e-01 3.773642077183424481e-01 2.189469660620166902e-01 3.830733203074964122e-01 1.533748335954874253e-01 3.227080394920710527e-01 4.671706322553854651e-01 6.728818515366131736e-01 5.471395984895848219e-01 4.189562387796104126e-01 9.742786826897622543e-01 7.045067704647178797e-02 6.532588996228516631e-02
1.630120316973667771e-01 2.325744351964086354e-01 6.607062160316574673e-01 3.504096304028992970e-01 3.666706277760436450e-01 2.919077359106395653e-01 3.860111922544828822e-01 2.576774397882737322e-01 8.072127429152213818e-01 3.516866237411131468e-01 8.383085175224923580e-01 4.445989415699046488e-01 9.409536769638601195e-01 4.967431894673063342e-01
7.299018324556215687e-01 8.697829887556651762e-02 6.868943408233858516e-01 5.302900679785096383e-01 2.501576172358491723e-01 3.712555263308591202e-01 6.814999023906168629e-01 2.500607804936779699e-01 6.380273226258541541e-01 2.460920821744246867e-01 7.450727434266757321e-01 9.213358973778140726e-01 9.103748866113455795e-01 1.789975022487289014e-02
9.388722181106320397e-01 3.471043642444685551e-01 4.107535008795453191e-01 9.752775334220266101e-01 2.187163491074086696e-01 7.432537307721266417e-01 1.202585570330432230e-01 2.827060354131886166e-01 7.475031776347372814e-01 8.317633010918878966e-01 1.387970802021014638e-01 3.817602890706106589e-02 6.652136388494287456e-01 1.750044846648363128e-01
1.015017766105348329e-01 1.506176752799560647e-01 4.091287433022627873e-02 5.107176145979919202e-01 7.258072448894624662e-01 9.505239249780483846e-02 2.715421490236423763e-01 1.498461989070201117e-01 1.224536946890666389e-01 5.190419032260108478e-01 5.714284650938132870e-01 2.054953550079563485e-02 6.170624193090634702e-01 6.258804498363307323e-01
3.021687037062373848e-01 9.036093734967775015e-01 1.185544404582095090e-01 6.264605543666603715e-01 8.892256438725240075e-01 2.955096434109244496e-01 2.630585457777238068e-01 4.350825938903136736e-01 9.735952603100476166e-01 8.880627918045671532e-01 9.817457914761601456e-01 5.463508582842359074e-01 6.530206448281032916e-01 2.829728083413981521e-01
4.260906766148936375e-01 9.396975632823643121e-01 5.952143364405000359e-01 7.383451655674463376e-01 6.573493592871726410e-02 5.005405420685254958e-01 5.868889813450908211e-01 7.089151674447780049e-01 6.580948368399046622e-01 8.601058410432855794e-01 2.233369537852873954e-01 4.487513330604858686e-01 9.236176833986400325e-01 5.461355240215770568e-01
8.773571568358484729e-02 3.966642834806852758e-01 8.636851641095195653e-01 4.491826998787088465e-01 8.308896438387778360e-01 5.085069378804262241e-01 7.805683927308195713e-01 9.968785568254634466e-01 7.584265564901300216e-01 8.627604224894632745e-01 4.992440661778942967e-01 7.562030971695610226e-01 4.468475771435276300e-03 4.481674986399015737e-01
2.284592260262297003e-02 8.114128912001224991e-01 8.932134648346786721e-01 6.241743199940595899e-01 4.261813247396641913e-01 2.108866837873373257e-01 1.844199210059516147e-01 2.407937388699397108e-01 2.023565622965403099e-01 8.333380184548068170e-01 4.031086080607734212e-01 5.301169780581315161e-01 1.506599936139983997e-01 4.174343940019283883e-01
6.035485307667721733e-01 3.332483103232841692e-02 4.505317656543023075e-01 5.227283642150335474e-01 6.604065891319172987e-01 6.648055904166895180e-01 4.743414197911566266e-01 1.484027868644810511e-02 5.862447569869728703e-01 3.062082263659650083e-01 9.580024904528849916e-01 7.325505260175575462e-01 1.287460122821030284e-01 5.605657710198318489e-01
4.940729499172101802e-01 1.970995978707340557e-01 5.469452163652243071e-01 9.989504462987998101e-01 5.851497678642281208e-02 2.324400475352821349e-01 5.740305833065529884e-01 6.727999087243594634e-01 8.747228298188144402e-01 1.644827773711768915e-01 4.629960746538032135e-01 6.043834253913469290e-01 7.687016432193750637e-01 2.796548965605006876e-01
9.737466715852162169e-01 2.913166274860858884e-01 6.795551756419547784e-01 9.614501910121130424e-01 5.739313818883066132e-01 2.947304678514506282e-01 8.216012783951601728e-01 7.761668681941994441e-01 7.620663311856739064e-01 9.851125108280437415e-01 4.106566820082124813e-01 7.466443060654935904e-01 5.216253127097331133e-01 9.420738658368710272e-02
7.440288354165865981e-01 7.391045893799383926e-01 1.575777251164894865e-01 5.577983709327611894e-01 5.963341833466438979e-01 7.681797473638811713e-01 8.744326208871535666e-01 8.686087204813501828e-01 2.681045092149650921e-01 4.270794456124551441e-01 8.752663426340792086e-01 9.430664644077422221e-01 3.969906368470565994e-01 4.850262043404058865e-01
2.245593893647883643e-01 5.923678898852573482e-01 5.614227406390988051e-01 6.301138803880889094e-01 8.717382800619560834e-01 3.298908346053975871e-01 6.417270421918974677e-04 3.606158050545731353e-01 5.644004346701784192e-01 8.294748904309743320e-01 2.042570299524766320e-01 4.122540452533585142e-01 2.724694451888838298e-01 7.856742373538944113e-01
7.608087352845319673e-01 3.055861497870314691e-01 5.603916801322209595e-01 4.468686848102556564e-01 3.061469517444407318e-01 4.462038459896455755e-03 5.029106939849234958e-01 1.678277844734417101e-01 7.119925663343306121e-01 2.423689875170658148e-01 4.640678230842292251e-01 9.930178994530447500e-02 4.548587749654570134e-01 3.664980585362815901e-01
7.212945084597356393e-01 2.449062822586245414e-01 4.440309611022130731e-02 4.185824362445406122e-01 7.560102026926540653e-01 9.791925977149734672e-01 1.760724622581688603e-02 4.515318333970993470e-01 6.003894821270238102e-01 3.674579598391285451e-01 2.681645247383012132e-01 1.872101230823342011e-01 1.300583864061976014e-01 2.750487103208321127e-02
6.007643632584502846e-01 4.178567669053833145e-01 6.920393090121883528e-01 7.798989489343739478e-01 9.175129105204870017e-01 5.558440625315004269e-01 2.138516014536416820e-01 9.662488260221216985e-01 9.840205454807138263e-01 3.394663418233859753e-01 7.414965466892426971e-01 2.611773950109018694e-01 1.694330056969364229e-01 1.052839122147884998e-01
5.150972419528211388e-01 6.048631128169786875e-01 5.960180126692011804e-01 6.031196702851027158e-02 9.359725377089451737e-01 8.333854429334766056e-01 6.710318845043179437e-01 2.747558630408334368e-01 3.153880141919205293e-01 2.400030044033027998e-01 9.715192412998998606e-01 9.727154987205854919e-02 4.381815337724865866e-01 4.900051313576279099e-01
6.988782379374290921e-01 4.482792042483917383e-01 7.382988493508775285e-01 5.540793105249697259e-01 1.480031380262443186e-01 6.229666205834805126e-02 5.480737056587348111e-02 3.837125064561855980e-01 5.987899641913552173e-02 6.822754107086427267e-01 9.261472540276601828e-01 8.635438611608722281e-01 9.537667736697719167e-02 4.098650878159153521e-01
5.122877761377915284e-01 7.847773103722565091e-01 9.646671520725444982e-01 1.428248492088348698e-01 3.810029227748212843e-01 3.823418985085843547e-01 7.530416909309605167e-01 6.474484293560904824e-01 8.359093356234115202e-01 8.319910141314613705e-01 9.289325149519753744e-01 9.194800530916743542e-01 1.963860390073485229e-01 6.299779301472827608e-01
2.866258631218707720e-01 3.690456135266819704e-01 7.151893820149369807e-01 5.122839871582389737e-01 7.898290231755021873e-01 7.158161352127604404e-01 7.466793549377919170e-01 4.490039881429027657e-01 6.819440706232231530e-01 9.167150884004853229e-01 5.213839502364787659e-01 5.800130469325179838e-01 2.064146843192748992e-01 6.887212593575786634e-02
2.289193928076966866e-01 9.712774679468552108e-01 6.075588251357955105e-02 7.550834081804251863e-01 1.485405729578898049e-01 8.893627016486908010e-01 7.499728315027460734e-01 3.528126776708565560e-01 2.009111490018041790e-01 8.652379794076745512e-01 4.827770017122247070e-01 8.989274630275553291e-01 6.973512043687305484e-01 2.892058635483758522e-01
8.571317706840828610e-01 8.711325951712374227e-01 8.734903181551877394e-01 7.655053465293870651e-02 2.888846502036329644e-01 9.206911177410623814e-01 1.984377546234816769e-01 5.957042323107326620e-01 3.292244484245770986e-01 4.750616728424152946e-01 1.586940628286961363e-01 3.141866101445256465e-01 6.954749823337788017e-01 1.257192822180922542e-01
7.429353439776142931e-02 1.460399728114957218e-01 5.007047143526195399e-01 6.721012265270083219e-01 2.071775643014760471e-01 7.473446561916702313e-01 7.392492556654600699e-01 1.780123556233448312e-01 6.337266768517606508e-01 9.922480469139643988e-01 9.339661268092938062e-01 7.741854736735411802e-01 2.408522374031499824e-01 2.522167633638787709e-01
1.202530310103965272e-01 6.157069761213762593e-01 5.563570695158875923e-01 6.986250276305228102e-02 3.036157743881200410e-01 8.442174353994424951e-01 7.596684542465377277e-01 7.128348907644999066e-02 4.565746793599735343e-01 7.554186735291631427e-01 4.439204457342000865e-01 2.871488126818911857e-01 7.150464590360036121e-01 3.000941594425565739e-01
3.717897885307023254e-01 8.713928788658152902e-01 3.429523017829031462e-01 8.825416613602560245e-01 8.798456883044619703e-01 1.861105234373044981e-01 9.861430434417609581e-01 2.058597423163553986e-01 8.517617070952208103e-01 6.466583707913121648e-01 9.587846851647368052e-01 7.298523328787310804e-01 1.413596125550519167e-01 1.848954437589950262e-01
9.458489534729682680e-01 3.685580503987738732e-01 7.652152790167771057e-01 8.178099577613218152e-01 7.027040747152966116e-01 2.325680904903210111e-01 5.205635206933986181e-01 6.792373720213300547e-01 1.375441069227002489e-01 8.523563445696746843e-01 7.655310559127730397e-01 3.647307196969230558e-01 1.997576057770596991e-01 5.298868998178382084e-01
9.730415019661831089e-01 4.483890049284290358e-01 5.488836433805178716e-01 9.957316182049944508e-01 9.444447871093164526e-02 5.329246957402644647e-01 9.382388841465000295e-01 5.138407748463189595e-01 3.915790655064221859e-01 9.685801311584582018e-01 6.908164908362279810e-01 8.582858548056946368e-01 5.049303411693035759e-01 2.908577281447777274e-03
3.156000979423697617e-01 8.838707379191917957e-01 4.616983816101655203e-01 1.768036311288319062e-01 1.346263897814914401e-01 9.835512383286063587e-01 8.975178266676789862e-01 5.088075829363674085e-01 9.631846288613944429e-01 7.704688564448076704e-01 4.843108969849879708e-01 3.982136742564434950e-02 7.456805527071707074e-01 6.729291701830336647e-01
7.087777296105484126e-01 6.914716610737573488e-01 4.601486247023363063e-01 3.178361890140474211e-01 3.803876730087616398e-01 8.895017514925703805e-01 5.485169865380388199e-01 8.421762170675446413e-01 2.959263852437893361e-01 1.427622794742463563e-01 2.549017692159564197e-01 1.131348625494360549e-01 2.513690061994151570e-01 6.708323268895423075e-01
8.422009254833662251e-02 4.345789265707284965e-01 1.066601064766411477e-01 4.906393555891597202e-02 9.226483406268152221e-01 1.471160185494001515e-01 6.572131909371669023e-01 3.488330476696301918e-01 8.412393416952843594e-01 2.711208655614120167e-01 6.999069048415071936e-01 9.654620100812181249e-01 3.771817402913999473e-01 9.187132290951508518e-01
5.600938927353746877e-01 3.717074258266785947e-01 9.163309050181078774e-01 1.982018694279774618e-01 5.767811857967218847e-01 8.597075348796660021e-01 3.822545456394741414e-01 5.389274418357846708e-01 5.240742448865282066e-01 6.147903422115852390e-01 4.473188154619600621e-01 8.014343905764481635e-01 2.594233917170514214e-01 5.538135590666148911e-02
6.392078538303014312e-01 9.849186094972744998e-01 8.758242709859982433e-01 6.564415228772301214e-01 2.738729444542105096e-01 9.661695777915876304e-01 5.937433873023306719e-01 6.213773825528910999e-01 3.873359130852678245e-01 8.935603692695670563e-01 8.485953447415787165e-01 9.497890260815888830e-01 4.359619622153998453e-02 5.399663168678757730e-01
1.329512456879777815e-01 8.858069108282078385e-01 7.054429970535601724e-01 8.782505884729264745e-01 7.261278637409057657e-01 5.651717489234759917e-01 1.107322286141896317e-01 2.882127942300932721e-01 8.223010203014812225e-01 8.512246020706935035e-01 2.126144452874064728e-01 2.555373048642184397e-01 6.692863827342306893e-01 7.879816242333275156e-01
6.577901793956280052e-01 3.342312632768010827e-01 8.628184608560652835e-01 5.064038675717454918e-01 4.519438176399619422e-01 4.923091102290855225e-01 2.943198254162779914e-01 7.370145303014565830e-01 7.157747079357007491e-01 4.904149183631689723e-01 7.777617772713965039e-01 7.751198407903323595e-01 9.360675787171306439e-01 2.880095660918730038e-01
3.120988139888012380e-01 6.844990689097283365e-01 8.664490316004029857e-01 7.620148931760688527e-01 5.228548792709830639e-02 4.112991492783765191e-01 2.614350574703587782e-01 7.762940584824844503e-01 9.131855090367091421e-02 7.090723036156368897e-01 9.887083006817032338e-02 4.550388763832595718e-01 7.951450794231006425e-01 1.313619422036739204e-01
7.654801065475153043e-01 6.153551442806457494e-01 5.979316016856208726e-01 6.595646720272976271e-01 7.769027838481797898e-01 9.694907703047306313e-02 9.835735015723712227e-02 1.616787586417133271e-01 4.962851776057134456e-01 9.921978971964027227e-01 5.782053778670832589e-01 4.662797274644949752e-01 3.509704477720340110e-01 3.410863787912392642e-01
2.060043019074210280e-01 9.108055552742041483e-01 9.663825614720367163e-02 7.986085996695264644e-01 3.016321135518699181e-01 3.262847598009710470e-01 1.093719845157186121e-01 5.159498488308492670e-01 3.797148069158151618e-01 9.414725163084838311e-01 4.272304933944808258e-01 4.418159799552888733e-01 8.570740799047729119e-01 4.441678757518782161e-01
7.368963750356749554e-01 8.085773134554089525e-01 2.218814767861500004e-01 6.612320421137779514e-01 6.140543264718634209e-02 7.793819173697599245e-01 2.782530304547142785e-01 4.094609420173117575e-01 1.930991138968882748e-01 8.886294591418971711e-01 9.467243560142624137e-02 9.782487226418807857e-01 3.963021883528856648e-01 8.793557729415544255e-01
5.960950741105094375e-01 5.559739828480178003e-01 4.830338221643289964e-01 4.230991582639630488e-01 4.190391971840058405e-01 4.815779051184034820e-01 5.892204841010000305e-01 5.423538529819832421e-01 5.272520843390753331e-01 3.421231880260160452e-01 1.078344933460325672e-01 3.457404057271229458e-02 2.095840944576771170e-01 6.633951758360323581e-02
7.270630413626762989e-01 7.775121120893828675e-01 2.541705491403395412e-01 7.767255520626934473e-01 1.192228881633344839e-01 5.829930261034879102e-01 4.024548138588012192e-01 8.785574113884573322e-01 9.484733151118270866e-01 2.376095269403755150e-01 4.933794284117322126e-01 9.728245464019691369e-01 4.499569061836732331e-01 5.871116029734653186e-01
9.391340084681010225e-02 2.598627500435495286e-01 7.455752099870354144e-01 9.293087152047594390e-01 7.051139612210111096e-01 5.961544612361757700e-01 7.282697054152783567e-01 2.415196972518400820e-01 4.910116364637829856e-01 5.352377268040299230e-01 3.191235204127421676e-01 5.427805758299788508e-01 9.424884550223950885e-01 3.894445041477230252e-01
7.760664704219966126e-02 1.245471108345399536e-01 5.642561046125483815e-01 6.073072239763982472e-01 3.524761412828200102e-01 5.224443003762300197e-01 3.297531358673344570e-01 4.753452577121397571e-01 3.369868315524151559e-01 8.827276647831817646e-01 2.293529065675566914e-01 7.260245480932947526e-01 1.975071269988420974e-01 2.846668762157944510e-01
7.756843533333871443e-01 3.159232523916649660e-01 5.233746283686683265e-01 5.303643628176977209e-01 3.639673124885387523e-01 4.811561243562713086e-01 1.346912196300997788e-01 4.797809300112284570e-01 1.430476552559895032e-01 6.198861571447132901e-01 7.584986011012057050e-01 3.970662996237324105e-01 8.852322586281788919e-01 2.143846692599767900e-01
7.535361281868855343e-01 4.465054029296987581e-01 9.368585714321345792e-01 9.226739019024484678e-01 2.292957322907263062e-01 9.752787829265364694e-01 3.594013080698645890e-01 9.765910968569412320e-01 2.967258045578430314e-01 4.504965046140382290e-01 1.907254769221859991e-01 8.635301326870010730e-01 2.444825062902785673e-01 8.785826110811232326e-01
1.888231763706610389e-01 3.470876218604170838e-01 7.876064462409958500e-01 3.321029562081149189e-01 7.542612329617044420e-01 2.395175448254538431e-01 1.937975038859940380e-01 3.847241497027904522e-01 2.401190515119160374e-01 4.571062476769061078e-02 5.925763470062846983e-01 7.838814456868655745e-01 3.470396255421601683e-01 3.295266362781739122e-01
8.031558045020980030e-01 5.897500974441016730e-01 5.418162821566543386e-01 1.189839853300761474e-01 5.544658192756631854e-01 9.420699129140427397e-01 9.714903945881092628e-02 3.216196238308141053e-01 4.064962643370970685e-01 1.607193715865824490e-01 4.655852223713599081e-01 2.811639201980956626e-01 2.279139104892728973e-01 6.907834532186318821e-01
6.674263458435754082e-01 8.982118981382980483e-01 6.986145365197440338e-01 4.521163999025090696e-02 3.429455972636472616e-01 4.308666140071094608e-01 7.115938670704746727e-02 5.276326640039963323e-02 8.268770498196648111e-01 5.192727877962862726e-01 9.191361892154589208e-01 5.366750755975260301e-01 8.370609059449553024e-01 9.221959643348363045e-01
4.201821989424514570e-02 7.282587822047031922e-01 6.483014912201913171e-01 7.532024731314016508e-01 9.718178109533169851e-01 3.461861632751171980e-01 5.684210786182488651e-01 8.308811942935433459e-01 7.890358212158975482e-01 9.259268223596911485e-01 9.882052772306884059e-01 9.524178901086080007e-01 2.474317691406788811e-01 4.116026462909418981e-01
5.490278311510744524e-01 1.326262856600731732e-01 7.081227011928624693e-01 4.081519953854262361e-02 7.120173781027506754e-01 5.305983780017857754e-01 8.567166211502341699e-02 2.402458983004346349e-01 9.462690455370690312e-01 1.596146139995546775e-01 9.837799810712254400e-01 7.669604706886853362e-01 5.922502001055340859e-01 9.149195250904353927e-01
6.970898583295647155e-01 6.017986355061566428e-01 7.639752168798437104e-01 7.002832565431538203e-02 2.915042920486832223e-01 7.136098717236480926e-01 7.831883802931083327e-02 8.110077968826910899e-01 6.150825419204581923e-01 9.920061838591371917e-01 3.459865602573127807e-01 7.378503326091340186e-01 3.107342211323461667e-01 7.863575516123268994e-01
3.624674239034381129e-01 4.532297301343060081e-01 3.998959427662462929e-02 6.820739800567933164e-01 2.248523357946538015e-01 7.836358726890803039e-01 4.728501423295327077e-01 6.286967448849410944e-01 3.955999995132138958e-01 8.175855959466414857e-01 1.954033218195444510e-01 4.415609807877941551e-01 5.191519828971670192e-01 4.017490191096223517e-01
1.509968725084029906e-01 9.069121145634584380e-01 3.283014640324116717e-01 9.934158751394727149e-01 8.894667727423181125e-01 9.812379221407914187e-01 8.615180997502229765e-01 6.446999877472890939e-01 9.954021032561157778e-01 4.799728550659710935e-01 1.946105906237733940e-01 2.138944816925150150e-01 4.034030465957672007e-01 7.873192903098971129e-01
3.696087187860014334e-01 4.475190944002005455e-01 5.465303726772300363e-01 5.331628601909197407e-01 9.444446834329045526e-02 7.523782110135320833e-01 2.741972716779456087e-01 6.741360769486515192e-01 7.870634035591301814e-01 4.646533311567571101e-01 6.738304651685250724e-01 4.142591366911263506e-02 6.593574033307253446e-01 7.437180737449757828e-01
9.698909559450950013e-01 8.207608602527191044e-01 6.074320961828326704e-01 3.145627844296631226e-01 1.527109186744328717e-01 1.974906797281161808e-01 7.969405299524277009e-01 8.840764028842373889e-04 6.268967120633809342e-01 2.300860091771441684e-01 1.996411159941424707e-01 1.029206927563248719e-01 8.441374174828562005e-01 1.924141180410201546e-01
1.379013134597738555e-01 8.803153212303500563e-01 6.028192323422940646e-01 7.882594022612138263e-01 8.400366695184934285e-01 7.074549052736855970e-01 8.941548074728522533e-01 6.164789471348018912e-01 8.683267768627338512e-01 8.562207325372561684e-02 2.236554500283052249e-01 8.540065060839122646e-01 5.627940485392320946e-01 2.173746637178163299e-01
5.067764674872232700e-02 7.032207533720225001e-01 5.714314529921054042e-01 2.986239042378344699e-01 4.747916556455775705e-01 7.516619803845159264e-02 5.606014693762334522e-01 5.482397036981832006e-01 2.154134682326831474e-01 7.556324661224245176e-01 1.672585142891926946e-01 4.572411704924391751e-01 6.848772068403344848e-01 9.657191217308962461e-01
1.541058080512750506e-01 1.768719139745653646e-01 3.269896714452567021e-01 7.779514503311828477e-01 3.802323012687112147e-01 1.222171877998933232e-01 5.971613701023048559e-01 8.072394136180786051e-01 8.155602543976410157e-01 6.259495912233797865e-01 2.034821279789624793e-01 4.871964383637142904e-01 8.071506624109404671e-01 4.438365853020440621e-01
1.795825433778498459e-01 4.536782879879186492e-02 3.993705535337533918e-01 7.263749221299541370e-01 6.247923418499260473e-01 1.865702982209629379e-01 1.494477665978152237e-01 8.786254218996422116e-01 5.616345200343364485e-02 1.890614324719372963e-01 9.199326016893477620e-01 7.550354083271241246e-01 9.320232849589038526e-02 9.290929450638336640e-01
9.875416264837526548e-01 6.237599849392394535e-01 3.600596121597721133e-01 7.529372058342074236e-01 7.831325350570740307e-01 3.165419047937328978e-01 1.019093688629661987e-01 6.938650457274900818e-01 8.446140826241177457e-01 1.168216885819859385e-01 9.211205237967953208e-01 6.642727272304427277e-01 8.920748447532852454e-01 9.930701489832840512e-01
9.903480187827418124e-01 9.456949521562773020e-01 8.012528945332814123e-01 1.819127525806270018e-01 3.167342716828259741e-01 7.650775782097807287e-01 4.401186581705904821e-01 6.257169001669489194e-01 1.701666240588320944e-01 1.005286628283775796e-01 2.990563628940943186e-01 6.438602589183638480e-01 1.762897745941709449e-01 3.189551536163528489e-01
7.582323123045058288e-01 4.336411489551165177e-01 6.801962420164175960e-02 2.750527225790763142e-01 7.849456016925102642e-01 4.330341208390429131e-01 5.945417728657955703e-01 4.297993388144938365e-02 6.500506175676189491e-01 3.481529190516146066e-01 9.366539193915722761e-01 3.229636040210559500e-02 7.159644471470201221e-01 7.927957562078798981e-01
5.435352660993370000e-01 1.987381918568834616e-01 9.188245724322509078e-01 6.455047185483637762e-01 5.135548740214157526e-03 6.351818152403023721e-01 5.382793464627242397e-01 7.894739929740179907e-02 2.857978953326882898e-01 3.206296074162104937e-01 4.996411616484615070e-01 1.813776551132015857e-01 3.111536290253480441e-01 4.618709784123899986e-01
5.079996695336541634e-01 1.525841493188112574e-01 8.734565666519154004e-01 5.194286253529594166e-01 9.021221900368228130e-01 7.610407017784722727e-01 3.265840571752558485e-01 5.880465797743488210e-01 7.688357764848686715e-01 7.599557781983011795e-01 9.115426314556349663e-01 1.283698976540792458e-01 5.332504115023605218e-01 5.508050680961917855e-01
6.519372078175554863e-01 7.239394862401148378e-01 6.314785852418657308e-01 7.750358076977026389e-01 1.930050456655113544e-01 2.505031227272448424e-01 1.484576057910182989e-01 7.369347464055777674e-01 4.386452039840816886e-01 6.317016246263272850e-01 7.143440059350042448e-01 6.645367523120273567e-01 7.126422272780029710e-01 3.497454235358621322e-01
3.715503150311778580e-01 2.592738788835285968e-01 9.331141744254212167e-01 2.246459031932850348e-01 5.391444938044507307e-01 6.327578263451341112e-01 9.876182075073122180e-01 9.624699118949564536e-02 7.446201550216655640e-01 8.641549389547595883e-01 9.337867408930129454e-01 3.652036561096597689e-01 3.437165161391765311e-01 8.217286267109552567e-01
9.456135297539693951e-01 4.261894141964476246e-01 6.118001907462766731e-01 2.878497550675639394e-01 8.539311309144782536e-01 6.200843284214146989e-01 1.244835122865619592e-01 6.469396286532238527e-01 4.339880988612909718e-02 8.515896572799142028e-02 5.544595960341149876e-01 7.091572942437845972e-01 3.546970849633551692e-01 9.981896032627990412e-01
2.592002078815719424e-01 8.682043742092426797e-01 3.080693773002831648e-01 4.153703861924262775e-01 2.952787097461571086e-01 7.334188874608172926e-01 7.324855234376862478e-01 6.782403878364183791e-01 1.758198559665856697e-01 2.838092124846022246e-01 8.675497973439031396e-01 8.541650291789751881e-01 5.633006010057636237e-01 4.322534578861167986e-01
6.236000171039919326e-01 2.873895021793604343e-02 9.615482256450831322e-01 7.507904984714897090e-02 8.324686846204468749e-01 9.791601724145534424e-01 3.001385398067165644e-01 9.991026112452632280e-01 2.987118774543662258e-02 9.741576644331989554e-01 3.374293931398844038e-01 5.433314126555202073e-01 1.215400206145613726e-01 4.603938950985037026e-01
2.889364141240947648e-01 9.632536880696725978e-01 4.405536895419026600e-02 6.603651971487177752e-01 5.121702240532571837e-01 2.144449418706224630e-01 4.138698483614617896e-01 8.782850431489520604e-01 6.660765109363105951e-01 1.932287696093162310e-01 1.573949733488094749e-01 1.563130022221621562e-01 2.730134985499615974e-01 7.895175073900927432e-01
2.045461039317576502e-01 7.851827332015117733e-01 2.367355447067278629e-01 5.482898020679959350e-01 2.500876681101019683e-01 7.110314340077990014e-01 4.252123238841942765e-03 6.736622227034158028e-01 2.366265813908541293e-02 8.023998914056397203e-01 7.939559273707614828e-01 2.385287539019115277e-01 6.726942207173370880e-01 9.685461659572207616e-01
9.475672909809419453e-01 2.964364737462203969e-01 5.200303162892733200e-01 4.066916637005769664e-01 7.224114787902693458e-01 8.742333593205046105e-01 6.346614212873650240e-01 8.677748117667856143e-01 5.246067917607223352e-01 1.008571755514786616e-01 3.594194970262502009e-01 7.251021618231252575e-01 2.751027697797369109e-01 5.136795280125221463e-01
5.160238873823521644e-01 4.911582834113923379e-01 3.112018620367851263e-02 6.541646613062790383e-02 7.628273125863566095e-01 8.132137489154401822e-01 1.615054627940708531e-01 3.727360435285111961e-01 5.700284301473381721e-01 3.424073892283812093e-01 9.228841912830311189e-01 9.632808968018135021e-01 7.150141659717040854e-01 4.297282883767239436e-02
6.534230867490961048e-01 4.549013223502129666e-02 6.123971526852967084e-02 6.624088823562752637e-01 9.271759492409670234e-02 3.995052122012121565e-02 4.549779940387890242e-01 9.050108247291164254e-01 9.059947883697943016e-01 9.811259106871954572e-01 2.482030828356055485e-01 1.230955909577708951e-01 4.516732342966270908e-01 7.761758693332457826e-01
7.150491862462844406e-01 3.352985781922807051e-01 8.940680734994768120e-01 5.830991106132761281e-01 1.150880559993213703e-01 4.936303964036159453e-02 4.553984038924363542e-01 9.256806673629189852e-01 6.486338993009692633e-01 2.690770508456641341e-02 9.755639080590035039e-01 8.819762312794934278e-01 3.415986748412572771e-01 8.552423212497515248e-01
1.882163076603234897e-01 6.852442473414368518e-01 7.072002379017982010e-01 7.991909642888442855e-01 7.589952337218411893e-01 1.544869722522610456e-01 9.942260383069078111e-01 3.818586735505602459e-01 3.041054363444539721e-02 9.239076596636730532e-01 3.703278745162915664e-01 9.054919562837561164e-01 6.555558002322184885e-01 2.653645460055147343e-01
5.508857765327210831e-01 7.674169825187587834e-01 5.583531092685257713e-01 8.490545488445672140e-01 6.346237843407431800e-01 7.125512218350767979e-01 8.843340733975613155e-01 3.786341407581499396e-01 1.337979471907030371e-01 3.987817519710636915e-01 2.891793704408518462e-01 8.418238331706112687e-01 6.246820695378928479e-01 8.334833490546431634e-01
1.327444749525934498e-01 9.396885043253089265e-03 5.798489817872514163e-01 7.868252645106345033e-01 2.405092162930129174e-01 5.915111069278563560e-01 8.249394194748767006e-01 6.522756863235223967e-02 9.977443332348290284e-01 7.694370059363074832e-01 6.806075273235653311e-01 9.953236367236595328e-01 2.707842156808090150e-01 3.122345499983527617e-01
8.507953490731496871e-01 4.759795979556673551e-01 8.975083377482324654e-01 3.603359928258647038e-01 8.414768474418676814e-01 1.365276598199031133e-01 5.944270124878414663e-01 5.568862190047649818e-01 5.587934425679184081e-01 3.565824314839778353e-01 6.463767257584687176e-01 6.742414311778099911e-02 8.917598399186658087e-01 7.920944496411514990e-01
4.498545989900606390e-01 5.613240645945605234e-01 4.522067576257897681e-01 8.995632312060823921e-01 9.177922127199839020e-01 3.091222049886493961e-01 5.937993074155852868e-01 4.207080424145670516e-02 7.555314727240770578e-01 4.170176887659013953e-01 5.522071982686668212e-01 1.517475414771815023e-01 6.763997134755779239e-01 4.478595790368857799e-01
6.117698926621373268e-02 6.365808199897605713e-01 1.862474210670528318e-02 3.418206761443708386e-01 5.947838350302738775e-01 2.154090681554735598e-01 4.084378383362150533e-01 6.594506959886272668e-01 4.624422650704661519e-01 2.269913824232405730e-02 1.412145194958395189e-01 7.201417867539673390e-01 9.574021613147308818e-01 8.412335078166013336e-01
7.837776893708543469e-01 9.396248277775298696e-02 5.560361737476144928e-01 9.044741751475235958e-01 7.905264596975057900e-01 8.034112531789773248e-01 7.407882226767809053e-01 8.456992558126036341e-01 9.257218677586283029e-01 9.950078327589726435e-01 7.980213584457965803e-01 5.040146276985082441e-01 6.594277099518094376e-01 6.481944266414471079e-01
1.814877223283778429e-01 5.733766831955017240e-01 6.634180653005002926e-01 6.157163080293287516e-01 4.026229830838609081e-01 9.900837811284989298e-01 9.239732348007521079e-01 9.257995739844954164e-01 2.299554762025601828e-01 9.761821432868444948e-01 3.775254267866006153e-01 4.914963899815789627e-01 8.141958691862446473e-01 6.510641560966685670e-01
5.085574733953301951e-01 8.395072122104096923e-01 2.507166487641597774e-01 3.914175824902930145e-01 4.168803624404070485e-01 2.762514567578036040e-01 9.622778067003990854e-01 3.378961275892632399e-01 6.957634967108461410e-01 3.108422333839024887e-01 4.304888506219149980e-01 1.363340027991262193e-01 4.444782262874872325e-01 9.232664960333214488e-01
8.876342163188226664e-01 7.414149748102648596e-01 2.791702512009204273e-01 7.896664403270282628e-01 4.155288678233867161e-01 8.860517549423183592e-01 2.721181088482393928e-02 1.247883177924085096e-01 7.276530372669981483e-01 7.333649591143988067e-01 7.177452008209476153e-01 6.640478892303526282e-01 5.515098310357502420e-01 2.514819698465053932e-02
8.526657339091249233e-01 8.106282081153523000e-01 3.755745169422238794e-01 5.737277280001205071e-01 4.030127395246607680e-02 8.838350986945223697e-01 5.470517856259048406e-01 3.678490908238434276e-01 8.126893259158851635e-02 2.665347110245436246e-01 1.141624280225745913e-01 4.507498150905289158e-01 5.552734053778000112e-01 4.075416867406277399e-01
2.168044609944116408e-01 4.092959833896353539e-01 7.520307680461830735e-01 5.373041508459287519e-01 7.529110855265829239e-01 9.022443560211786950e-01 5.892492328363435616e-01 9.897350175505440495e-01 8.204253823569955806e-01 6.501778153448556363e-01 2.995957242523870079e-01 4.601888350007486972e-01 2.975245855597907774e-01 5.834099301780686364e-01
4.411793382493947036e-01 9.160134352768072308e-01 1.553319925063163520e-01 9.910771920368487420e-01 5.308654387845972433e-01 6.110744199250666142e-01 8.220017544667138631e-01 2.426808765100114673e-01 1.692834875917270665e-02 4.091903886171893712e-01 6.172868366211651248e-01 6.693096155982226625e-01 1.803711598513395575e-01 4.305722255918428276e-01
