4.186966227722621614e-01 5.852396064531729669e-01 8.218066305758676693e-01 8.556617804675985539e-01 5.567482670694967606e-02 6.959848920383626680e-01 4.976133929376967968e-01 7.732652151839536359e-02 1.912105761846781826e-01 7.502787697957689073e-01 2.327537121818968879e-01 2.508496194073650543e-01 3.809858305338197360e-01 6.908496191937060216e-01
7.873645708770110607e-01 8.331606954097861006e-01 2.691080510021647276e-01 5.393743442185515713e-01 3.743839208145604003e-01 5.987330498063895279e-01 4.366027944053543219e-01 7.320760079649329954e-01 9.659275417037576084e-01 5.214130903353149105e-01 5.198737513273121724e-02 4.844823860947677918e-01 9.257495696709283628e-01 1.338775024938972935e-01
2.822902830870983593e-01 6.922533281886305012e-01 2.572148717025388720e-01 4.734709609085407944e-02 2.531543998764814729e-01 7.269700353615997646e-01 8.913699985792400415e-01 7.027295497421568449e-01 9.765457620276856154e-01 4.355779172332187033e-01 1.254404437065789191e-01 1.453948317231257281e-02 4.450831559290314710e-01 6.717249199806393234e-01
6.405982158526721815e-01 4.434981406199151044e-01 8.739491775715849675e-01 6.408730528726895859e-01 4.427006065454707207e-01 1.897917319736321939e-01 2.163150960402306922e-01 7.010885477110183617e-01 6.361932874356427403e-01 6.415207094912551700e-01 5.293714813461221080e-01 7.783141616992327316e-01 2.225018846895384650e-01 7.174228918085612250e-01
3.710581367631895500e-01 4.732285536138777227e-01 5.992871594049709039e-03 4.166989951693980121e-01 7.346793536388411816e-01 1.957705400866035506e-01 6.837422332052649487e-01 7.185960592676868819e-01 4.320869148020461958e-01 1.430323733991727408e-01 4.362885707449730699e-01 4.624741124328473063e-01 4.316106515614298589e-01 3.374713048472786081e-01
5.454996645006681133e-01 4.981809915326030902e-01 4.744240333768841023e-01 5.338579189350085574e-01 1.923953273498822947e-01 8.059824510496008676e-01 2.852022278409409584e-01 5.215295827378423343e-01 2.909710646887818664e-01 9.637478220245698779e-01 8.170837832587286576e-01 4.408767191813073305e-01 9.983347027558245879e-01 9.813788367607066965e-01
9.055507990805070628e-01 6.967376897534003355e-01 6.546427170027624420e-03 4.266863379534593381e-01 3.876360243631922220e-01 2.017449000012235816e-01 1.006746264686837478e-01 7.374333442688607576e-02 9.869838586550239157e-02 5.929266468548033409e-01 1.142925162936766492e-01 8.659262212409011283e-01 5.675290760795692613e-01 8.932321288973225082e-01
5.599190775677325149e-01 5.981788351098533685e-01 9.554608546083442899e-02 9.569420953769722793e-01 1.571887898984384302e-01 8.197773899435566447e-01 7.944950867455489174e-01 3.205578409689041619e-01 5.892244911757656967e-01 2.893490670919558472e-01 3.241221915327846537e-01 1.391046871118731820e-01 1.243301959454500283e-01 8.715422326856129276e-01
3.964183987150370347e-01 8.967964487253626826e-01 2.598573402769233098e-01 9.346626806797700970e-01 3.793907745958815525e-01 5.581149807565543020e-01 1.330332070318520632e-01 5.807180953754862429e-01 5.431750525809964092e-01 8.550737241117921661e-01 2.479975286953598479e-01 7.535678440685815715e-01 2.814916935244542451e-01 5.845663099438592747e-01
4.641936797190693298e-02 2.747058004783959895e-01 6.745572689382278719e-01 5.054959818269036953e-01 6.794750882510923740e-01 1.803354925454568880e-01 4.782679076520977013e-01 6.779900578947749556e-01 6.810173370721270825e-01 4.980354508259242641e-01 5.562737656819032317e-01 1.612650093633880566e-01 4.661487890246857058e-01 8.663374209845873253e-01
6.576317797758246542e-01 3.695131900652746104e-01 6.023495527983060427e-01 2.137211527404169198e-01 8.771284908597620777e-02 5.786583556354100155e-01 9.084460618396283937e-01 8.120156579375019668e-01 4.138035080551356604e-01 6.713510992674172062e-01 8.705874147238275018e-01 2.913753726140050349e-01 4.344740184415638584e-01 4.384162872186019300e-01
1.308743751521814769e-01 9.836168044696425028e-02 9.874889042718973942e-01 4.062347310781445620e-01 4.657259549739756199e-01 4.193314283034780265e-01 3.995143452099777504e-01 8.074281064059292135e-01 7.984117345784391695e-02 8.144174244426817255e-01 1.756882704768214509e-01 4.129919675283046931e-01 6.483643095277491497e-01 1.830268350342617589e-01
6.575744501671899611e-01 9.135975841780463735e-02 6.545955177095257316e-01 4.807467015919187903e-01 2.192127109104908822e-01 8.208406814049555855e-01 5.787186024548834906e-01 8.719888495014479490e-01 7.921312635213982878e-01 3.409725551225758489e-01 5.099459998639346292e-01 6.992901581700140534e-01 8.144156634886767776e-01 5.773248092894207595e-01
1.550802247275041568e-01 3.736812658012803601e-01 8.204449726179491309e-01 2.835451266261670433e-01 6.668115621277004301e-03 3.011858358718429995e-01 3.192069167420762410e-01 4.157314632266462251e-01 2.552895638426714298e-01 2.152138013592570509e-01 1.584128170809262492e-02 4.714129408182201608e-01 6.310195815748957937e-01 6.565597088859511654e-01
6.538059965598687073e-01 2.855109677434537474e-01 9.441780854718890836e-01 8.972422740467563829e-01 6.761215076392970147e-01 2.034921949458166068e-01 6.779926635717362648e-01 4.225974104125651554e-01 6.448808825105711851e-01 5.925563547737356940e-01 8.643068219571059529e-02 4.685352082454925515e-01 1.158251646767693988e-01 3.804344024163104354e-01
3.169612902498507578e-01 7.156332549348045635e-01 8.091584974854254542e-01 1.325484708203721329e-01 1.958622125548957760e-01 2.718533642639138215e-01 1.428678668612968217e-01 3.358628115697808170e-01 7.751515999126687984e-01 1.274576166453377235e-01 2.673277586597697653e-01 1.057613424778054423e-01 5.658954722257508729e-01 9.989418106955327836e-02
6.039833960744858121e-01 6.078647932199834347e-01 2.049872059864117357e-01 3.881115895187148279e-01 8.627794296325966839e-01 1.224135656396976302e-01 3.369043544416412406e-01 2.037398437883408686e-01 4.365125007567038917e-02 6.291130746669603147e-01 9.399640038648268137e-01 8.005500868787714941e-01 4.482502233922832646e-01 7.873522418990963612e-02
7.726326921611050835e-01 1.566379038795078227e-01 5.461801759941435908e-01 6.966160076694973835e-01 7.699744627447324685e-02 7.121885991569516516e-01 6.217568538257447486e-01 7.320752546866048371e-01 1.340122202171986077e-01 2.383707297892295740e-01 5.279493185085302187e-01 2.406763253497485877e-01 5.460074135317192212e-01 7.384829541690252075e-01
2.338041821090107719e-01 6.027082539917461013e-01 3.563784452372975586e-02 7.700978502720723373e-01 3.488480643471726372e-01 9.138961497085061891e-01 8.766290687292456196e-01 4.405116277085673326e-01 2.727686000218230156e-01 7.004843703646530528e-01 4.605857500496080004e-01 3.076878566516834113e-01 2.820287178514793158e-01 5.603276775308911883e-01
2.238543855130228355e-01 3.899612304481226976e-01 2.795767913482695155e-01 1.711442374984479819e-01 8.417984182595257270e-01 7.765426346479897823e-01 9.517486676004993651e-01 6.181568212898423953e-01 5.152382364519109137e-01 3.299863233297565257e-01 2.361700364966146104e-02 6.002712027665875194e-01 1.542257778054039186e-01 4.522258390005811091e-01
8.468244776792223094e-01 6.210386879614918643e-01 3.771837618427626992e-01 2.390349920963678043e-01 4.380588343905724713e-01 9.041798740854715133e-01 2.005939820325384204e-01 7.464699763472590899e-01 9.714186191138465265e-01 9.318739012286336720e-02 7.088559500915059264e-02 4.365981460438520534e-01 6.533816429526371206e-01 5.367100948431138274e-01
7.102683161317066007e-01 5.277700211131313157e-01 1.339012767112922608e-01 6.634223758392132630e-01 6.508122752785430176e-01 9.110083074735089159e-01 6.245374785734645329e-01 9.176724093504980972e-01 6.330442599148274896e-01 7.554157216960883936e-01 8.508100726757293897e-01 6.002688969559583088e-01 4.424019761883846158e-01 5.522242474815776125e-01
1.334962215683754838e-01 8.290923244432425454e-01 1.166862797372930638e-01 8.824416334707108067e-02 4.287115584915490718e-01 6.515201775615536706e-01 8.007805156368784649e-01 4.077206974113937177e-01 6.571546213062209318e-01 2.302828705798209974e-02 9.038694156618463094e-01 1.573977826928263379e-01 2.937300330598913156e-01 4.324055091101192128e-01
2.245563543699610198e-01 9.780241758145636899e-01 6.901649356797455725e-01 2.634509407318778029e-01 8.129150374437388304e-01 8.356262349027242520e-01 5.653183069398030058e-01 8.490474047813350023e-01 3.990933818723847448e-01 1.288327295462824429e-01 3.128364457490064865e-01 7.459458536115937122e-02 8.075435122631208218e-01 2.405770478064962470e-01
3.964356727296720617e-01 2.632895542120839982e-01 2.728208459467696967e-01 6.409616401894773219e-01 5.344318193557107133e-02 8.449849347691519297e-01 1.887279966010056986e-01 2.263905801880756741e-01 1.032660795520260466e-01 1.978839959651902403e-01 8.764218048780857417e-01 9.802642735486799541e-01 3.620233060702900962e-01 9.115893099653249454e-02
1.008350300979199421e-01 4.039017965864303283e-01 7.775763324852323910e-01 6.776116619428975696e-01 1.944555306278059614e-01 2.744431532633123672e-01 8.818808625722973638e-02 1.093403724257173693e-01 6.471129112633656755e-01 8.725752985434822584e-01 8.096633229398086939e-01 3.496701168047093855e-01 2.242444788969987224e-01 1.583992226219299582e-03
7.620028671192856651e-01 5.249324577549351334e-01 6.885601213524773501e-01 7.079558603012532370e-01 9.897152720492707889e-02 2.778426813489699443e-01 7.286563368745588853e-01 8.555837419198389915e-01 4.160052959652227322e-01 4.104154684935330533e-01 4.891090689525483537e-01 9.463552940338330055e-01 8.964495989534461140e-01 2.773608467700148239e-01
9.867383267925935453e-01 8.634532947125148628e-01 6.627995816182227218e-01 9.997120837762262235e-01 7.123867272249637672e-01 7.207505430294560700e-01 8.518736260690976669e-01 4.783145272549309546e-01 1.473652184837551671e-01 8.555073216308000106e-01 6.176352937985727376e-01 5.493435568295749194e-01 9.267164226649403647e-01 7.461607421422443709e-01
2.657329239382553165e-01 3.829335729096247087e-01 3.802400076128303885e-01 2.507677762512076081e-01 5.522588818358660223e-01 5.665493133381165336e-01 9.627186883814549123e-01 1.818091101273767718e-01 4.617247785329047227e-01 9.694680068011538587e-01 4.718677479628193838e-01 7.660043270838454710e-01 2.871685073481233808e-02 7.971597126938396727e-01
5.387720596738244661e-01 1.787477316951625594e-01 5.653545054220923127e-01 6.409747006542685366e-01 8.464819313285794067e-01 1.594129401228194798e-01 7.737122112623006087e-01 3.555886097459171058e-02 5.786285269417940080e-01 5.174195931736519372e-01 9.360991958760894738e-01 2.232671619407684549e-01 1.312978452716367928e-01 5.872943377340200666e-02
4.652698189719532973e-01 9.046945231387438779e-01 8.745776036158270372e-02 6.587755478766343931e-02 5.666092751772470182e-01 1.429963767088985316e-01 3.570558514140431683e-02 8.564317132026155743e-01 6.514286737349253009e-01 2.688046651595016323e-01 2.886738748979109648e-01 9.658315523385493373e-01 2.144873878057620420e-01 9.358603537713020559e-01
1.337713909379245614e-02 2.481314720400404905e-01 8.530303220687526222e-01 6.269152532928780053e-01 9.958221404555925860e-01 3.916868390946476319e-01 2.894628123193554448e-02 1.547352820275588181e-01 6.401547459110057403e-01 6.151238247082743138e-01 8.688781648367487342e-01 7.424811311995055396e-01 5.558718245406869540e-01 2.436623882615736036e-01
9.236971382090730653e-01 2.774867279137366305e-01 9.131117317257938515e-01 6.846938749739560626e-01 3.914023374115238596e-01 9.698310161869080348e-01 1.390890914367219899e-01 2.425295550742169182e-01 3.356076628584309107e-01 1.867785566423908472e-01 6.222962875028825724e-01 6.329967578570048214e-01 9.395040316030159877e-01 2.039741774877851244e-01
1.981834912501724277e-01 1.829364852911821160e-01 5.120684912524142707e-02 2.752425946122293299e-01 9.018975812274742099e-01 7.625751279716151965e-01 5.534524787030543624e-01 7.075279254329616130e-01 3.803942038521544999e-01 9.420523719099878068e-01 4.740596036866582264e-01 4.438021780968757213e-01 8.130131308819800173e-01 6.954050772835246308e-01
8.105232064499827693e-01 6.487487560846751933e-01 3.700511453099475379e-01 3.110149743996581950e-01 6.387749660618147196e-02 2.120391812157229605e-02 9.666030121659563434e-02 2.474158355632085637e-01 7.672068462242698228e-02 8.555449872023856983e-02 7.653713008651877869e-01 4.668561947520744049e-02 4.744540820755652755e-01 9.823615899845595800e-01
2.707208040820464623e-01 8.324038667817063031e-01 7.445944140761392438e-01 7.306645595993885856e-01 1.637830251854600627e-01 4.686362471948867237e-01 8.110574407368529304e-01 7.028209651768033694e-01 7.574406989357780340e-01 4.146213052181112468e-01 6.268877916128294814e-01 1.977210653529036799e-01 7.027764477395659348e-02 2.241007997163224630e-01
2.008311425464600619e-01 9.918994229955552244e-01 3.714135841615725520e-01 3.733179808088186169e-01 3.498611601366612422e-01 3.102254332016493032e-01 6.323360166361635670e-02 6.711145883035622983e-01 1.610245481420441438e-01 5.433623662988833480e-01 1.418038608506029252e-01 6.729261030731126247e-01 9.348997691840651436e-01 7.701972802960235231e-01
8.368136868197315614e-01 3.858225318203822862e-02 6.254908407929952174e-01 8.980434878529649501e-01 9.404493834196900881e-01 6.080385254662148409e-01 9.884701394528594420e-02 8.417010353035979664e-01 3.830809824254403084e-01 6.820479230547745741e-01 2.875707283504068679e-01 8.580001279433691064e-01 1.634296672473167789e-03 6.985372698244711742e-01
1.138704814765449935e-01 8.213602972287742388e-01 4.680679467899911961e-01 4.599656559005690371e-01 6.742320837102111497e-01 8.118403715353723626e-01 1.562080592673588120e-01 6.902965658936277560e-01 3.521141538811317639e-01 7.719653523803905459e-01 5.818486510868918771e-01 2.107960698898262430e-01 8.002365410298973858e-01 2.101639174555438583e-01
9.916963591005280021e-01 5.957617154943917193e-02 5.372674647684712035e-01 6.419917394269597510e-01 8.665408608878096830e-01 3.672877941215808573e-01 5.520783851988421143e-01 5.635716416628834269e-01 8.902716632242535510e-01 9.306295077196518051e-01 6.270639895013407905e-01 7.160159680272305538e-01 5.010540915954091457e-01 9.065695017686061785e-01
9.403711783207520103e-01 6.421348346529142104e-01 2.374761927058428590e-01 5.593597094015896332e-01 9.840355401666520674e-01 8.160214623686172786e-01 8.658438737611788838e-01 3.975056803084253687e-01 7.657659183302752970e-01 9.625301506511684257e-01 3.279636948243442873e-01 7.404989731453657242e-01 9.909690790835915530e-01 8.912088171742249543e-02
4.155577200341232791e-01 5.256151112005857939e-01 5.366817504677461326e-01 3.254039558254104847e-01 1.682970792700354545e-01 3.328882132925065074e-01 1.615923335197677613e-01 3.980889685982608173e-01 7.989878696919489043e-01 9.414393713887591053e-01 5.743621694366657371e-01 4.792945397539682961e-02 9.800972587175836859e-01 3.200495188827285897e-01
4.918397374337872829e-01 7.562617173170009810e-01 1.929489038724599981e-01 3.950169937761183192e-01 4.771511614674449619e-01 2.993988335173779491e-01 2.273195599516547594e-01 8.042512988509650240e-01 3.351549629327715829e-01 8.851992514321296301e-01 6.861483886574678559e-01 3.903256648619313207e-01 7.844382674390534271e-01 8.296162800789067537e-01
1.270727416279636701e-01 5.503775824586873977e-01 6.920355338084127617e-01 3.801159506639079089e-01 2.998731853127722946e-01 4.726853484391926319e-01 3.172555302971600266e-01 3.348796958297060034e-01 4.749197403461253852e-01 4.120359524465802004e-01 3.157853956250578076e-01 1.296921679805818073e-02 5.904530960531964023e-01 4.991524624022946055e-01
9.846103443252413046e-01 6.165673996790200784e-01 3.649136488222198826e-01 9.655196810405574093e-01 4.080051856297750579e-02 8.988054003645687962e-01 4.797717195861680439e-01 6.605144415884344200e-01 4.238937608562720616e-02 3.472511329103076250e-01 9.276476345224959896e-02 8.442767239760542441e-01 3.188653863712569425e-01 9.633837746341923358e-01
8.896127035763029545e-01 1.251739677813281659e-01 4.090776475765195430e-01 2.905209427214494600e-02 3.096813309496184718e-01 1.200438239806032037e-01 5.904206938941892746e-01 8.898149436517732713e-01 8.408040743238988091e-01 2.484128609414149036e-02 7.588661642103405880e-01 9.290863530322117647e-01 5.256605185691455295e-01 3.549171479416189934e-01
4.016015289038631364e-01 1.076451292115432334e-02 2.093995000913524418e-01 9.661154448209363643e-03 8.080604798704430491e-01 8.027605991094147742e-01 9.585273056791284718e-01 8.917133298781961814e-01 7.798100637019244052e-01 3.662972767275696206e-01 1.455086918353365455e-01 7.317419425472153627e-01 7.574218126631103720e-01 9.876307020605595843e-01
4.841078615152150100e-03 7.019491301090179380e-01 4.378724360530477089e-01 7.164433109264800592e-02 3.305242326299127065e-01 4.473261666109275003e-01 3.637385910059708349e-01 9.246584685477018395e-01 3.019275642499784640e-01 3.950894648194398506e-01 1.276851350062170320e-01 7.403465585605529808e-01 8.088127955585285855e-01 5.522087081489621685e-01
9.922801643331566890e-01 8.796149879352713752e-01 5.069742165663637667e-02 2.826223904330193992e-01 1.649191072678188874e-01 2.144996866306950745e-01 2.367512349986963249e-01 3.401379144909120189e-01 2.041755195733798711e-01 5.004734930346761423e-01 2.607353243504626494e-01 5.997618371213927491e-01 6.302009634541632099e-01 9.124592110061191530e-01
7.862926521858981666e-01 1.443000290639340211e-02 3.957145324270194831e-01 4.580194092140117412e-01 9.098072332668025730e-01 6.713947521677319230e-01 3.782915997738159897e-01 5.640941335547606794e-01 2.469331452306545716e-01 6.579960182084589881e-01 6.141004041790898427e-02 9.672129202806351023e-01 7.190156685477395726e-01 2.544173947878322073e-01
8.530973613058043803e-01 3.542794265018036626e-01 6.888055500049490298e-01 1.891378453236589596e-01 2.452221282241096034e-02 1.984988982629772858e-01 4.868898585018822667e-01 6.308690461956533158e-01 1.487774839838675867e-01 2.711896438028270628e-01 7.299852161252613492e-01 2.930138272480306005e-01 4.117584755134570118e-01 6.853710586693427809e-01
8.380784860364135502e-01 7.992269978376863593e-01 2.500098393720314727e-01 9.993296518357377423e-01 4.646646529997402464e-01 4.951091343089002450e-01 5.923460424079832753e-01 7.197788119737824619e-01 9.477421580259522971e-01 8.613711877149836660e-01 3.545971853528525619e-01 7.209337544777709716e-01 6.823360934291092805e-01 8.057765965868003422e-01
1.784136350273665128e-01 8.712933874026288494e-01 7.874829261934664926e-01 3.558590340898419857e-01 8.781320051726063669e-01 4.527379433343300397e-01 8.425202597946800376e-01 7.693232584744017499e-01 2.869286507485906412e-01 6.641986721015041839e-01 5.274655026411785297e-01 3.334366558148751380e-01 4.955227456127080377e-01 4.103783338149715743e-01
9.602332975109156843e-01 1.428002344997818529e-01 6.298967670684063602e-02 8.907167299271874228e-01 8.156864591561745481e-01 4.391385587410884250e-01 4.580199198838830199e-01 8.785444802617917714e-01 3.087397120152065577e-01 2.869860306816304218e-01 3.051837870331821634e-01 3.886923056573300395e-01 6.272115099576689445e-01 6.076239905254743334e-01
2.338050457175199215e-01 5.567849578593943027e-01 6.446199929487744784e-01 6.913384752522196974e-01 3.618450971187976428e-01 7.687152661961974554e-01 8.135440566000391449e-01 5.306709356001919620e-01 1.467127732686474006e-01 2.141749565826951418e-01 8.174449579920740616e-01 6.536142780525189266e-01 6.415848885557641212e-01 6.624625464926292562e-01
9.845595778802107567e-01 1.109802063719868004e-01 4.899086161160050024e-01 6.766395303420630336e-01 2.961279720351071010e-01 2.235985554050805568e-01 9.248543951347154568e-02 5.470726841987249012e-01 7.562643344133568313e-02 3.015054768883053127e-01 8.463711103097990573e-01 1.103669834513575365e-01 5.553961197369171598e-01 2.188585308546739938e-01
6.096634372164198012e-01 4.678258166186453071e-01 1.770734807240815778e-01 6.225450154598688446e-01 3.372751137705712887e-01 4.789800868855740301e-01 6.307236287452621104e-01 6.382130598752305817e-01 7.493405790337637207e-01 2.100440331719880538e-01 7.538498947723382138e-01 1.098840990508550552e-01 8.470899783046481613e-02 8.746360346036731181e-01
1.691972907817744787e-01 6.604529964173322387e-02 8.438338270594216706e-01 3.896370700897888728e-01 4.757272595510897428e-02 8.772355685049370022e-01 7.783429274396351794e-01 5.513492265123611791e-01 3.182619955523577904e-01 9.285928153969769117e-02 6.559421245807268708e-01 1.435136567146559905e-01 3.989891972164089085e-01 9.153375642905742238e-01
3.956995346448036743e-01 7.945224259861777272e-01 9.631814166018715095e-02 3.570400401504030263e-01 7.638680107318196466e-02 1.902475211603126271e-01 1.635035742815019733e-01 5.461746850634897621e-01 3.386458927898207127e-01 2.355915394634771065e-01 4.463039885508289784e-01 2.528331090784957658e-01 1.873061343615862739e-01 6.393968415816200235e-01
3.401862696777642192e-01 5.072558087751575240e-01 7.121316081138965304e-01 6.484859712690030920e-01 1.009640692633954062e-01 8.558126222432663743e-01 1.699342205678957551e-01 9.741339410249695296e-01 3.441548909355808261e-01 5.755242469770590619e-01 4.138969718695129085e-02 6.865418799645552905e-01 9.487548019774857400e-01 6.238976180316830877e-01
1.656598168491451029e-01 2.017675273437963268e-01 3.941749282530001564e-01 2.533179791739548214e-02 9.562621582101438200e-02 2.180199905761337487e-02 8.395455910085263262e-01 7.697750375222419672e-01 7.138038687579530972e-01 3.964742881564486954e-01 8.173139226986002592e-01 2.443978586877190162e-01 3.978712185488501030e-01 4.852124504166854813e-02
9.572224568913859644e-01 1.697250560727253665e-01 2.844178061106007460e-01 8.971437014763146145e-01 1.673479127354877694e-01 3.447415041755561571e-01 3.779606699803317316e-01 2.073604162810478435e-01 5.397690150290054278e-01 9.358713958353542806e-01 4.056137634931346048e-01 1.240853287869653210e-01 4.474435119707620423e-02 6.959926051190420404e-01
9.297309453636705134e-01 8.999985329664920153e-01 5.002671062211563324e-01 6.628550706107902979e-01 5.706548586342388152e-01 9.762541403641217252e-01 8.917630908275464563e-03 7.170633197907234635e-01 2.211962819663233493e-01 7.192135059816380238e-01 8.602921463097810140e-01 4.227954479529374421e-01 2.027082287919723669e-01 1.856764697171310319e-01
4.225174385957961576e-01 9.647849478797576595e-02 3.688165213269238851e-01 9.232842038752759883e-01 3.373366439319378518e-01 4.068170111837124958e-01 5.485268261359163011e-01 1.999323585462231545e-01 7.563363040767402401e-01 6.545156356188449598e-01 2.834453256121650666e-01 1.606606707403293033e-01 6.630244191222443018e-01 3.438112079479732630e-01
8.896166947687241811e-01 6.268147400881287634e-01 5.400156112078073889e-01 9.360412539759693784e-01 6.643941452594037678e-01 4.002585039559888314e-01 3.280597989140204840e-01 3.149790618257742869e-01 8.410379207941858226e-01 6.262972495173586562e-01 4.764363164714302545e-02 7.693866006792426937e-01 2.313486880550696956e-01 7.479276031274275649e-01
7.229165899269178741e-01 6.005237399248359864e-01 2.376612404439915061e-01 7.605638299589324580e-01 6.540445363437664694e-01 6.913977923503200618e-01 7.429746634485063783e-01 8.863507949636501015e-01 5.145331592959985212e-01 3.588163287272981838e-01 3.959283827871714623e-01 4.623627282312122722e-01 9.544807075012619046e-01 1.097784344890695429e-01
4.977526396373999074e-02 6.496908731951872573e-01 2.312928617499685480e-01 2.433411095766522259e-01 2.448923903891806475e-01 4.735213368767614561e-01 5.899485679214507838e-01 3.717333903964304964e-01 1.041542723239993196e-01 5.301768424630985965e-01 1.276744149179893650e-01 6.709048722242283436e-02 5.168884056707377939e-01 6.893106981460336291e-01
2.195690433723115342e-01 6.839773742639624343e-01 3.179627368377563323e-01 5.547586989439823313e-01 2.390063052638990992e-01 5.325004065966143507e-01 1.001954393472724858e-01 2.784419011551300116e-01 9.928929892664052348e-01 4.782485123251396519e-01 4.407224410054372266e-01 5.853520034544207329e-01 9.261358804633457176e-02 5.780063594005035998e-01
3.059217836983352257e-02 7.362021439586365901e-01 6.855567350345992406e-02 8.367004296097683147e-01 9.569581117054417607e-01 5.734633527694058541e-01 8.255173251186409544e-03 8.728023357586803810e-01 4.301738333025324490e-01 2.367088351452178996e-01 8.451670605864122221e-01 2.011779767275054809e-01 9.602486039857961453e-01 7.727731901116697832e-01
8.385406595079607506e-01 7.225430964305391557e-01 6.290667991921364832e-01 6.471675350086778522e-01 2.010334697110351954e-01 8.665017336040479190e-01 6.097454146459631019e-01 7.802169839519330630e-01 9.996083635403563150e-01 7.755193936731016313e-01 9.366175256137593275e-01 4.194326007880141427e-01 2.366342754656522995e-01 5.333849834810027168e-01
6.790851663086729939e-01 3.485421169830603683e-01 6.367144561965284444e-01 9.690669910207720950e-01 5.485124191343632161e-01 6.095704312305333383e-01 6.236224904649880774e-01 8.803468988599911782e-01 4.182981524122345585e-01 2.853983277284222186e-01 1.595699624567517017e-01 3.530036453986239442e-01 1.536082597540777694e-01 1.821395819144281392e-01
9.733640757990312808e-01 4.334796347847996723e-01 9.118054128569199612e-01 4.179380964187052738e-01 4.552565881849738316e-01 2.798278025302203265e-01 5.354413769474590801e-01 4.880827562478968762e-01 2.026011429498586480e-02 6.871762244325995139e-01 6.892005555105013004e-01 8.966338374026338043e-01 6.939816729680754470e-01 1.405633505162651176e-02
9.434896017969593984e-01 1.943580225174345033e-01 9.748086583280030082e-01 4.478195270985694254e-01 3.858608463495316609e-01 1.103702261041165089e-01 5.633595060081435513e-01 6.211564486333986945e-01 3.177653008742459262e-01 5.221788299600770289e-01 2.501414320990320572e-01 6.519913451614075539e-01 6.848493308688121672e-01 4.414872382259275030e-01
3.268904196128930018e-01 5.292622338096758527e-01 5.037253748271575127e-03 7.611005960379070290e-01 7.627920417533732289e-01 6.760106818042572741e-01 4.767971502947958573e-01 2.141396375218023174e-01 7.540881696863654948e-02 3.849492571104466965e-01 4.514072506097857040e-01 2.104464167599404689e-01 9.413267984028084179e-01 2.671508710953743870e-01
2.873472599850025455e-01 6.093549233692390210e-01 2.500471923656499840e-01 6.957649069262532571e-01 1.668723464284750380e-01 3.752811349830720289e-02 8.327201538088924160e-02 6.173724336183267214e-01 5.870081173446163314e-01 6.674630443686747627e-01 8.218925465284866450e-01 4.107077462222057385e-01 7.788661220134404095e-01 8.104530686889191982e-01
1.226712166098851142e-01 4.997300030831365314e-01 3.962129175070987497e-01 4.306917164043300161e-01 6.739972567952734472e-02 6.202274699816058279e-01 2.158186711434845195e-01 6.382230983669581192e-01 2.768418210580767536e-01 7.709682346289128407e-01 7.578191949932396865e-01 9.108358029229091102e-02 3.165824123278270230e-01 7.526854348296109221e-01
7.977333669538656524e-01 8.096779090348621422e-01 2.775585840987463415e-01 5.662368029811417625e-01 2.197762878900462180e-01 7.553738657500835840e-01 1.291124899407504190e-01 8.629276695192986679e-01 1.254736391996172928e-01 7.970281426284014925e-01 3.071754908947089691e-01 7.948251775404018282e-01 2.206524873969923917e-01 8.932252608657097470e-01
1.115420432374606419e-01 5.287752898747641872e-01 4.576648418576645394e-02 8.505359449961823470e-01 1.252786233493393686e-01 7.531262816129347115e-01 6.124427629299418196e-01 3.210950647978841888e-01 4.478420248431167483e-01 3.785842564557919676e-01 3.393137521806375290e-01 3.145720166518592986e-01 6.953177178423800564e-01 1.359903521175700458e-01
3.791155358004396625e-01 4.805309974790317185e-02 4.332579046842570669e-01 7.953979317840197405e-01 2.221930480430784893e-01 4.122088502168145263e-01 2.631644721200239179e-01 5.037220340761214832e-01 7.905209986123804544e-01 9.679183514260597532e-01 4.602188824717639015e-01 5.727308965267408070e-03 3.445265470563301236e-01 9.340008859975141853e-01
6.631208210527714808e-01 3.160327217918764697e-01 1.601915464156370428e-01 4.593890893960483890e-01 1.910704790813045895e-01 7.116519622288546287e-01 2.727323887914867573e-02 7.734065754509067414e-01 8.811808532746653322e-01 2.880185212547693441e-01 3.077461451579537322e-01 8.007353505297951646e-01 3.121012912589179455e-01 5.687702838879843403e-01
5.006060607071760593e-03 7.096607908400029974e-01 8.125084119504507596e-01 3.262966396406512537e-01 9.634565994304827852e-01 8.122981529547905755e-01 2.347743837972178227e-01 3.649315015919418759e-01 5.302916876739230956e-01 9.269506153743407584e-01 2.390862549087154898e-01 5.094137203471769126e-01 9.893108121974105718e-01 1.757105589566860804e-01
1.437821587399833456e-01 3.571291131734675162e-01 2.678207112934987144e-01 5.371714916503282922e-01 2.867224578452016726e-01 2.050470570813696103e-01 6.749686288941809664e-01 5.802715511928798753e-01 4.094153302578339426e-01 7.294969023807887920e-01 7.916406604833738925e-01 5.118897388697235540e-01 9.885879351520318048e-01 8.416042707643662801e-01
3.939324994754994647e-01 9.198164007584230806e-02 4.021815578233436383e-01 2.169190331262892402e-01 9.238488458338800502e-01 5.044541239337303473e-01 6.751842757320999366e-01 4.793303881274856293e-01 2.018476294350747269e-01 8.832055739894798529e-01 1.020421092245658024e-01 8.636499992359869537e-01 7.811981870031914355e-02 8.187903442068603654e-01
3.632824198285229400e-01 8.180524896218110964e-02 9.692880621935873187e-01 9.138569346246981917e-01 4.652471595877513133e-01 4.880531837891128877e-01 4.808201749012495085e-01 9.906623664174648569e-01 1.087850959400136208e-01 5.581517934949122850e-01 8.570929562084041997e-01 9.728409320949615857e-01 8.004671124612597888e-01 1.583321052073196622e-01
7.004720023654354977e-01 6.762179594612731659e-01 2.246077505566979049e-01 1.135856713659615380e-01 7.768522119744104559e-01 9.329509819409853577e-01 1.726804421646965793e-02 7.696443951727864885e-01 3.962803461932985494e-01 5.835868372391371794e-01 4.594613275163500488e-01 2.791960256463740242e-01 1.450734842641620004e-01 2.759219826894790950e-01
4.947329242443041508e-01 3.083072954104916219e-01 5.876103196977083831e-01 2.875845009524611307e-01 1.021454552814178296e-01 8.619082137491127504e-01 8.410098296243000426e-01 6.442711291912095461e-01 1.072476678172281650e-01 7.657958324087847934e-01 9.689671659867156173e-01 7.047145193842461186e-01 6.911197334019963945e-01 2.696920247803036297e-01
5.505151496306668335e-01 6.403011589577356499e-02 8.379166592759197396e-01 2.676385997307937359e-01 9.314674071226070051e-01 1.751205406218833138e-01 1.485567166962370456e-01 7.599647473941029130e-01 4.772823448073832964e-01 7.934180321505289735e-01 9.419943914598289947e-01 5.727136708141569166e-01 1.794060657957621263e-01 3.032258078944637392e-01
9.038280329797225843e-01 7.639452617528297296e-03 8.669447915470920307e-01 7.652206399485889099e-01 1.428683525202183446e-01 3.964729395809851731e-02 5.424635491419070865e-01 4.535334455648221130e-01 5.075427881341344483e-01 6.356458417899737423e-01 7.189600430268062725e-01 7.062477412474672533e-01 8.708902417775059579e-01 7.475526558440459546e-01
5.743449718412541039e-02 2.166318293583157084e-01 5.705531904118040787e-01 7.231331263702772683e-01 1.984337374467929349e-01 8.982616567965527876e-01 7.452189715990330532e-01 3.206411251828737985e-01 5.592894139451730640e-01 1.327031980809114664e-01 1.043686193621086167e-01 6.972457557332645273e-02 3.614564748908176695e-01 6.940946979468012312e-01
2.295692995390220537e-01 8.598177284904744422e-01 4.041401558602841781e-02 9.699921144195619016e-01 1.622336590654896993e-01 5.831592515802405119e-01 3.288320158691098172e-01 6.803993595642372494e-01 3.364760533482613614e-02 7.022325462007017460e-01 5.305378051060125610e-01 8.621598054699681768e-01 9.974461920133032011e-01 1.495835141833807835e-01
6.929490847178613189e-01 8.367456230273121465e-01 1.256689921426192846e-01 1.463829659897994961e-01 1.447929380970277569e-01 5.075278065101401781e-01 8.924229876023233032e-01 3.047975992897112851e-01 3.331868515238446404e-01 1.781901327522160683e-01 5.439236485787557474e-02 8.222802477694923784e-01 5.851532079358245930e-02 7.099045403347298278e-01
7.632157206674122785e-01 2.125909587129997114e-01 6.954840996101835371e-01 1.504850318456295577e-01 2.429400709454202500e-01 7.627108576284220565e-01 8.829378107163166067e-01 4.336628734030822940e-02 6.348237150112738814e-01 2.835500390906222634e-01 6.480234644330348237e-01 2.897380048652103968e-01 4.498357023250505460e-01 5.205468014702511192e-01
2.235765874840119904e-01 7.396581210137550544e-01 8.275349409075378748e-01 6.651830985813490527e-01 6.270954176531932101e-01 5.166496126333214312e-01 3.117173105777585329e-01 4.664323290361256369e-01 8.187466164544550118e-01 1.441710586936416627e-01 7.610812498327017561e-01 7.933304540137802174e-01 2.192101993381592173e-01 8.529476474287904786e-01
5.812861232169591608e-01 7.050459249917581106e-01 1.194348113679494228e-01 3.295005364551746307e-01 5.253439969942835797e-01 8.849201146983176614e-04 5.597241930212595307e-01 6.113922575451905539e-01 2.697662896378543174e-01 4.518565936645805303e-01 9.169241445704680027e-01 9.179902110379662972e-01 2.418302936899456856e-01 9.011091943289746276e-01
6.733318627541106105e-01 4.597192143419533972e-01 2.873539420269474176e-01 8.798929132182112811e-01 8.518869892830842616e-01 2.158908901756751986e-01 9.881999061432775733e-01 1.617182949878298581e-01 3.696303567681381574e-01 9.841645607923430461e-01 6.019845105634433757e-01 3.803933981352441984e-01 1.641607421083242091e-01 7.459563872360867043e-01
3.379206869776073541e-01 8.269780342128217887e-01 6.164709908627821200e-01 5.589385557044548314e-01 3.800048441623876672e-01 9.237319054795485318e-01 9.066953148417585817e-01 3.080201662001996743e-01 8.776100604255022697e-01 4.067704310183484218e-01 5.487857473916489814e-01 4.595444360302226583e-01 1.715332991813349750e-01 3.082713728111636797e-01
2.776992754200093838e-01 8.694451779565476324e-01 2.881882749225251894e-01 4.049968615848831277e-02 8.535309609555301602e-01 1.401996111686820701e-02 1.865067692532900168e-01 6.745548276137403043e-01 5.855446637507912833e-01 8.891112170798010084e-02 4.687247908199488888e-01 3.444570212262515474e-01 8.496349054840879322e-02 1.087041582024683706e-01
9.765160209376416711e-01 2.778287636293785834e-02 9.510361202409922665e-01 4.978755609785334713e-01 7.631628418250975265e-01 7.172116442847934481e-01 7.445927795784063052e-01 4.831820761502944039e-01 3.234748989103249928e-01 3.837564196746232614e-01 8.343035133466426556e-01 5.633007372987284267e-01 4.169905515000225105e-01 2.056375878289163905e-01
5.662305202322478470e-01 7.052039902766191748e-01 4.235114988050573404e-01 1.996911231756082206e-02 1.040736398412298591e-01 7.540706232462847103e-01 1.818569515982593199e-02 8.829101644302816965e-01 2.831242855562391414e-01 9.314946039985583237e-02 5.702202965088990494e-01 1.462356080931210833e-01 7.082814484556559931e-01 5.260014224322417942e-01
8.749460005161946441e-02 1.785749621611354421e-01 5.147853805218040035e-01 5.382450912916655339e-01 5.890127011778264476e-01 8.432865345173365945e-01 3.238469643419561450e-03 1.645147256388268531e-01 3.350490934934278187e-01 6.207812798756957573e-01 1.365158478988313107e-01 1.940309623969241892e-01 9.906869881684383650e-01 8.205602007115503360e-01
