1.815808199117825428e-01 4.746195437205534828e-01 2.841945367012391754e-01 3.000691894132963000e-01 3.563288288850948726e-01 4.035562572081263788e-02 9.717166332336096835e-01 9.771689090763669983e-01 5.515387020565194476e-01 4.995935589284445921e-01 6.791911595116303380e-01 4.617710893984909859e-01 7.553651173804224461e-01 6.359953621430002313e-01
8.301876881589231871e-01 4.877127835236031439e-01 6.461456330420156657e-02 7.141369144462272889e-02 1.514338237179665425e-01 5.281405389364004499e-01 3.655747625635412668e-01 6.977747180094572288e-01 4.977290460128435123e-01 9.862607118296649045e-01 3.330318713709794487e-01 1.976341941746052600e-01 2.882171276063305587e-02 8.742039480395221718e-01
1.727506797890512313e-01 7.517415000173297557e-01 8.259611414788122774e-01 7.254878295286284473e-01 4.587009705260511883e-01 9.330042014671469097e-01 7.283551481805696781e-01 7.360810745267778454e-01 3.914699946892485904e-02 6.278408232713017512e-02 9.929259663321268192e-01 5.724461312972273230e-02 5.238690968984093255e-01 9.762438775270536606e-01
4.092467227009221054e-01 7.581096305969540206e-01 1.841751005948417674e-01 7.680444778179301712e-01 4.950870133398349582e-01 2.494075656750057712e-01 8.547194781109712647e-01 1.339473770141705877e-01 8.602053006315921735e-01 9.343470319261889534e-01 8.853562178165242935e-01 7.017684134943624752e-01 2.079948639310520431e-01 6.738886782711922541e-01
2.646546730734610220e-01 7.602478756781826386e-01 3.093698378580338471e-01 6.865048217361633398e-01 5.973439168076365435e-01 9.704120633610565649e-01 6.575229558022565035e-01 1.366156252627397372e-01 6.784880405349487109e-01 9.534303371373130664e-01 9.963825840878437479e-02 7.084491782120937442e-01 1.953079091946937629e-01 7.486197627705482027e-01
1.495924672105608533e-02 7.990341687310762442e-01 4.530626849821174362e-01 5.060079748507066988e-01 4.811700906788426435e-01 6.438197740222045828e-01 1.833299138415779295e-01 2.077782492200713760e-01 2.215032874082395464e-01 2.080518427201361042e-03 6.796769639538556840e-01 2.596371770901618747e-01 8.932724982022433036e-01 8.443009485092436428e-01
2.666044804443856719e-02 4.949133204368886263e-01 9.348469092263635982e-01 9.162679029287602583e-01 2.574996973698128189e-01 7.517345688455339126e-01 8.362261419801323425e-01 2.884587061212804393e-01 6.630904649687775487e-01 8.061612065226353430e-02 5.503294413002034480e-01 2.777676053366745501e-01 7.618227968829004437e-01 8.684151474599643983e-02
4.327361973980714538e-01 9.005452281955179661e-01 9.517668311667396575e-01 5.452992565929623003e-01 8.745412554948138739e-01 5.962361723042112205e-01 2.410733445117931861e-01 9.038166887642409275e-01 2.894945567045128509e-01 9.883427211637322296e-01 6.572435181578697438e-01 4.022249196874808641e-01 4.209187781600012279e-01 4.796044702369657298e-01
6.791431758529408169e-01 4.303036053394697635e-01 6.902078363022848828e-01 1.880027398130206251e-01 2.860513384855506436e-01 9.167672000591077230e-01 3.953000502683273742e-01 4.874613370757583386e-01 4.815600994047714023e-01 6.321213886324745790e-01 1.155057055611586891e-01 1.190392270058632240e-01 3.937076966548334056e-01 9.822304604200293721e-02
4.410756722110359407e-01 4.180387978197889209e-01 9.411660543497880616e-01 9.371230617325889689e-01 2.867016946943592437e-01 3.097098377173461703e-01 4.512167890116179914e-01 5.686782195393987882e-01 1.277365046545253513e-02 3.523561833265630439e-01 6.848304538838820843e-01 9.898060370274873732e-01 6.735050076795129348e-01 3.421329755916123760e-01
4.555264405858391319e-01 2.973306835512553592e-01 8.099648084998560815e-01 4.335011913495101510e-01 3.988568424781873123e-01 2.499588980311926445e-01 5.363049588032701154e-01 3.302107719947258158e-01 5.000720178803580440e-01 8.405715237032085341e-01 2.376929754350165513e-02 7.704931824927407913e-01 4.822979368746688200e-01 9.263280366577997249e-02
9.769971527534770939e-02 7.747735900375859464e-01 8.620282174740201420e-03 8.646094178956867937e-01 5.813571323089066212e-01 3.632932176054648465e-02 2.425758896106383622e-01 4.294344488760151179e-01 9.737665525034453484e-01 3.342392796316748793e-01 3.138031342708039739e-01 1.343296625608502159e-01 2.196296924644240978e-01 8.693972080283333126e-01
2.799180777672387599e-01 5.271045953687074626e-01 3.407552327319099961e-01 2.991176305013650838e-01 8.080933671588208522e-01 7.757405141605354659e-01 4.556154044162202821e-01 5.264790174178574089e-01 6.484017038209988204e-02 7.467947709722171368e-01 5.405141251529349544e-01 6.792231997351743100e-01 7.083132901643119927e-01 2.712788790727534982e-01
8.154662215718190277e-01 9.088255752093981066e-01 4.865894156520340630e-01 6.921478319340546026e-02 5.608441409728331939e-01 8.365655131958615875e-01 8.510461922586415318e-01 1.629797960249904643e-01 7.922442273216973030e-01 1.023174743587065283e-01 1.221273727630588501e-01 2.292933813788626818e-01 4.022486345336531155e-01 2.776702103313974934e-01
8.090870920758255203e-01 6.612420393050990608e-01 2.960442056728955773e-01 8.025737876135208282e-02 3.310431016557107142e-01 3.015603948538904122e-01 9.191049799520685237e-01 1.898208663459740597e-01 8.009405530073701041e-01 3.737473494487961734e-01 1.709266531881850071e-01 5.479021645121588957e-01 2.062692801112714358e-01 1.932418741367536441e-02
5.103885015603134567e-01 6.750066141652909524e-01 1.326728987098340085e-01 6.410648854355749382e-01 3.259817593268976577e-01 7.183227344257137048e-01 3.282272019070262559e-01 7.902335849526108680e-01 9.133199174465004289e-01 8.148585822188815220e-01 4.799839675204709000e-02 9.818291599162870531e-01 1.536304971333773972e-01 7.783556911333234796e-01
1.611097397361036521e-01 5.360190245555374045e-02 2.832166697842787295e-01 6.484041720137324605e-01 7.451781817690197318e-01 6.744738091890473131e-01 8.832367097377946674e-02 5.525477366606692531e-01 2.118229537389941797e-01 2.678187841100818645e-01 1.251212313175252833e-01 2.357727628851108426e-01 3.369641626641411980e-01 2.442493411147494964e-01
4.801827127566282716e-01 1.180878160974190294e-01 2.282973056465369410e-01 9.600416967171894189e-01 5.433411623369573951e-01 6.123083232687330790e-01 4.426766523553229415e-01 9.419158738039764556e-01 3.262202744150998202e-01 2.259944751307582100e-01 1.101180022333525521e-02 5.975342699989497630e-01 3.911061118555286820e-01 7.238244065280464712e-01
5.990002822625032364e-01 3.170598298996466502e-01 2.122690901885949666e-01 9.078920149498558301e-01 6.713244626892119760e-01 8.560162675175664315e-02 7.316926510849547372e-01 2.717520829155807283e-01 3.306788207730183560e-01 4.776860553009971699e-01 9.923817848681687481e-01 5.994263797415017025e-01 1.962370065276417552e-01 7.174978294596533468e-01
1.433222028526420777e-01 4.546666073027484378e-01 3.734684358670842252e-01 9.164169790885550171e-01 1.066847838380171609e-01 8.535741792247950599e-01 2.665883940156255072e-01 6.389686352805145075e-01 5.619960614813888089e-01 2.953573537593845444e-02 5.885331734616581212e-01 8.345228317552045860e-01 8.179029327026428042e-01 6.981762242917720629e-01
2.466477920272968083e-01 1.395634178966169703e-01 2.203206939604802628e-01 7.273944519992681101e-02 5.455406636352829741e-01 2.932601719385412586e-01 7.654986002076047402e-01 9.944156626460440851e-01 3.227028486009186903e-02 9.385134374657155831e-03 6.468960785957181825e-01 3.975073138165308162e-01 8.367444007063965516e-01 1.155581630304103324e-02
1.618602008415522819e-01 6.443679667917315834e-01 3.893419517321097256e-01 3.781418377226068994e-01 2.836688332031737092e-01 4.551619572593802454e-01 3.220827145654505674e-01 5.825363638511075193e-01 7.523629422803709277e-01 3.164391863910961389e-01 4.048043401608754088e-01 7.771930606130723618e-01 3.996172228788097414e-02 9.625720479526967965e-01
9.861785500133382065e-01 3.602927319889631663e-01 2.907940692062305210e-02 5.610993323568952418e-01 4.663851559380459699e-01 1.002022486395476308e-01 3.364348878017663358e-01 4.976907187254153708e-02 2.927371794720518006e-01 1.289714223974014473e-01 6.784207183978321343e-01 2.637485282354040672e-01 8.864186840468124551e-02 6.650799376668772300e-01
6.595921100008699245e-01 9.371316022083624464e-01 6.791985032984697579e-01 2.896244707176132138e-02 2.030075915296143396e-01 6.378117624477686043e-02 1.326426429019235131e-01 4.317798190496280331e-01 8.768798136101846330e-01 3.600069479841737641e-01 2.980491075803448631e-02 8.752660519503491221e-01 8.365333407899188112e-01 3.949195872526698459e-01
7.607589397912324358e-01 6.192107847413792499e-01 1.175647108861589407e-01 3.769184297873855449e-01 8.063774827021144009e-01 8.166707479625678889e-01 9.094124906267204711e-01 3.653252208915125365e-02 7.071745813579658479e-01 3.290685382382795288e-01 8.663963067320111788e-01 6.091358419566148541e-01 4.722770541245545628e-01 5.450524921825777858e-01
7.802406673237052281e-01 3.696055055523764787e-01 2.562433461533366597e-01 4.341300490247808064e-01 7.199329030591332668e-01 9.130231517536114838e-01 9.052019522543930385e-01 3.501290772290385211e-01 7.423293822386867191e-01 3.685460108580217442e-01 5.212560646255972596e-01 2.340964125184893385e-01 7.109272782690158055e-01 7.469732208904606985e-01
7.190474419105654658e-01 6.277820145217938297e-03 1.031363305340646797e-01 9.213342113836574532e-01 8.913544892466807035e-02 7.362748033526929081e-01 5.925603373142700470e-01 9.640521487960705960e-01 3.138280464818143933e-01 2.585897711437472601e-01 3.534538603895890363e-01 6.541319300103265455e-02 5.073406462399115968e-01 8.341662751314382618e-02
7.322910103981750130e-01 5.680505693393143041e-01 7.506640854832344889e-01 4.342715728392596564e-01 4.040638486795686823e-01 3.645517704887412114e-01 2.857557705346727150e-01 6.052590770576636858e-01 6.124365574647998578e-01 9.620045872292788403e-01 5.016570390675240132e-01 7.072134733897521564e-01 1.320750998679512955e-01 1.503213645001603149e-01
5.335919481109507867e-01 6.684393466764871894e-01 6.132702040193958037e-01 9.039449902388698721e-01 5.010765410689023147e-01 6.417596334463715468e-02 7.975704144109139193e-01 1.983163486792550723e-01 2.889881592942281641e-01 9.607717474842524252e-01 2.468297566179254998e-01 7.849486523432864793e-01 9.662734072617429337e-02 6.998309962184319222e-01
7.231109372350316145e-01 5.580087434754262832e-01 6.090379837825591336e-01 8.609556123898804980e-01 4.932256199047972967e-01 4.184964406944472470e-01 9.720380920803916025e-01 3.048836901134485133e-01 9.729682146519529340e-01 4.902186067358436095e-01 7.447234205852135691e-01 3.047155303702946405e-01 1.198874417652737723e-01 8.010282530974236481e-01
7.058016984802223392e-01 7.543231248533701638e-01 7.623002580982309873e-01 3.087597020615159282e-01 5.286976380729692115e-01 5.217656084008552853e-01 1.493002199555995002e-01 6.242450954964955390e-01 7.528038405219414919e-01 7.598403337006384151e-01 8.169982545139138352e-01 7.700612702513672803e-01 9.685514872045289936e-01 7.372781307378195592e-01
5.275650324880961639e-01 7.173159628132561583e-01 7.258076665384561865e-01 1.702761544396980131e-01 5.325116194210258724e-01 2.110259345892671057e-01 5.680361470446305683e-01 1.809033734704479368e-01 1.211319476053883681e-01 6.302765110111625546e-01 5.002287969787778676e-01 3.149324745377287682e-01 6.184920343588539149e-01 3.573978996564841637e-01
6.742172015563530074e-01 1.277236072033833825e-01 4.575583965129315089e-01 8.752264507670715066e-01 1.379524102190319290e-01 8.399809564791049787e-01 5.496654195566689216e-01 2.566177893300005675e-01 2.920598266367814277e-01 4.027064912652366102e-01 7.577126788692735149e-01 3.216511861973594399e-01 4.316496162685798943e-01 7.546713618683800195e-01
9.384911610436205143e-01 6.342945191640879665e-01 7.084468000288384193e-01 8.078528936893111245e-01 8.045828480079267875e-01 5.426809133800571949e-01 5.948654518864581187e-01 1.297428067908612537e-01 2.379788719710400624e-01 5.099069640165539985e-01 3.175656468173397862e-01 1.659141724456990596e-01 5.071385735684207363e-01 5.234131687012597567e-01
9.333672706300544242e-02 6.263752352494442732e-01 5.238066551512070568e-01 4.076010793717279590e-01 5.730726001618559051e-01 3.561757900636355334e-01 5.385727323835933777e-01 1.157596518695753751e-01 5.876063778257389902e-02 6.788608767334103344e-01 6.794122867268178600e-01 8.855603005089234259e-01 9.696818290874434920e-01 8.978473432797197118e-01
7.828056347284020333e-01 9.480182214280736819e-01 4.410266840270419264e-01 1.983313899378894574e-01 5.600909377943588119e-01 9.074380288981291898e-01 4.604039318105695999e-01 7.376207706637462058e-01 5.390853730298575952e-01 9.215031204523972397e-01 4.306241344411086969e-01 4.460405427728066918e-01 7.153457159144490651e-01 1.203538467939021528e-01
1.900150712276549303e-02 7.209350957406945870e-02 5.332440569450678236e-01 5.622674693142994951e-01 3.802970721579026492e-01 6.978579580832153795e-01 6.421423917593126474e-01 8.308833481437533086e-01 4.881325345757295819e-01 4.569182358694376944e-01 7.948510061564408868e-01 2.392467226240581057e-01 2.250443025454983426e-01 6.364176366946575625e-01
8.547237796202308280e-01 9.375630682400792892e-01 8.044081823527602371e-01 2.420983712269888510e-01 3.194934111812863797e-01 8.910453717751389835e-01 5.710459835756275249e-01 7.458371898661089183e-01 5.069249319161369671e-01 4.668214812210772502e-01 7.698399698769853305e-01 9.393936769470225823e-01 3.558920799669752499e-01 6.366169175002148739e-01
5.021033064025191006e-01 7.076624155014451523e-01 7.743503553198833878e-01 2.387083593793885017e-01 4.471318325740614164e-02 5.669634257843159109e-01 6.459956660019277042e-01 2.373612700559186717e-01 9.677186838160973803e-01 6.188314820985816311e-01 4.665674488921220942e-01 4.683991400929010673e-02 5.994086219202998667e-01 1.606175508493883353e-01
6.853530052399309236e-01 3.157498496725171799e-01 1.856047332961913154e-01 6.687053035494284758e-01 4.450899012463164217e-01 7.326247392379777734e-01 5.689504273404044632e-01 1.321591018720521538e-01 1.118213501255075348e-01 3.615494491717741177e-02 4.230403601338480479e-01 2.107029239411217780e-02 5.556263550541626905e-01 8.740100022619211595e-01
4.300368689569982195e-01 5.286217839248499306e-01 9.240388393491056895e-01 7.870588857649708503e-01 9.830653594000576811e-01 1.106190884978500710e-01 1.711158532428763701e-01 4.685205541373447247e-01 6.559680293890772784e-01 7.910738841286745204e-01 4.571149813750471358e-01 5.341757936960647157e-01 6.346255160224535397e-01 3.651245205160119633e-01
2.732940734271883665e-01 2.203741208845055866e-01 2.847776929410580360e-01 1.922791570410080642e-01 6.223856582823755756e-01 1.498992142841594211e-01 5.709241123680103280e-01 4.037073887881881262e-02 7.634278724915584124e-01 2.525597674744261001e-01 3.226232974862087710e-01 9.099418090696024253e-01 3.962375208775802404e-01 1.378338061544395199e-01
5.375924323456134912e-01 8.632080195753586427e-01 8.807751667495316017e-01 2.262531508735065033e-01 6.034793998946045290e-01 2.339989186734554583e-01 9.487231472263977228e-01 2.875765425106783235e-01 1.750913634407815778e-01 7.130273750554271261e-01 3.787516325533382133e-01 3.473049142077899720e-02 8.936089822582847786e-01 7.643919286187883522e-02
2.886917578706917897e-01 2.296057368998205561e-02 5.128598219063187358e-01 9.531738159801546040e-01 5.332920651956229996e-01 3.587069847818646906e-01 8.608823081118955889e-01 5.565978569718208480e-01 1.621594153773006086e-01 2.131524522827454859e-02 5.868265558503270585e-01 3.081664435147045689e-01 9.491498877130666312e-01 2.637756274908329424e-01
8.459036860511770506e-02 3.570496117142862857e-02 1.008778000095801319e-01 6.363140443680610492e-01 7.860226439749213867e-01 7.265203874456283017e-02 8.516682692627046691e-01 2.950242712563084790e-01 8.866632347023259975e-01 2.640924994287333627e-01 2.135672172698782623e-01 7.145235230542518190e-01 5.562074847837039648e-01 2.272452279822065879e-01
9.476101107725284356e-01 2.687514288702752552e-01 8.884704196408598209e-01 5.420699645921698284e-01 5.187838956781631872e-02 7.980048792596351470e-01 5.580857371200703687e-01 5.629001974558626165e-01 2.390784348176833163e-01 1.140882639250083708e-01 5.248472105645189956e-01 9.258324937122497378e-02 9.823656317656628278e-01 4.037938965596786778e-01
5.418049782021637784e-01 1.563140769218441806e-01 2.902745785295423042e-01 8.354651707765267110e-01 1.799490333086857241e-01 6.393990920701588809e-01 9.496761131315385462e-01 9.604518235406240834e-01 3.894054707189450459e-01 9.167011005161541659e-01 7.859259157370982463e-01 1.854426805678189849e-01 4.340905206044386455e-01 1.245383449109971341e-01
8.927068319853803668e-02 1.914051617860869081e-01 3.346181431265772277e-01 5.478631059773562129e-01 8.671069609486822261e-01 6.680299627337606960e-01 9.024271881947643070e-02 5.291586064711439885e-01 1.401454925584029176e-01 7.502687993013790191e-02 7.838958355149591162e-01 4.882192192545486975e-02 1.315293241175461425e-01 9.284146410907245794e-03
7.189947424141079901e-01 2.303773907658314135e-01 7.636075337536598617e-01 1.714807852427271406e-01 8.104800066642035006e-01 9.853883500303972642e-01 2.409417559292342803e-01 8.132351017289095596e-01 2.204860206748582296e-02 9.009814615761854162e-01 7.391878399606244265e-02 5.963546143396002419e-01 7.149706606418080312e-01 3.233007448624666269e-01
1.890401570360381589e-01 8.665030291375970251e-01 5.990359689988636882e-01 3.518509251573076480e-01 5.868617771678077411e-01 1.412964313717389730e-01 3.424330747690071952e-01 4.115494941006595520e-01 2.452233698445394072e-01 1.706705506042485165e-01 6.931425116840551626e-01 7.023575354690467787e-01 9.166838824383398698e-01 2.818417500199602577e-01
